Episode,Steps,Time,Converged at Iterations
0,63,0.24100041389465332,9
1,83,0.08699870109558105,2
2,137,0.07899618148803711,2
3,88,0.07999897003173828,2
4,68,0.11800074577331543,4
5,37,0.21200180053710938,9
6,84,0.1159982681274414,3
7,116,0.19701838493347168,8
8,84,0.1120307445526123,3
9,18,0.20450806617736816,8
10,51,0.1340029239654541,3
11,49,0.11251568794250488,3
12,94,0.22110533714294434,8
13,84,0.19498181343078613,6
14,55,0.11699533462524414,3
15,38,0.09205174446105957,2
16,124,0.16306805610656738,6
17,46,0.1910412311553955,8
18,113,0.21701478958129883,9
19,38,0.10902523994445801,3
20,80,0.1370081901550293,4
21,52,0.11354422569274902,3
22,38,0.20157265663146973,9
23,61,0.10397219657897949,3
24,51,0.12151265144348145,3
25,25,0.11400294303894043,3
26,68,0.2205674648284912,9
27,156,0.14251279830932617,4
28,30,0.221358060836792,8
29,67,0.08255457878112793,2
30,88,0.11499905586242676,3
31,52,0.2220015525817871,9
32,42,0.11199760437011719,3
33,32,0.11406302452087402,3
34,78,0.13299274444580078,4
35,50,0.07503700256347656,2
36,50,0.1675562858581543,6
37,45,0.2360386848449707,9
38,93,0.12300229072570801,3
39,158,0.17900323867797852,6
40,188,0.0859978199005127,2
41,43,0.1880042552947998,8
42,50,0.17099618911743164,7
43,74,0.10416269302368164,3
44,31,0.21603107452392578,9
45,65,0.21300005912780762,9
46,120,0.1270136833190918,4
47,48,0.2210242748260498,9
48,17,0.22714614868164062,9
49,23,0.11400032043457031,3
50,32,0.23200297355651855,9
51,125,0.10900664329528809,3
52,95,0.12500977516174316,3
53,21,0.1699976921081543,7
54,54,0.10999870300292969,3
55,200,0.22700071334838867,8
56,68,0.09200096130371094,3
57,46,0.1979999542236328,9
58,99,0.09999895095825195,3
59,88,0.20553922653198242,8
60,22,0.07699346542358398,2
61,78,0.10903358459472656,3
62,72,0.20204925537109375,9
63,69,0.20299434661865234,9
64,42,0.18900489807128906,8
65,49,0.1320018768310547,4
66,34,0.18899822235107422,8
67,31,0.22600483894348145,9
68,59,0.18801641464233398,8
69,105,0.11852049827575684,3
70,53,0.21300506591796875,8
71,62,0.08599305152893066,2
72,65,0.20900344848632812,9
73,92,0.10300135612487793,3
74,132,0.08100533485412598,2
75,150,0.11799049377441406,3
76,133,0.18500471115112305,8
77,101,0.15102243423461914,5
78,89,0.1943066120147705,8
79,94,0.19899988174438477,9
80,67,0.10800695419311523,3
81,48,0.17198920249938965,7
82,95,0.11100268363952637,3
83,75,0.18998289108276367,8
84,115,0.18400049209594727,8
85,63,0.18802809715270996,6
86,79,0.13051724433898926,4
87,28,0.08698344230651855,2
88,45,0.18400049209594727,8
89,41,0.10599946975708008,3
90,75,0.1420135498046875,4
91,62,0.12400245666503906,3
92,83,0.18011474609375,5
93,43,0.14803791046142578,5
94,58,0.2249922752380371,9
95,42,0.22552061080932617,9
96,33,0.19098782539367676,7
97,57,0.2129988670349121,9
98,39,0.21399497985839844,8
99,69,0.07500195503234863,2
100,51,0.12999963760375977,4
101,35,0.21403765678405762,9
102,122,0.08947920799255371,2
103,100,0.23053264617919922,9
104,58,0.13999462127685547,3
105,80,0.2510030269622803,9
106,20,0.23199701309204102,8
107,37,0.13600516319274902,3
108,43,0.19201254844665527,7
109,200,0.24004578590393066,8
110,64,0.11102795600891113,3
111,34,0.11498856544494629,3
112,159,0.23099613189697266,8
113,24,0.2219996452331543,9
114,109,0.12400579452514648,3
115,81,0.220750093460083,8
116,135,0.2950007915496826,9
117,37,0.13100361824035645,3
118,103,0.1360011100769043,3
119,59,0.15100359916687012,3
120,90,0.21599578857421875,4
121,70,0.1210014820098877,2
122,153,0.12499570846557617,3
123,76,0.16699981689453125,3
124,44,0.195997953414917,6
125,78,0.212050199508667,8
126,50,0.40799975395202637,8
127,71,0.1530017852783203,2
128,64,0.16599750518798828,2
129,51,0.2239987850189209,3
130,50,0.37299394607543945,9
131,41,0.46956372261047363,6
132,120,0.34699416160583496,4
133,111,0.1470017433166504,3
134,60,0.21400165557861328,8
135,97,0.21399545669555664,8
136,66,0.2499997615814209,9
137,35,0.28304457664489746,9
138,57,0.17808318138122559,6
139,167,0.2239995002746582,8
140,100,0.1530003547668457,3
141,47,0.19952058792114258,7
142,86,0.23517155647277832,8
143,132,0.24006414413452148,8
144,120,0.20499610900878906,8
145,67,0.34404897689819336,9
146,29,0.2545809745788574,8
147,52,0.13299894332885742,3
148,39,0.22699975967407227,8
149,52,0.2680013179779053,8
150,39,0.28499746322631836,9
151,38,0.13700604438781738,3
152,47,0.11699533462524414,3
153,91,0.1549992561340332,4
154,29,0.1960446834564209,6
155,27,0.13273358345031738,3
156,25,0.11200261116027832,3
157,34,0.11998295783996582,2
158,45,0.14999914169311523,3
159,73,0.29399919509887695,8
160,64,0.11703777313232422,2
161,58,0.19000005722045898,4
162,148,0.23099946975708008,7
163,167,0.23400163650512695,8
164,200,0.09002327919006348,2
165,34,0.14999699592590332,4
166,102,0.2030010223388672,8
167,20,0.08202838897705078,2
168,34,0.12400341033935547,3
169,85,0.18454217910766602,6
170,79,0.20904874801635742,8
171,77,0.22548127174377441,9
172,63,0.11200237274169922,3
173,72,0.13997483253479004,5
174,37,0.11800098419189453,3
175,55,0.10400128364562988,3
176,163,0.08498454093933105,2
177,40,0.11997199058532715,3
178,34,0.0850074291229248,2
179,84,0.20399022102355957,9
180,55,0.11400127410888672,3
181,61,0.19800019264221191,9
182,115,0.1939990520477295,8
183,31,0.1810002326965332,8
184,44,0.1849989891052246,8
185,30,0.21453547477722168,9
186,63,0.11700034141540527,4
187,80,0.203995943069458,8
188,63,0.08609437942504883,2
189,23,0.20253896713256836,8
190,35,0.1851811408996582,7
191,88,0.09499549865722656,3
192,58,0.12206745147705078,3
193,130,0.12199592590332031,3
194,159,0.2129981517791748,9
195,200,0.20300674438476562,9
196,60,0.07701277732849121,2
197,23,0.19997453689575195,8
198,24,0.19500350952148438,9
199,56,0.11900210380554199,4
200,86,0.13308310508728027,4
201,51,0.19152617454528809,8
202,48,0.18297028541564941,8
203,128,0.18210601806640625,8
204,38,0.20599818229675293,9
205,72,0.11452102661132812,3
206,25,0.11600279808044434,3
207,83,0.20799541473388672,9
208,38,0.19802212715148926,9
209,85,0.08199572563171387,2
210,43,0.10200309753417969,3
211,29,0.10751724243164062,3
212,60,0.20200014114379883,8
213,51,0.10100412368774414,3
214,113,0.1790311336517334,8
215,149,0.09400177001953125,3
216,100,0.08005189895629883,2
217,52,0.18500590324401855,8
218,39,0.10754656791687012,3
219,65,0.1835157871246338,8
220,49,0.09900808334350586,3
221,80,0.12101411819458008,4
222,72,0.18596220016479492,8
223,137,0.14403247833251953,5
224,52,0.12100696563720703,4
225,42,0.1339869499206543,4
226,66,0.10951733589172363,3
227,128,0.0650029182434082,2
228,47,0.2030019760131836,9
229,46,0.1699981689453125,8
230,67,0.09600591659545898,3
231,97,0.17699956893920898,8
232,147,0.20154237747192383,8
233,200,0.1269979476928711,4
234,49,0.06999802589416504,2
235,92,0.19100308418273926,8
236,81,0.19805049896240234,9
237,99,0.1740720272064209,8
238,62,0.09400129318237305,3
239,75,0.21603107452392578,9
240,38,0.13900113105773926,4
241,57,0.16102123260498047,7
242,84,0.1996769905090332,9
243,65,0.1974928379058838,9
244,48,0.1199953556060791,3
245,55,0.20600485801696777,9
246,44,0.1699974536895752,8
247,68,0.08500385284423828,2
248,19,0.11560416221618652,3
249,196,0.10999631881713867,3
250,80,0.1755509376525879,8
251,23,0.21402311325073242,9
252,34,0.2085111141204834,9
253,109,0.1289975643157959,4
254,80,0.11900186538696289,4
255,111,0.18497467041015625,8
256,75,0.19299817085266113,9
257,49,0.11700439453125,4
258,55,0.07500123977661133,2
259,59,0.16798663139343262,7
260,115,0.1780529022216797,8
261,112,0.14752936363220215,5
262,94,0.19299793243408203,9
263,48,0.06497025489807129,2
264,62,0.18599843978881836,9
265,58,0.19597291946411133,9
266,65,0.17700958251953125,8
267,33,0.20199990272521973,8
268,115,0.09900426864624023,3
269,49,0.10612154006958008,3
270,30,0.21598505973815918,9
271,27,0.11700940132141113,4
272,39,0.08899521827697754,3
273,37,0.18500089645385742,8
274,57,0.18798422813415527,9
275,65,0.17800331115722656,8
276,20,0.1009976863861084,3
277,44,0.10300540924072266,3
278,54,0.11502718925476074,4
279,35,0.19252228736877441,9
280,63,0.12499833106994629,4
281,48,0.20652246475219727,9
282,39,0.16651272773742676,6
283,112,0.10799956321716309,3
284,61,0.15602397918701172,6
285,42,0.09798407554626465,3
286,35,0.09599161148071289,3
287,107,0.15700411796569824,7
288,47,0.12307500839233398,4
289,139,0.20152878761291504,8
290,51,0.2019963264465332,9
291,42,0.21500301361083984,9
292,53,0.2130577564239502,9
293,143,0.1159975528717041,3
294,52,0.19904613494873047,8
295,114,0.20896553993225098,8
296,27,0.10200667381286621,3
297,36,0.10299134254455566,3
298,93,0.1810150146484375,8
299,51,0.10079002380371094,3
300,37,0.13202977180480957,5
301,119,0.11704015731811523,3
302,74,0.11299633979797363,3
303,145,0.18000292778015137,8
304,27,0.16599822044372559,6
305,23,0.17302560806274414,8
306,50,0.19600510597229004,8
307,194,0.1375119686126709,4
308,49,0.19199347496032715,9
309,49,0.20000147819519043,9
310,33,0.12500357627868652,4
311,36,0.13702726364135742,4
312,27,0.10896992683410645,3
313,89,0.07202792167663574,2
314,86,0.18704986572265625,8
315,49,0.21406173706054688,9
316,144,0.0930020809173584,3
317,19,0.18100404739379883,8
318,54,0.09799575805664062,3
319,135,0.13000226020812988,4
320,145,0.18400025367736816,8
321,73,0.10999870300292969,3
322,96,0.19404840469360352,8
323,33,0.10599875450134277,3
324,24,0.1289994716644287,4
325,29,0.11200165748596191,4
326,93,0.16799378395080566,8
327,27,0.10200119018554688,4
328,49,0.13800287246704102,4
329,48,0.10199999809265137,3
330,106,0.19196224212646484,9
331,36,0.1549971103668213,7
332,84,0.1289989948272705,4
333,43,0.09755754470825195,3
334,105,0.11898565292358398,4
335,26,0.12900424003601074,4
336,61,0.1845545768737793,8
337,40,0.18599486351013184,7
338,50,0.19199919700622559,8
339,72,0.09200096130371094,3
340,123,0.18599581718444824,7
341,69,0.1830000877380371,8
342,51,0.08008098602294922,2
343,37,0.1139991283416748,3
344,75,0.0885157585144043,2
345,36,0.10402703285217285,3
346,138,0.11403512954711914,3
347,69,0.10050749778747559,3
348,73,0.12000441551208496,4
349,92,0.21599769592285156,8
350,24,0.2050187587738037,8
351,23,0.17098164558410645,8
352,73,0.1050717830657959,3
353,80,0.10699820518493652,3
354,60,0.18614482879638672,8
355,39,0.11802339553833008,3
356,82,0.19196200370788574,8
357,159,0.2050156593322754,9
358,31,0.15396976470947266,6
359,70,0.22403192520141602,9
360,41,0.21112632751464844,9
361,71,0.18607521057128906,8
362,115,0.09799909591674805,3
363,81,0.18999624252319336,9
364,71,0.1940019130706787,9
365,59,0.1670215129852295,8
366,45,0.13904142379760742,4
367,69,0.1309981346130371,4
368,200,0.09850835800170898,3
369,70,0.17697834968566895,5
370,47,0.20097970962524414,9
371,52,0.09599924087524414,3
372,47,0.11299777030944824,4
373,36,0.09801793098449707,3
374,132,0.20998215675354004,8
375,66,0.19600415229797363,8
376,49,0.1840527057647705,7
377,38,0.22006940841674805,9
378,111,0.19048643112182617,7
379,46,0.14700555801391602,4
380,177,0.11502861976623535,4
381,37,0.13852357864379883,4
382,84,0.12551426887512207,4
383,86,0.1069936752319336,3
384,28,0.1090085506439209,3
385,34,0.11803174018859863,3
386,53,0.2085096836090088,8
387,105,0.18302059173583984,8
388,42,0.17853736877441406,8
389,45,0.20799541473388672,8
390,28,0.12896323204040527,5
391,37,0.205000638961792,9
392,129,0.10000181198120117,3
393,73,0.1680006980895996,8
394,35,0.19499921798706055,8
395,97,0.2010030746459961,9
396,34,0.19099855422973633,8
397,86,0.20000529289245605,8
398,43,0.15799379348754883,5
399,108,0.12299442291259766,4
400,77,0.14656782150268555,5
401,108,0.2248528003692627,9
402,90,0.17611145973205566,7
403,53,0.1669924259185791,7
404,49,0.1930396556854248,9
405,56,0.1459791660308838,4
406,93,0.20753169059753418,8
407,52,0.11203598976135254,3
408,60,0.20905709266662598,9
409,42,0.17499780654907227,7
410,37,0.17499637603759766,8
411,63,0.17100238800048828,8
412,53,0.10199904441833496,3
413,68,0.18500423431396484,8
414,110,0.20699620246887207,9
415,61,0.16999459266662598,7
416,68,0.09599661827087402,3
417,114,0.12899255752563477,4
418,78,0.19903898239135742,8
419,67,0.10000872611999512,3
420,49,0.1659989356994629,7
421,154,0.10403156280517578,3
422,110,0.20099592208862305,8
423,68,0.2200000286102295,8
424,123,0.2070009708404541,8
425,120,0.18600130081176758,8
426,60,0.16499996185302734,6
427,85,0.11313438415527344,3
428,64,0.19251251220703125,8
429,31,0.11299800872802734,3
430,46,0.10899996757507324,3
431,65,0.09799981117248535,3
432,71,0.09399938583374023,3
433,142,0.1711738109588623,8
434,93,0.11810755729675293,3
435,32,0.08199954032897949,2
436,110,0.1359996795654297,4
437,44,0.20204806327819824,9
438,77,0.15900230407714844,5
439,47,0.2195110321044922,9
440,76,0.08600354194641113,2
441,62,0.18602800369262695,8
442,67,0.19099688529968262,8
443,68,0.09798932075500488,3
444,79,0.1810002326965332,8
445,67,0.1510162353515625,5
446,113,0.09995555877685547,3
447,53,0.21100139617919922,9
448,94,0.13100385665893555,3
449,142,0.07398509979248047,2
450,200,0.21199560165405273,8
451,49,0.11299991607666016,3
452,109,0.21603155136108398,9
453,148,0.12452983856201172,3
454,96,0.18800568580627441,8
455,51,0.1089942455291748,3
456,101,0.2180006504058838,9
457,74,0.2160031795501709,9
458,84,0.11899995803833008,3
459,45,0.20600056648254395,8
460,132,0.16800475120544434,6
461,87,0.1560039520263672,6
462,77,0.1829981803894043,8
463,126,0.11299443244934082,3
464,78,0.1880044937133789,9
465,54,0.13002753257751465,3
466,92,0.21600055694580078,8
467,51,0.15311408042907715,4
468,53,0.13299894332885742,4
469,60,0.12099385261535645,3
470,33,0.11899948120117188,3
471,73,0.09900450706481934,3
472,145,0.09997272491455078,3
473,89,0.16099953651428223,5
474,58,0.12299990653991699,4
475,97,0.1100008487701416,3
476,56,0.14701581001281738,5
477,36,0.14599895477294922,6
478,58,0.1859736442565918,8
479,63,0.1940145492553711,9
480,76,0.06699848175048828,2
481,140,0.18899965286254883,9
482,32,0.17943692207336426,8
483,28,0.1940910816192627,8
484,59,0.10095882415771484,3
485,68,0.18599748611450195,8
486,62,0.12700581550598145,4
487,43,0.19399404525756836,9
488,29,0.08000016212463379,2
489,30,0.11200261116027832,3
490,46,0.16899776458740234,7
491,46,0.13004803657531738,3
492,35,0.2035808563232422,8
493,28,0.11897611618041992,4
494,20,0.11199259757995605,3
495,91,0.09998297691345215,3
496,138,0.09499502182006836,3
497,94,0.1340007781982422,4
498,44,0.08500361442565918,2
499,62,0.19002127647399902,8
500,28,0.07599544525146484,2
501,55,0.21309423446655273,9
502,38,0.23705768585205078,9
503,28,0.21599411964416504,9
504,43,0.19400405883789062,8
505,74,0.20499825477600098,8
506,42,0.10200190544128418,3
507,56,0.19399619102478027,8
508,49,0.07800936698913574,2
509,130,0.18201684951782227,8
510,27,0.22498369216918945,9
511,63,0.09998083114624023,3
512,126,0.1439981460571289,4
513,54,0.14699888229370117,5
514,36,0.177001953125,6
515,45,0.1260666847229004,4
516,56,0.11099672317504883,3
517,49,0.10300040245056152,3
518,27,0.2200021743774414,9
519,60,0.12499833106994629,4
520,66,0.19899845123291016,8
521,37,0.07503581047058105,2
522,59,0.16899371147155762,7
523,76,0.2149977684020996,9
524,76,0.173994779586792,7
525,56,0.17798471450805664,7
526,111,0.2180023193359375,9
527,87,0.17612695693969727,7
528,36,0.19097137451171875,8
529,181,0.19099926948547363,8
530,53,0.07199430465698242,2
531,141,0.12203502655029297,4
532,94,0.2044205665588379,9
533,110,0.18300223350524902,8
534,162,0.20418000221252441,9
535,54,0.20453858375549316,9
536,47,0.21299505233764648,9
537,44,0.1940007209777832,8
538,59,0.1810014247894287,8
539,80,0.09799385070800781,3
540,56,0.20800495147705078,9
541,86,0.11499619483947754,3
542,80,0.1250598430633545,4
543,35,0.11099839210510254,3
544,54,0.11052393913269043,3
545,81,0.09798932075500488,3
546,56,0.0989995002746582,3
547,48,0.10900282859802246,3
548,52,0.185028076171875,8
549,129,0.19603276252746582,8
550,53,0.16699647903442383,6
551,120,0.07903385162353516,2
552,40,0.09396195411682129,3
553,35,0.20199966430664062,9
554,62,0.12099766731262207,4
555,48,0.11100053787231445,3
556,134,0.10000038146972656,3
557,42,0.12700366973876953,4
558,116,0.10199928283691406,3
559,45,0.19900250434875488,8
560,38,0.10100173950195312,3
561,107,0.10001778602600098,3
562,53,0.21512699127197266,9
563,20,0.12600016593933105,4
564,76,0.22536516189575195,9
565,51,0.1730947494506836,7
566,45,0.19199752807617188,8
567,44,0.19309639930725098,8
568,101,0.19253230094909668,7
569,104,0.19899559020996094,9
570,45,0.19502043724060059,8
571,56,0.20755815505981445,9
572,42,0.19099783897399902,8
573,18,0.17300176620483398,8
574,102,0.1929948329925537,8
575,26,0.11700010299682617,3
576,56,0.2140657901763916,9
577,60,0.20299863815307617,9
578,107,0.07799553871154785,2
579,52,0.19500207901000977,9
580,69,0.15102100372314453,5
581,114,0.11896491050720215,4
582,25,0.18000555038452148,8
583,53,0.18299651145935059,8
584,29,0.07300400733947754,2
585,43,0.2055351734161377,9
586,52,0.20098209381103516,8
587,63,0.1971602439880371,8
588,28,0.09999632835388184,3
589,43,0.21100163459777832,9
590,120,0.20403122901916504,9
591,175,0.10300064086914062,3
592,79,0.11299514770507812,3
593,53,0.10200309753417969,3
594,73,0.09199976921081543,3
595,52,0.10602498054504395,3
596,86,0.08098316192626953,2
597,42,0.08500003814697266,2
598,16,0.20851373672485352,9
599,143,0.08100032806396484,2
600,160,0.13299989700317383,4
601,51,0.20400023460388184,9
602,70,0.18502330780029297,8
603,119,0.07999086380004883,2
604,132,0.1935126781463623,9
605,61,0.19907474517822266,9
606,54,0.18600082397460938,8
607,24,0.13102340698242188,4
608,137,0.19197416305541992,9
609,28,0.18804383277893066,8
610,50,0.19652056694030762,8
611,58,0.11800265312194824,4
612,117,0.17299628257751465,8
613,117,0.16300415992736816,7
614,158,0.09098935127258301,3
615,31,0.19396615028381348,8
616,54,0.07000231742858887,2
617,75,0.17299914360046387,8
618,45,0.11398053169250488,4
619,197,0.18199849128723145,8
620,31,0.10100245475769043,3
621,41,0.10199642181396484,3
622,54,0.12000513076782227,3
623,91,0.1050252914428711,3
624,79,0.11100292205810547,3
625,85,0.20104432106018066,8
626,36,0.18648195266723633,8
627,58,0.183518648147583,7
628,67,0.11951637268066406,3
629,32,0.19502043724060059,8
630,149,0.18400049209594727,8
631,57,0.1099998950958252,3
632,54,0.16704177856445312,7
633,45,0.20004510879516602,8
634,74,0.17599177360534668,8
635,98,0.12200355529785156,4
636,95,0.186997652053833,7
637,105,0.18599963188171387,8
638,200,0.15400218963623047,5
639,69,0.1960434913635254,8
640,25,0.1340034008026123,3
641,25,0.09251284599304199,2
642,40,0.22300004959106445,8
643,96,0.2229938507080078,9
644,38,0.19900012016296387,8
645,32,0.18800044059753418,8
646,108,0.20200037956237793,8
647,36,0.19211196899414062,8
648,27,0.12996935844421387,4
649,96,0.14504694938659668,5
650,62,0.07698845863342285,2
651,38,0.19702577590942383,8
652,37,0.14197444915771484,4
653,40,0.2089998722076416,9
654,42,0.07600235939025879,2
655,59,0.12400293350219727,5
656,41,0.19511103630065918,9
657,53,0.1920487880706787,8
658,47,0.1889951229095459,8
659,57,0.2160341739654541,9
660,38,0.10851836204528809,3
661,194,0.1869945526123047,8
662,68,0.11000633239746094,3
663,78,0.22301054000854492,9
664,31,0.19198966026306152,8
665,21,0.17599821090698242,8
666,78,0.15902376174926758,7
667,69,0.19694876670837402,8
668,57,0.17551016807556152,8
669,113,0.2039952278137207,9
670,55,0.09600257873535156,3
671,44,0.10899758338928223,3
672,86,0.2020409107208252,9
673,91,0.18000340461730957,7
674,40,0.10410881042480469,3
675,40,0.12612652778625488,3
676,109,0.15199875831604004,5
677,85,0.1240079402923584,4
678,64,0.09299540519714355,3
679,55,0.1900005340576172,8
680,31,0.20000576972961426,8
681,49,0.21901559829711914,9
682,53,0.08099675178527832,2
683,117,0.18549561500549316,8
684,103,0.12399625778198242,4
685,77,0.08000063896179199,2
686,82,0.11899733543395996,4
687,51,0.08004355430603027,2
688,50,0.20903873443603516,9
689,91,0.14299702644348145,4
690,112,0.11100101470947266,3
691,30,0.17909789085388184,8
692,61,0.18599605560302734,8
693,107,0.11252140998840332,3
694,26,0.19300007820129395,9
695,31,0.2200303077697754,9
696,43,0.12651634216308594,4
697,53,0.09200310707092285,2
698,97,0.1119990348815918,3
699,45,0.2075490951538086,9
700,53,0.20556855201721191,9
701,65,0.21806883811950684,8
702,194,0.21899890899658203,9
703,40,0.18399596214294434,8
704,45,0.1750326156616211,8
705,125,0.19199800491333008,8
706,50,0.1040506362915039,3
707,115,0.16903448104858398,7
708,72,0.2205207347869873,8
709,41,0.12798070907592773,4
710,95,0.07600259780883789,2
711,108,0.13998961448669434,5
712,75,0.12900233268737793,4
713,80,0.10399699211120605,3
714,49,0.10000085830688477,3
715,134,0.07700371742248535,2
716,38,0.18100404739379883,8
717,78,0.18600225448608398,9
718,134,0.11899089813232422,4
719,43,0.20900678634643555,9
720,51,0.12999391555786133,4
721,69,0.1360023021697998,5
722,66,0.21900129318237305,8
723,50,0.13015341758728027,4
724,39,0.10497760772705078,3
725,50,0.15102934837341309,5
726,134,0.12400460243225098,4
727,60,0.14604687690734863,4
728,115,0.1045064926147461,3
729,76,0.1379997730255127,4
730,79,0.20799827575683594,9
731,169,0.10300064086914062,3
732,57,0.1320054531097412,4
733,111,0.12099409103393555,4
734,50,0.11899828910827637,3
735,75,0.20600104331970215,8
736,67,0.15103626251220703,4
737,46,0.18597817420959473,8
738,200,0.18401360511779785,8
739,25,0.19000005722045898,9
740,59,0.20799994468688965,9
741,83,0.18000006675720215,8
742,58,0.10699677467346191,3
743,111,0.20000982284545898,9
744,14,0.18799996376037598,8
745,81,0.18101763725280762,8
746,64,0.0745389461517334,2
747,23,0.1139976978302002,3
748,34,0.13499903678894043,4
749,48,0.10699272155761719,3
750,106,0.09700441360473633,3
751,64,0.1100304126739502,3
752,74,0.10497832298278809,3
753,56,0.1850135326385498,8
754,69,0.19200754165649414,8
755,57,0.17599821090698242,8
756,60,0.10904526710510254,3
757,46,0.118011474609375,3
758,113,0.18101286888122559,8
759,28,0.24202179908752441,9
760,96,0.1360034942626953,4
761,46,0.18799638748168945,8
762,47,0.1939997673034668,9
763,116,0.20200514793395996,9
764,33,0.10599684715270996,3
765,87,0.07700133323669434,2
766,34,0.17612338066101074,8
767,114,0.10255837440490723,3
768,47,0.10300016403198242,3
769,98,0.21599936485290527,8
770,29,0.1770000457763672,8
771,43,0.17860722541809082,8
772,66,0.20452332496643066,8
773,41,0.1829993724822998,6
774,72,0.19700288772583008,8
775,98,0.18300318717956543,8
776,66,0.184967041015625,8
777,49,0.12197303771972656,4
778,67,0.08400607109069824,2
779,30,0.19605064392089844,8
780,158,0.21799945831298828,8
781,87,0.18499469757080078,8
782,29,0.10200142860412598,3
783,79,0.19500470161437988,8
784,200,0.1845245361328125,8
785,23,0.2010941505432129,8
786,73,0.20496439933776855,8
787,127,0.18052983283996582,7
788,86,0.20800089836120605,9
789,48,0.23199892044067383,9
790,148,0.17299985885620117,5
791,33,0.10399675369262695,3
792,83,0.07799935340881348,2
793,126,0.1139986515045166,3
794,97,0.11800050735473633,3
795,138,0.21700143814086914,9
796,84,0.2189953327178955,8
797,31,0.251997709274292,9
798,13,0.11700129508972168,3
799,39,0.11599874496459961,3
800,89,0.13201594352722168,4
801,24,0.10409092903137207,3
802,44,0.1810154914855957,8
803,111,0.20499825477600098,8
804,31,0.13200068473815918,4
805,110,0.13799786567687988,4
806,85,0.11400365829467773,3
807,32,0.19851922988891602,8
808,79,0.1053304672241211,3
809,39,0.12499642372131348,3
810,65,0.07205414772033691,2
811,32,0.08100008964538574,2
812,35,0.11100149154663086,3
813,150,0.11099934577941895,3
814,36,0.1280050277709961,3
815,32,0.1080482006072998,3
816,200,0.22649312019348145,9
817,51,0.1329958438873291,4
818,60,0.11204123497009277,3
819,29,0.22199344635009766,9
820,147,0.1120002269744873,3
821,47,0.2030348777770996,8
822,65,0.11799764633178711,3
823,131,0.08511209487915039,2
824,129,0.21800565719604492,9
825,37,0.09651708602905273,2
826,52,0.1379992961883545,4
827,72,0.16100120544433594,5
828,96,0.11705780029296875,3
829,69,0.12800335884094238,4
830,32,0.10506629943847656,3
831,84,0.1819934844970703,6
832,162,0.07300019264221191,2
833,77,0.11600089073181152,4
834,70,0.1780257225036621,7
835,74,0.20653557777404785,9
836,84,0.14200091361999512,4
837,78,0.18301749229431152,8
838,53,0.1089944839477539,3
839,87,0.11100006103515625,3
840,62,0.18999886512756348,8
841,64,0.11800527572631836,4
842,130,0.1780095100402832,6
843,25,0.2079789638519287,9
844,64,0.22099804878234863,9
845,136,0.18500471115112305,8
846,139,0.09699559211730957,3
847,77,0.17158722877502441,8
848,107,0.21100425720214844,9
849,19,0.21198463439941406,9
850,135,0.10892391204833984,3
851,99,0.10300087928771973,3
852,111,0.1395115852355957,4
853,44,0.2070024013519287,8
854,75,0.15103530883789062,4
855,35,0.19227910041809082,8
856,45,0.09099864959716797,3
857,98,0.20057463645935059,8
858,34,0.11851382255554199,3
859,153,0.20800471305847168,9
860,26,0.0769968032836914,2
861,88,0.09399700164794922,3
862,56,0.10100293159484863,3
863,69,0.1399984359741211,4
864,23,0.1139991283416748,3
865,122,0.12460708618164062,4
866,26,0.2000291347503662,8
867,107,0.20203399658203125,8
868,67,0.0859990119934082,2
869,56,0.2311999797821045,9
870,62,0.21050047874450684,9
871,64,0.20099854469299316,8
872,110,0.12499785423278809,3
873,78,0.19500255584716797,8
874,181,0.06799626350402832,2
875,103,0.0840003490447998,2
876,37,0.1820054054260254,8
877,68,0.07200050354003906,2
878,45,0.17901945114135742,8
879,125,0.19850707054138184,9
880,68,0.18700027465820312,8
881,84,0.11100077629089355,3
882,121,0.16900134086608887,7
883,114,0.1070091724395752,3
884,80,0.21302008628845215,9
885,87,0.19199895858764648,8
886,150,0.17603015899658203,8
887,89,0.18199896812438965,8
888,50,0.12954163551330566,4
889,138,0.21600770950317383,9
890,181,0.17301464080810547,8
891,127,0.2209634780883789,9
892,53,0.16402554512023926,6
893,64,0.18897485733032227,7
894,75,0.17400360107421875,8
895,42,0.10000061988830566,3
896,191,0.19600272178649902,8
897,69,0.12701678276062012,4
898,89,0.17700409889221191,8
899,200,0.19504380226135254,8
900,22,0.09699892997741699,3
901,78,0.2030029296875,8
902,63,0.1990339756011963,7
903,35,0.10053610801696777,3
904,68,0.1960005760192871,9
905,59,0.18899774551391602,8
906,84,0.1680009365081787,7
907,151,0.11100006103515625,3
908,47,0.18499541282653809,8
909,22,0.12199831008911133,4
910,44,0.2080860137939453,9
911,69,0.17600464820861816,8
912,30,0.10399889945983887,3
913,44,0.20599699020385742,9
914,11,0.20900440216064453,9
915,44,0.13399982452392578,4
916,45,0.17901921272277832,8
917,99,0.18451929092407227,8
918,99,0.20006847381591797,8
919,41,0.18702030181884766,8
920,152,0.21000194549560547,8
921,38,0.18600225448608398,8
922,19,0.19800019264221191,8
923,41,0.1730024814605713,8
924,88,0.11198949813842773,3
925,61,0.09600520133972168,3
926,77,0.18197965621948242,7
927,146,0.1770031452178955,8
928,49,0.14799952507019043,5
929,25,0.10799980163574219,3
930,56,0.108001708984375,3
931,101,0.11699867248535156,4
932,76,0.1070103645324707,3
933,70,0.13504815101623535,4
934,37,0.10400247573852539,3
935,95,0.09664678573608398,3
936,81,0.18199872970581055,8
937,23,0.19100332260131836,8
938,121,0.19759750366210938,8
939,55,0.07499313354492188,2
940,32,0.18900084495544434,8
941,48,0.19900250434875488,9
942,97,0.10100030899047852,3
943,68,0.11499571800231934,4
944,56,0.07900786399841309,2
945,35,0.08200359344482422,2
946,28,0.10796022415161133,3
947,82,0.18806695938110352,9
948,78,0.16455650329589844,7
949,43,0.15999364852905273,6
950,63,0.2030348777770996,8
951,27,0.20452308654785156,9
952,72,0.10999631881713867,3
953,38,0.13703203201293945,4
954,44,0.2150437831878662,9
955,41,0.18201184272766113,8
956,22,0.12256121635437012,4
957,73,0.19700169563293457,9
958,57,0.2169961929321289,9
959,47,0.08000564575195312,2
960,71,0.1959669589996338,8
961,31,0.1249995231628418,3
962,29,0.07900333404541016,2
963,62,0.2039949893951416,7
964,56,0.12198138236999512,3
965,27,0.13799428939819336,5
966,72,0.11800599098205566,4
967,32,0.2099924087524414,8
968,53,0.1280040740966797,4
969,26,0.18606925010681152,7
970,47,0.19800233840942383,8
971,28,0.13701725006103516,5
972,77,0.1669909954071045,6
973,137,0.11796808242797852,3
974,36,0.22500109672546387,9
975,91,0.16200017929077148,6
976,83,0.1729588508605957,7
977,66,0.11000394821166992,3
978,101,0.10100364685058594,3
979,95,0.12900161743164062,4
980,74,0.08300375938415527,2
981,132,0.12099599838256836,3
982,51,0.20772528648376465,9
983,79,0.15300655364990234,5
984,54,0.2256314754486084,9
985,70,0.1820814609527588,8
986,33,0.09400486946105957,2
987,69,0.11399364471435547,3
988,51,0.18951153755187988,8
989,97,0.11200213432312012,3
990,41,0.14303827285766602,5
991,121,0.10599613189697266,3
992,28,0.11699891090393066,3
993,82,0.11707758903503418,3
994,124,0.12200093269348145,3
995,26,0.10600018501281738,3
996,41,0.18302249908447266,8
997,125,0.11097145080566406,3
998,49,0.17799615859985352,8
999,69,0.17101359367370605,8
