Episode,Steps,Time,Converged at Iterations
0,59,0.09099078178405762,2
1,61,0.07799983024597168,2
2,30,0.18399667739868164,9
3,37,0.10001659393310547,3
4,118,0.1019749641418457,3
5,58,0.13446450233459473,5
6,105,0.11700057983398438,3
7,46,0.1810464859008789,9
8,62,0.20402097702026367,8
9,133,0.1289997100830078,2
10,19,0.19202423095703125,3
11,40,0.22402191162109375,8
12,90,0.10299301147460938,3
13,80,0.10000300407409668,3
14,31,0.18198895454406738,8
15,119,0.09096813201904297,3
16,28,0.18103504180908203,8
17,77,0.19110941886901855,9
18,53,0.09400248527526855,3
19,68,0.09105491638183594,3
20,59,0.10499954223632812,3
21,44,0.0969994068145752,3
22,60,0.13099980354309082,5
23,25,0.10000491142272949,3
24,96,0.19199585914611816,8
25,99,0.13503193855285645,5
26,60,0.17697691917419434,9
27,39,0.17598605155944824,9
28,81,0.10100245475769043,3
29,127,0.16101670265197754,8
30,91,0.17502284049987793,8
31,46,0.09499430656433105,3
32,54,0.15800237655639648,8
33,47,0.09399795532226562,3
34,149,0.11299991607666016,4
35,67,0.16000008583068848,8
36,20,0.06900215148925781,2
37,58,0.0879976749420166,3
38,103,0.10200214385986328,3
39,40,0.12153196334838867,3
40,65,0.19009041786193848,9
41,135,0.09499907493591309,3
42,53,0.16501855850219727,8
43,58,0.1040201187133789,3
44,105,0.09799003601074219,3
45,71,0.18999814987182617,9
46,41,0.11702346801757812,4
47,78,0.16100025177001953,8
48,112,0.18102502822875977,8
49,98,0.1660757064819336,8
50,62,0.38500285148620605,9
51,87,0.16356182098388672,4
52,36,0.23999929428100586,8
53,200,0.10011959075927734,2
54,22,0.19497895240783691,8
55,53,0.1225743293762207,3
56,31,0.1570439338684082,5
57,75,0.08699584007263184,2
58,39,0.18200397491455078,8
59,170,0.19100427627563477,9
60,30,0.21398639678955078,9
61,41,0.14000606536865234,5
62,55,0.10399413108825684,3
63,30,0.06699991226196289,2
64,28,0.17800045013427734,9
65,200,0.17600035667419434,9
66,189,0.16000032424926758,8
67,64,0.10800457000732422,3
68,56,0.10899829864501953,3
69,162,0.09000325202941895,3
70,69,0.16399216651916504,8
71,44,0.0710446834564209,2
72,113,0.18899941444396973,8
73,50,0.15227818489074707,4
74,28,0.17400002479553223,8
75,26,0.1210029125213623,2
76,36,0.09999728202819824,2
77,32,0.10500049591064453,3
78,55,0.18001818656921387,7
79,103,0.17801403999328613,8
80,82,0.1809694766998291,6
81,86,0.09597897529602051,3
82,53,0.11200690269470215,3
83,54,0.10100078582763672,3
84,19,0.18253374099731445,8
85,63,0.18354177474975586,8
86,72,0.13900041580200195,5
87,49,0.1289992332458496,3
88,20,0.09199738502502441,3
89,72,0.09499955177307129,3
90,38,0.17603492736816406,8
91,92,0.2110278606414795,9
92,200,0.20302104949951172,9
93,90,0.1089930534362793,3
94,51,0.0760045051574707,2
95,33,0.15203356742858887,7
96,26,0.17597508430480957,9
97,40,0.18000054359436035,9
98,59,0.15400004386901855,7
99,49,0.16405177116394043,8
100,75,0.18901991844177246,8
101,63,0.20619535446166992,8
102,174,0.13500189781188965,5
103,108,0.1670241355895996,8
104,46,0.19299983978271484,9
105,36,0.06800389289855957,2
106,36,0.06600069999694824,2
107,74,0.11499643325805664,5
108,73,0.16202378273010254,8
109,107,0.1900043487548828,9
110,64,0.09503006935119629,3
111,53,0.19903230667114258,8
112,58,0.0689997673034668,2
113,142,0.16120505332946777,5
114,56,0.18202590942382812,8
115,80,0.1929912567138672,9
116,27,0.1910386085510254,9
117,21,0.06496286392211914,2
118,87,0.18300843238830566,8
119,18,0.2059924602508545,9
120,72,0.08261966705322266,2
121,36,0.09800601005554199,3
122,45,0.10152220726013184,3
123,23,0.11100077629089355,3
124,191,0.1239938735961914,5
125,72,0.11000442504882812,3
126,72,0.2030012607574463,8
127,61,0.09499621391296387,3
128,30,0.11497974395751953,4
129,50,0.16600441932678223,8
130,64,0.19201350212097168,9
131,45,0.18700098991394043,8
132,106,0.20100092887878418,8
133,116,0.08699560165405273,2
134,80,0.188995361328125,9
135,69,0.0950007438659668,3
136,103,0.17306971549987793,8
137,26,0.19899606704711914,9
138,96,0.19800782203674316,8
139,93,0.2274646759033203,9
140,160,0.11800384521484375,4
141,150,0.18899989128112793,8
142,56,0.1865558624267578,8
143,43,0.11300468444824219,3
144,118,0.14699625968933105,4
145,101,0.205000638961792,8
146,60,0.19300222396850586,9
147,15,0.19251251220703125,9
148,55,0.09301948547363281,3
149,66,0.07100391387939453,2
150,27,0.10399580001831055,3
151,53,0.21303677558898926,9
152,83,0.09497427940368652,3
153,79,0.15099644660949707,7
154,95,0.1940615177154541,9
155,25,0.09097647666931152,3
156,21,0.20152735710144043,9
157,80,0.17399978637695312,7
158,31,0.15251612663269043,7
159,106,0.09600186347961426,3
160,200,0.09997010231018066,3
161,71,0.18201899528503418,9
162,125,0.06600141525268555,2
163,71,0.17454791069030762,8
164,42,0.1880028247833252,8
165,70,0.1320028305053711,6
166,28,0.2106189727783203,9
167,130,0.20560359954833984,9
168,200,0.09899353981018066,3
169,27,0.17104005813598633,7
170,103,0.10700321197509766,3
171,46,0.10500788688659668,3
172,80,0.12998652458190918,4
173,123,0.23000526428222656,9
174,74,0.19455552101135254,9
175,27,0.18657255172729492,8
176,103,0.18699264526367188,8
177,27,0.2090003490447998,8
178,29,0.20400071144104004,9
179,46,0.16099762916564941,6
180,137,0.15500092506408691,7
181,57,0.17700433731079102,8
182,26,0.08156561851501465,2
183,56,0.19753670692443848,8
184,36,0.17999887466430664,8
185,103,0.19400238990783691,9
186,64,0.17899036407470703,8
187,50,0.1040043830871582,3
188,90,0.09999442100524902,3
189,96,0.18900036811828613,8
190,45,0.09903407096862793,3
191,30,0.10797119140625,3
192,56,0.11003923416137695,4
193,144,0.12695717811584473,5
194,30,0.19500231742858887,9
195,117,0.16599559783935547,8
196,62,0.16900348663330078,8
197,55,0.16953563690185547,8
198,29,0.09102153778076172,3
199,61,0.17390942573547363,8
200,91,0.09497904777526855,3
201,37,0.15999650955200195,7
202,21,0.17706704139709473,8
203,68,0.15999937057495117,8
204,104,0.17202138900756836,8
205,50,0.2095775604248047,9
206,79,0.12199759483337402,4
207,179,0.15900182723999023,8
208,200,0.1745147705078125,8
209,48,0.09999847412109375,3
210,52,0.11503958702087402,4
211,60,0.09450411796569824,3
212,60,0.0940084457397461,3
213,60,0.1710071563720703,7
214,20,0.1779782772064209,9
215,132,0.16701745986938477,8
216,64,0.10596179962158203,3
217,56,0.22299814224243164,9
218,74,0.17200493812561035,8
219,56,0.18297553062438965,9
220,35,0.20298337936401367,9
221,63,0.20200157165527344,9
222,92,0.08900117874145508,2
223,48,0.19704985618591309,8
224,81,0.1739954948425293,8
225,54,0.18400192260742188,9
226,47,0.13179588317871094,3
227,50,0.1770000457763672,8
228,36,0.19352316856384277,8
229,88,0.190995454788208,9
230,87,0.16855096817016602,8
231,48,0.1620171070098877,7
232,31,0.20003271102905273,8
233,200,0.10396933555603027,3
234,71,0.20200133323669434,8
235,49,0.12402725219726562,5
236,65,0.18299126625061035,8
237,66,0.1732475757598877,8
238,77,0.14554142951965332,5
239,75,0.09199786186218262,2
240,69,0.07200098037719727,2
241,72,0.1318216323852539,4
242,138,0.18567228317260742,8
243,70,0.18402457237243652,9
244,75,0.09900546073913574,3
245,15,0.17061233520507812,8
246,49,0.09799456596374512,3
247,25,0.12600135803222656,3
248,68,0.1799945831298828,9
249,23,0.09299945831298828,3
250,48,0.18400216102600098,8
251,149,0.18300700187683105,9
252,58,0.17996621131896973,9
253,31,0.18099617958068848,8
254,77,0.09800004959106445,3
255,29,0.10400009155273438,3
256,43,0.1990368366241455,8
257,66,0.18696951866149902,9
258,156,0.17838311195373535,9
259,85,0.13200020790100098,4
260,71,0.17786169052124023,8
261,83,0.12500596046447754,4
262,47,0.10457420349121094,3
263,113,0.0649867057800293,2
264,54,0.14497852325439453,5
265,58,0.1730358600616455,8
266,51,0.09801030158996582,3
267,35,0.09498190879821777,3
268,64,0.19852495193481445,9
269,55,0.12697815895080566,5
270,54,0.10799598693847656,4
271,48,0.0690000057220459,2
272,42,0.18458056449890137,8
273,23,0.11700224876403809,3
274,111,0.12698125839233398,5
275,57,0.08599996566772461,2
276,54,0.09899640083312988,3
277,113,0.1750040054321289,8
278,82,0.20697784423828125,9
279,34,0.17103242874145508,8
280,80,0.1629939079284668,8
281,51,0.1819934844970703,8
282,63,0.10001564025878906,3
283,26,0.12396907806396484,4
284,36,0.1940009593963623,9
285,40,0.16400551795959473,8
286,40,0.17098546028137207,8
287,69,0.10851407051086426,4
288,87,0.1680295467376709,7
289,135,0.07799959182739258,2
290,55,0.18596935272216797,8
291,66,0.10200309753417969,3
292,66,0.09502720832824707,3
293,81,0.14999675750732422,6
294,200,0.1959974765777588,8
295,22,0.10100245475769043,3
296,34,0.18707895278930664,9
297,91,0.196075439453125,9
298,59,0.1681382656097412,8
299,56,0.19197607040405273,9
300,28,0.09798121452331543,3
301,180,0.09399986267089844,3
302,55,0.10500240325927734,3
303,86,0.19900083541870117,9
304,31,0.11101794242858887,4
305,47,0.16299653053283691,7
306,71,0.1720259189605713,7
307,31,0.09052872657775879,3
308,52,0.09300899505615234,3
309,56,0.1519923210144043,5
310,45,0.19600391387939453,9
311,103,0.13599801063537598,4
312,43,0.20600223541259766,9
313,82,0.1869955062866211,9
314,52,0.17408061027526855,8
315,24,0.18810224533081055,8
316,93,0.1859886646270752,8
317,70,0.1659998893737793,8
318,76,0.18511128425598145,9
319,71,0.09102725982666016,3
320,33,0.16499972343444824,8
321,46,0.08002591133117676,2
322,104,0.18399810791015625,9
323,42,0.15898585319519043,8
324,37,0.11499953269958496,3
325,77,0.18303179740905762,8
326,73,0.17697739601135254,8
327,26,0.1195375919342041,4
328,111,0.17599749565124512,8
329,37,0.11299777030944824,3
330,76,0.17700505256652832,8
331,49,0.17899632453918457,9
332,117,0.08500003814697266,3
333,41,0.09600210189819336,3
334,73,0.1569960117340088,8
335,43,0.11000204086303711,3
336,17,0.17454099655151367,8
337,63,0.1842336654663086,8
338,83,0.17893719673156738,8
339,36,0.16550922393798828,8
340,68,0.09000682830810547,3
341,74,0.17911529541015625,8
342,48,0.12802433967590332,3
343,82,0.19399809837341309,4
344,89,0.1220090389251709,3
345,69,0.11598682403564453,3
346,150,0.21106386184692383,8
347,42,0.20554566383361816,8
348,70,0.19908475875854492,8
349,15,0.2040114402770996,9
350,31,0.1699976921081543,6
351,73,0.22500109672546387,9
352,153,0.13599491119384766,4
353,88,0.09752225875854492,2
354,113,0.12900185585021973,4
355,51,0.10447216033935547,3
356,43,0.18498444557189941,9
357,137,0.11399507522583008,3
358,58,0.10900020599365234,3
359,71,0.13900041580200195,5
360,24,0.17600488662719727,8
361,61,0.1919994354248047,8
362,44,0.18700075149536133,8
363,88,0.0970008373260498,3
364,60,0.1569976806640625,7
365,39,0.12600183486938477,4
366,41,0.1909956932067871,9
367,65,0.10701513290405273,3
368,200,0.07099556922912598,2
369,71,0.10507464408874512,4
370,20,0.09200024604797363,3
371,35,0.18900299072265625,8
372,63,0.19655323028564453,7
373,48,0.22372984886169434,9
374,42,0.12002086639404297,4
375,38,0.09000110626220703,2
376,175,0.1860055923461914,8
377,60,0.17699360847473145,8
378,53,0.22204136848449707,8
379,68,0.1410536766052246,4
380,60,0.10899996757507324,3
381,22,0.19555306434631348,8
382,114,0.18225574493408203,8
383,45,0.10999584197998047,3
384,105,0.09204888343811035,3
385,78,0.07197761535644531,2
386,94,0.09501934051513672,3
387,58,0.09498834609985352,3
388,200,0.07999968528747559,2
389,66,0.09399724006652832,3
390,39,0.1719982624053955,8
391,30,0.06800270080566406,2
392,166,0.21999645233154297,9
393,91,0.07800507545471191,2
394,143,0.1960005760192871,9
395,78,0.19356298446655273,8
396,87,0.20701980590820312,9
397,62,0.18500065803527832,8
398,30,0.11599969863891602,3
399,47,0.11300349235534668,3
400,31,0.08899831771850586,3
401,45,0.10299801826477051,3
402,50,0.1770024299621582,8
403,23,0.19299840927124023,9
404,166,0.21277880668640137,9
405,112,0.09999203681945801,3
406,88,0.11654329299926758,4
407,41,0.06999611854553223,2
408,49,0.12502717971801758,4
409,70,0.15109682083129883,5
410,80,0.08098554611206055,2
411,48,0.13604283332824707,4
412,113,0.09099888801574707,2
413,73,0.1529979705810547,4
414,78,0.23304033279418945,8
415,51,0.18206334114074707,4
416,51,0.1269972324371338,3
417,66,0.29204583168029785,9
418,60,0.16300082206726074,5
419,39,0.18799662590026855,8
420,26,0.1470012664794922,5
421,56,0.19000005722045898,8
422,57,0.0749974250793457,2
423,139,0.12400174140930176,4
424,87,0.1730027198791504,8
425,121,0.11901235580444336,4
426,56,0.18497657775878906,8
427,98,0.10300087928771973,3
428,61,0.09402823448181152,3
429,121,0.09299635887145996,3
430,98,0.1080024242401123,3
431,46,0.10399913787841797,3
432,37,0.1569986343383789,8
433,28,0.1419999599456787,5
434,39,0.17199945449829102,8
435,45,0.17601943016052246,9
436,87,0.11051273345947266,4
437,65,0.19699954986572266,9
438,74,0.12600016593933105,3
439,83,0.1930241584777832,8
440,112,0.20102357864379883,9
441,48,0.19700360298156738,9
442,28,0.07509016990661621,2
443,65,0.06699991226196289,2
444,45,0.09451985359191895,3
445,68,0.17799973487854004,8
446,34,0.21809005737304688,9
447,60,0.16700124740600586,8
448,84,0.1269986629486084,4
449,33,0.1740248203277588,8
450,50,0.1100003719329834,3
451,70,0.06799197196960449,2
452,66,0.21199822425842285,9
453,43,0.10499906539916992,3
454,42,0.10599589347839355,3
455,60,0.10700345039367676,4
456,59,0.15298199653625488,7
457,126,0.17005085945129395,7
458,46,0.18999886512756348,8
459,75,0.09802126884460449,3
460,92,0.12599396705627441,4
461,31,0.1950054168701172,9
462,92,0.1699979305267334,8
463,186,0.17302227020263672,6
464,34,0.1949939727783203,9
465,72,0.17600512504577637,9
466,200,0.0961310863494873,3
467,102,0.11300063133239746,4
468,15,0.16853809356689453,8
469,63,0.09151315689086914,3
470,82,0.11200428009033203,3
471,60,0.22207307815551758,9
472,173,0.17299985885620117,8
473,95,0.09499835968017578,3
474,103,0.19100236892700195,9
475,113,0.10253262519836426,3
476,145,0.18961310386657715,8
477,18,0.10899949073791504,3
478,45,0.1740274429321289,8
479,27,0.10800600051879883,3
480,91,0.1069643497467041,3
481,60,0.10300612449645996,3
482,20,0.18202567100524902,8
483,70,0.10299849510192871,3
484,68,0.11207127571105957,4
485,105,0.14100289344787598,5
486,90,0.12399816513061523,3
487,75,0.0989987850189209,3
488,49,0.17200136184692383,8
489,43,0.0740044116973877,2
490,42,0.2120058536529541,9
491,37,0.14597725868225098,4
492,55,0.16696739196777344,8
493,69,0.09900188446044922,3
494,73,0.1980288028717041,8
495,128,0.1139671802520752,3
496,138,0.1399993896484375,5
497,56,0.16102242469787598,8
498,41,0.1587224006652832,6
499,34,0.11199569702148438,3
500,200,0.17398452758789062,9
501,101,0.18000078201293945,9
502,44,0.1100008487701416,4
503,47,0.11600327491760254,4
504,59,0.182997465133667,9
505,178,0.10200309753417969,3
506,76,0.16000151634216309,8
507,35,0.1149904727935791,4
508,77,0.21780681610107422,9
509,45,0.1770007610321045,6
510,67,0.10503101348876953,3
511,85,0.10006093978881836,3
512,36,0.09798741340637207,3
513,97,0.09557437896728516,3
514,79,0.07999873161315918,2
515,73,0.1915268898010254,8
516,113,0.08099579811096191,2
517,65,0.10299825668334961,4
518,137,0.17600440979003906,8
519,25,0.1939997673034668,8
520,72,0.0670013427734375,2
521,99,0.10299515724182129,3
522,200,0.1650228500366211,7
523,40,0.06801986694335938,2
524,36,0.09900093078613281,4
525,43,0.18200111389160156,8
526,109,0.09400010108947754,3
527,39,0.1990053653717041,8
528,77,0.15898704528808594,8
529,143,0.10202646255493164,3
530,56,0.17500090599060059,8
531,17,0.19300079345703125,8
532,49,0.18308734893798828,9
533,26,0.16101503372192383,8
534,81,0.16600251197814941,8
535,88,0.21100211143493652,9
536,32,0.10500001907348633,3
537,102,0.16999530792236328,7
538,45,0.17103981971740723,8
539,89,0.18999862670898438,9
540,41,0.1909956932067871,9
541,19,0.16701769828796387,8
542,40,0.09498214721679688,3
543,86,0.08852791786193848,3
544,34,0.16400599479675293,8
545,92,0.09701681137084961,3
546,78,0.180023193359375,8
547,89,0.09900116920471191,3
548,78,0.18355083465576172,8
549,67,0.12299633026123047,4
550,50,0.1860041618347168,8
551,67,0.1720292568206787,8
552,87,0.11097264289855957,3
553,43,0.1360471248626709,4
554,35,0.07799363136291504,2
555,47,0.11499929428100586,4
556,30,0.18700122833251953,8
557,76,0.16300082206726074,5
558,97,0.10199785232543945,3
559,84,0.06702423095703125,2
560,49,0.06396770477294922,2
561,85,0.1909947395324707,8
562,77,0.17300081253051758,8
563,41,0.18400073051452637,9
564,59,0.21400213241577148,8
565,64,0.08902287483215332,3
566,75,0.13900351524353027,5
567,42,0.18376636505126953,7
568,93,0.2045145034790039,9
569,33,0.10699915885925293,3
570,42,0.07515978813171387,2
571,47,0.09903359413146973,3
572,79,0.16999435424804688,8
573,63,0.09003782272338867,3
574,106,0.12698125839233398,5
575,62,0.17402219772338867,9
576,127,0.14899921417236328,5
577,65,0.11100101470947266,3
578,79,0.17999696731567383,8
579,83,0.1680004596710205,8
580,62,0.09401607513427734,3
581,42,0.09699630737304688,3
582,122,0.08699965476989746,3
583,50,0.10800361633300781,3
584,34,0.17904233932495117,8
585,88,0.09399294853210449,3
586,35,0.1900501251220703,9
587,116,0.09798026084899902,3
588,116,0.0969696044921875,3
589,76,0.09599661827087402,3
590,189,0.1360032558441162,5
591,37,0.09599637985229492,3
592,159,0.09199976921081543,3
593,94,0.17699980735778809,9
594,48,0.09900522232055664,3
595,188,0.20500564575195312,9
596,52,0.14497780799865723,6
597,37,0.17603278160095215,9
598,51,0.10301661491394043,3
599,78,0.08799958229064941,2
600,49,0.13700485229492188,4
601,52,0.10999631881713867,3
602,40,0.09699678421020508,3
603,53,0.14600586891174316,5
604,101,0.07398581504821777,2
605,77,0.1670396327972412,8
606,98,0.10099506378173828,3
607,48,0.1100001335144043,3
608,53,0.1070098876953125,4
609,200,0.09799504280090332,3
610,42,0.1869983673095703,9
611,97,0.17300081253051758,8
612,200,0.1680312156677246,7
613,58,0.17498040199279785,9
614,72,0.1710221767425537,8
615,52,0.08800005912780762,3
616,74,0.15703868865966797,7
617,60,0.15500354766845703,8
618,167,0.18200135231018066,9
619,68,0.17499589920043945,8
620,52,0.10199999809265137,3
621,23,0.15807771682739258,8
622,40,0.0711209774017334,2
623,84,0.181046724319458,9
624,93,0.20200085639953613,9
625,49,0.20899558067321777,9
626,124,0.08899927139282227,3
627,27,0.14600086212158203,7
628,45,0.16300225257873535,7
629,109,0.12499594688415527,4
630,37,0.18400335311889648,8
631,80,0.12401628494262695,4
632,35,0.11999869346618652,4
633,46,0.17000269889831543,8
634,28,0.12151837348937988,4
635,86,0.06900262832641602,2
636,61,0.20447039604187012,8
637,88,0.17999839782714844,8
638,44,0.08100056648254395,2
639,48,0.1620032787322998,7
640,40,0.09299564361572266,3
641,100,0.11999940872192383,4
642,79,0.12451648712158203,3
643,36,0.22852110862731934,8
644,79,0.16300082206726074,4
645,42,0.18502140045166016,8
646,84,0.1699998378753662,8
647,38,0.09099936485290527,3
648,21,0.1639995574951172,8
649,50,0.19700288772583008,9
650,68,0.09399867057800293,3
651,64,0.1770153045654297,9
652,75,0.19898295402526855,8
653,81,0.18399548530578613,9
654,75,0.10102224349975586,3
655,200,0.15996861457824707,8
656,112,0.10503005981445312,3
657,46,0.18096685409545898,9
658,59,0.1307225227355957,5
659,51,0.18214178085327148,8
660,103,0.10800051689147949,4
661,145,0.16200590133666992,8
662,71,0.11598515510559082,4
663,39,0.12099957466125488,3
664,57,0.1810002326965332,7
665,45,0.09799933433532715,3
666,86,0.0969996452331543,3
667,47,0.15795588493347168,8
668,34,0.15899968147277832,8
669,49,0.16068100929260254,8
670,38,0.16507172584533691,8
671,48,0.08711934089660645,3
672,64,0.08799552917480469,3
673,41,0.18100333213806152,8
674,38,0.15899944305419922,7
675,52,0.19663715362548828,7
676,39,0.2186262607574463,9
677,55,0.1309807300567627,3
678,86,0.21702909469604492,9
679,49,0.07597756385803223,2
680,64,0.1021108627319336,3
681,33,0.09000110626220703,2
682,79,0.1770007610321045,8
683,60,0.09656262397766113,3
684,69,0.09698271751403809,3
685,56,0.13003087043762207,4
686,87,0.15596556663513184,6
687,43,0.17999958992004395,4
688,100,0.19305109977722168,8
689,66,0.19401073455810547,9
690,54,0.1810765266418457,8
691,87,0.1770033836364746,8
692,52,0.16208386421203613,8
693,78,0.18656468391418457,9
694,55,0.20699548721313477,9
695,44,0.09204220771789551,3
696,49,0.11596202850341797,4
697,86,0.1739954948425293,9
698,39,0.09200048446655273,3
699,65,0.06800007820129395,2
700,30,0.08999872207641602,3
701,40,0.1790013313293457,8
702,81,0.2160015106201172,9
703,71,0.08500218391418457,2
704,40,0.09999513626098633,3
705,53,0.10902905464172363,3
706,29,0.17609143257141113,8
707,47,0.12002944946289062,3
708,110,0.16299200057983398,8
709,86,0.09797310829162598,3
710,38,0.17900347709655762,8
711,22,0.201002836227417,9
712,114,0.12399959564208984,4
713,156,0.09699821472167969,3
714,65,0.21400022506713867,9
715,59,0.16300106048583984,8
716,80,0.13155865669250488,5
717,40,0.09100079536437988,3
718,95,0.18602418899536133,9
719,65,0.09401202201843262,3
720,40,0.17899107933044434,9
721,29,0.205000638961792,9
722,54,0.09099936485290527,3
723,67,0.08899950981140137,3
724,86,0.1820087432861328,9
725,113,0.09698843955993652,3
726,13,0.14256024360656738,5
727,62,0.14198946952819824,6
728,63,0.09551405906677246,3
729,50,0.1540205478668213,7
730,52,0.12700462341308594,4
731,52,0.09253215789794922,3
732,55,0.12699532508850098,5
733,43,0.1119990348815918,3
734,191,0.1139984130859375,4
735,56,0.1270003318786621,5
736,124,0.19099998474121094,9
737,45,0.1690235137939453,8
738,170,0.10550951957702637,3
739,117,0.06799936294555664,2
740,114,0.09601306915283203,3
741,60,0.08798503875732422,3
742,75,0.09099936485290527,3
743,118,0.17500638961791992,8
744,119,0.21105527877807617,9
745,49,0.2140181064605713,9
746,152,0.1755833625793457,8
747,76,0.06799817085266113,2
748,191,0.12999653816223145,5
749,47,0.10054945945739746,3
750,36,0.1750168800354004,9
751,104,0.19299888610839844,9
752,66,0.09707379341125488,3
753,94,0.17301177978515625,8
754,116,0.11899399757385254,4
755,65,0.15199923515319824,6
756,144,0.17103886604309082,8
757,107,0.2050020694732666,8
758,59,0.11699461936950684,3
759,64,0.2035198211669922,9
760,57,0.17400193214416504,7
761,61,0.191511869430542,9
762,118,0.1150045394897461,3
763,33,0.12201094627380371,4
764,200,0.1804966926574707,8
765,106,0.1650092601776123,8
766,54,0.09816789627075195,3
767,30,0.1910109519958496,9
768,134,0.2069852352142334,9
769,52,0.07000279426574707,2
770,102,0.07799911499023438,2
771,80,0.1979994773864746,9
772,121,0.09299945831298828,3
773,155,0.08999991416931152,3
774,35,0.14399957656860352,7
775,72,0.17607450485229492,8
776,65,0.08160734176635742,2
777,64,0.18000268936157227,8
778,66,0.08899784088134766,3
779,35,0.11602568626403809,4
780,20,0.12564730644226074,5
781,40,0.1049964427947998,3
782,24,0.16353964805603027,8
783,76,0.1639995574951172,8
784,46,0.09299778938293457,3
785,59,0.08951020240783691,3
786,55,0.1770014762878418,9
787,175,0.09707021713256836,3
788,130,0.20599102973937988,9
789,28,0.1729903221130371,8
790,64,0.09497570991516113,3
791,200,0.17200136184692383,8
792,103,0.10456514358520508,3
793,39,0.09699702262878418,3
794,42,0.14751839637756348,6
795,35,0.09901618957519531,3
796,55,0.09499430656433105,3
797,38,0.10465693473815918,3
798,128,0.10599803924560547,3
799,50,0.09799742698669434,3
800,83,0.09304523468017578,3
801,80,0.10599780082702637,4
802,60,0.09899663925170898,3
803,38,0.1840364933013916,9
804,98,0.10001683235168457,3
805,22,0.13650226593017578,5
806,54,0.1990509033203125,8
807,109,0.24599742889404297,8
808,25,0.13356494903564453,3
809,41,0.22899889945983887,8
810,58,0.19000554084777832,8
811,21,0.09799456596374512,3
812,33,0.0950021743774414,3
813,72,0.17200469970703125,7
814,71,0.17099809646606445,8
815,29,0.1871013641357422,8
816,58,0.09302067756652832,3
817,40,0.0690000057220459,2
818,156,0.09399890899658203,3
819,80,0.1620032787322998,6
820,91,0.18403148651123047,9
821,24,0.09999608993530273,3
822,50,0.10601210594177246,3
823,142,0.15198349952697754,7
824,108,0.07700347900390625,2
825,75,0.17909979820251465,8
826,40,0.1810009479522705,8
827,44,0.20252537727355957,9
828,47,0.10397648811340332,3
829,149,0.1639995574951172,7
830,91,0.17200446128845215,8
831,47,0.15399765968322754,5
832,66,0.10503745079040527,3
833,68,0.1470015048980713,6
834,151,0.08801674842834473,3
835,27,0.16999602317810059,7
836,58,0.11700439453125,3
837,100,0.18299627304077148,8
838,90,0.18603014945983887,8
839,147,0.14052796363830566,4
840,40,0.12602519989013672,4
841,36,0.2039961814880371,8
842,77,0.17200207710266113,8
843,33,0.18899965286254883,7
844,31,0.0630030632019043,2
845,91,0.17999625205993652,9
846,181,0.1980266571044922,9
847,45,0.1981058120727539,9
848,143,0.21998143196105957,9
849,32,0.1629958152770996,8
850,62,0.17400026321411133,9
851,85,0.08599972724914551,3
852,43,0.1320037841796875,6
853,68,0.10899972915649414,3
854,49,0.23504257202148438,9
855,55,0.17299866676330566,4
856,41,0.19803142547607422,5
857,39,0.19700193405151367,8
858,21,0.12703251838684082,3
859,151,0.18102049827575684,8
860,19,0.12700343132019043,3
861,47,0.20357990264892578,9
862,60,0.18009734153747559,9
863,74,0.17696166038513184,9
864,74,0.10999798774719238,4
865,103,0.09600496292114258,3
866,63,0.14603281021118164,5
867,57,0.22899484634399414,9
868,31,0.12208032608032227,4
869,82,0.16897845268249512,8
870,36,0.18651127815246582,9
871,54,0.10500621795654297,3
872,44,0.07998800277709961,2
873,60,0.1810004711151123,8
874,40,0.13899946212768555,6
875,75,0.15962719917297363,8
876,35,0.16702008247375488,8
877,100,0.06899857521057129,2
878,52,0.07303714752197266,2
879,37,0.17896389961242676,8
880,76,0.08399748802185059,3
881,84,0.16300320625305176,9
882,63,0.13999676704406738,8
883,103,0.15200281143188477,8
884,32,0.1689774990081787,9
885,72,0.08999824523925781,3
886,63,0.13300085067749023,5
887,61,0.1179971694946289,4
888,54,0.09903812408447266,3
889,95,0.1719980239868164,7
890,36,0.10700464248657227,4
891,44,0.14100050926208496,5
892,57,0.09000658988952637,3
893,69,0.1129908561706543,4
894,25,0.11500263214111328,4
895,26,0.1520078182220459,7
896,44,0.18401718139648438,8
897,86,0.0890045166015625,3
898,150,0.1459977626800537,7
899,70,0.1800220012664795,9
900,35,0.1690540313720703,8
901,53,0.1549994945526123,8
902,25,0.1419968605041504,8
903,70,0.1960465908050537,9
904,39,0.09900093078613281,3
905,43,0.1405637264251709,6
906,99,0.16553616523742676,8
907,115,0.09599018096923828,3
908,48,0.06395959854125977,2
909,48,0.12599992752075195,6
910,70,0.1419999599456787,8
911,39,0.07803010940551758,3
912,30,0.059998512268066406,2
913,39,0.07901191711425781,2
914,43,0.06799936294555664,2
915,23,0.11199665069580078,4
916,74,0.16500401496887207,8
917,49,0.07099747657775879,2
918,65,0.08299779891967773,3
919,200,0.15601754188537598,9
920,44,0.10599970817565918,4
921,27,0.0930185317993164,3
922,37,0.15503668785095215,8
923,103,0.10796332359313965,4
924,128,0.14100027084350586,7
925,49,0.11100316047668457,4
926,21,0.17799615859985352,8
927,70,0.11799979209899902,4
928,136,0.0910038948059082,3
929,45,0.10602951049804688,3
930,67,0.06999778747558594,2
931,44,0.18999886512756348,9
932,81,0.09001755714416504,3
933,70,0.1569831371307373,8
934,46,0.07703423500061035,2
935,74,0.15599632263183594,8
936,36,0.2205185890197754,9
937,56,0.15952372550964355,7
938,43,0.16900110244750977,8
939,185,0.15599799156188965,8
940,53,0.0819997787475586,3
941,86,0.09099602699279785,3
942,57,0.15903162956237793,8
943,59,0.15199708938598633,8
944,67,0.15599894523620605,8
945,36,0.18159270286560059,9
946,69,0.19299983978271484,9
947,52,0.16853857040405273,8
948,14,0.10999441146850586,4
949,30,0.15800023078918457,8
950,31,0.0910029411315918,3
951,103,0.08299994468688965,3
952,134,0.17099618911743164,7
953,31,0.061003684997558594,2
954,79,0.09300017356872559,3
955,74,0.13699984550476074,6
956,134,0.15699195861816406,8
957,53,0.15400338172912598,8
958,56,0.09600234031677246,3
959,112,0.2009739875793457,9
960,56,0.1170039176940918,5
961,56,0.08899617195129395,3
962,146,0.08900952339172363,3
963,43,0.08353090286254883,3
964,34,0.09502601623535156,3
965,34,0.15099120140075684,8
966,66,0.1499342918395996,5
967,91,0.18699884414672852,8
968,129,0.17256593704223633,8
969,32,0.21199679374694824,9
970,83,0.15400075912475586,8
971,91,0.1029958724975586,4
972,80,0.09400081634521484,3
973,32,0.10100364685058594,3
974,85,0.12399673461914062,4
975,115,0.1849079132080078,9
976,52,0.1640024185180664,9
977,32,0.15754055976867676,8
978,119,0.06500101089477539,2
979,56,0.10399580001831055,4
980,21,0.09199953079223633,3
981,40,0.1640033721923828,8
982,26,0.18199753761291504,9
983,26,0.09450888633728027,3
984,77,0.17800092697143555,8
985,61,0.09051251411437988,3
986,41,0.08899998664855957,3
987,93,0.17099809646606445,8
988,104,0.18300342559814453,9
989,35,0.1159970760345459,4
990,179,0.16399693489074707,8
991,89,0.18100476264953613,9
992,34,0.09099578857421875,3
993,85,0.10300922393798828,4
994,40,0.10098648071289062,3
995,75,0.18001794815063477,8
996,85,0.09598493576049805,3
997,43,0.12099957466125488,4
998,49,0.15700054168701172,8
999,22,0.18906092643737793,9
