Episode,Steps,Time,Converged at Iterations
0,86,0.17099618911743164,8
1,200,0.10300064086914062,3
2,100,0.18100857734680176,8
3,52,0.19399571418762207,8
4,81,0.14001893997192383,5
5,120,0.09601140022277832,3
6,97,0.07297492027282715,2
7,69,0.17399930953979492,8
8,26,0.12200260162353516,3
9,124,0.0689997673034668,2
10,110,0.11600494384765625,4
11,79,0.17699837684631348,8
12,59,0.15003490447998047,5
13,76,0.18203186988830566,8
14,142,0.12299680709838867,3
15,66,0.11505770683288574,3
16,46,0.10799503326416016,4
17,37,0.19171452522277832,9
18,72,0.1379990577697754,5
19,65,0.15801191329956055,7
20,53,0.07899594306945801,2
21,91,0.0729990005493164,2
22,106,0.21300148963928223,9
23,135,0.18899917602539062,8
24,28,0.18103384971618652,8
25,80,0.18796658515930176,9
26,84,0.10099983215332031,3
27,80,0.16699957847595215,8
28,51,0.09506058692932129,3
29,44,0.10798954963684082,4
30,62,0.09630012512207031,3
31,108,0.15700984001159668,7
32,50,0.16797256469726562,8
33,52,0.11112618446350098,3
34,53,0.13199591636657715,4
35,49,0.09801793098449707,3
36,48,0.09898233413696289,3
37,116,0.09151458740234375,3
38,24,0.18896698951721191,8
39,60,0.16899919509887695,7
40,52,0.0749971866607666,2
41,90,0.10000014305114746,3
42,35,0.08300185203552246,2
43,132,0.17099881172180176,8
44,53,0.11003971099853516,3
45,45,0.18797516822814941,8
46,55,0.17800283432006836,9
47,200,0.10204648971557617,3
48,72,0.14400982856750488,5
49,41,0.1355149745941162,5
50,53,0.19602298736572266,9
51,75,0.11599946022033691,4
52,61,0.18205046653747559,7
53,48,0.18300080299377441,8
54,120,0.17600035667419434,9
55,185,0.1829991340637207,9
56,94,0.09902811050415039,3
57,76,0.17213869094848633,8
58,108,0.1739640235900879,8
59,105,0.1880021095275879,9
60,21,0.10902190208435059,3
61,32,0.1169741153717041,4
62,40,0.14500045776367188,5
63,68,0.17399978637695312,8
64,43,0.2090311050415039,9
65,62,0.16099977493286133,8
66,111,0.09453916549682617,3
67,33,0.14501667022705078,5
68,43,0.10300421714782715,3
69,59,0.10100603103637695,3
70,18,0.17550349235534668,8
71,76,0.16200494766235352,7
72,62,0.10700035095214844,3
73,46,0.09299731254577637,3
74,38,0.07108855247497559,2
75,35,0.07900047302246094,2
76,25,0.1715376377105713,8
77,46,0.11452078819274902,3
78,90,0.18800044059753418,3
79,34,0.19100451469421387,4
80,20,0.1529982089996338,4
81,76,0.2700021266937256,8
82,45,0.18802547454833984,3
83,99,0.2109966278076172,5
84,112,0.09099936485290527,2
85,200,0.2569997310638428,9
86,55,0.20300006866455078,7
87,30,0.10599946975708008,3
88,77,0.13260674476623535,4
89,69,0.09499907493591309,3
90,67,0.09800124168395996,3
91,31,0.19947361946105957,8
92,45,0.16601347923278809,6
93,75,0.13398194313049316,4
94,124,0.08199763298034668,2
95,65,0.1260058879852295,4
96,32,0.10607576370239258,3
97,70,0.121978759765625,4
98,36,0.20502686500549316,9
99,167,0.180525541305542,7
100,66,0.11699986457824707,3
101,115,0.11499786376953125,3
102,23,0.23600482940673828,9
103,63,0.2196977138519287,7
104,177,0.1640005111694336,6
105,77,0.11599969863891602,4
106,85,0.15401649475097656,7
107,87,0.19199800491333008,9
108,114,0.1809828281402588,9
109,110,0.19000554084777832,8
110,92,0.10599684715270996,3
111,18,0.17504215240478516,8
112,81,0.11100006103515625,4
113,83,0.17307066917419434,8
114,38,0.17400002479553223,8
115,79,0.11099410057067871,3
116,60,0.15700340270996094,7
117,43,0.14299678802490234,6
118,70,0.1690974235534668,8
119,57,0.13399577140808105,4
120,86,0.09600448608398438,3
121,117,0.07654142379760742,2
122,53,0.1859753131866455,9
123,39,0.19099926948547363,9
124,38,0.09700345993041992,3
125,62,0.18200969696044922,9
126,131,0.19500112533569336,9
127,55,0.14297866821289062,5
128,13,0.19002127647399902,8
129,85,0.1669774055480957,8
130,37,0.10600972175598145,3
131,28,0.11899065971374512,4
132,40,0.09299445152282715,3
133,57,0.17101573944091797,8
134,41,0.09374260902404785,3
135,69,0.11082673072814941,3
136,37,0.15699052810668945,7
137,63,0.10352492332458496,3
138,76,0.15000557899475098,6
139,39,0.18797564506530762,8
140,48,0.20299601554870605,9
141,71,0.09200429916381836,3
142,45,0.0690011978149414,2
143,21,0.11499881744384766,4
144,200,0.08899641036987305,3
145,44,0.09299969673156738,3
146,87,0.1880044937133789,8
147,51,0.17099952697753906,8
148,125,0.16599631309509277,8
149,71,0.09099888801574707,3
150,80,0.1690049171447754,8
151,32,0.1871023178100586,7
152,19,0.18598270416259766,8
153,59,0.07300114631652832,2
154,54,0.1150217056274414,3
155,111,0.1549825668334961,7
156,43,0.16299939155578613,8
157,75,0.0769953727722168,2
158,45,0.18679356575012207,8
159,51,0.20008444786071777,7
160,49,0.10100364685058594,3
161,77,0.09497213363647461,3
162,85,0.18199515342712402,9
163,195,0.1020059585571289,3
164,39,0.13096284866333008,5
165,131,0.18200469017028809,8
166,59,0.17899489402770996,7
167,93,0.18505597114562988,9
168,83,0.09295892715454102,3
169,43,0.1820220947265625,8
170,48,0.10000061988830566,3
171,40,0.20002293586730957,9
172,15,0.1100914478302002,4
173,76,0.18400144577026367,9
174,71,0.19199848175048828,8
175,43,0.18000316619873047,8
176,77,0.09304690361022949,3
177,30,0.18454504013061523,8
178,73,0.19199490547180176,9
179,29,0.18799924850463867,7
180,77,0.1359996795654297,5
181,72,0.13900089263916016,5
182,73,0.1330251693725586,4
183,70,0.19251012802124023,8
184,26,0.08799886703491211,3
185,74,0.19603753089904785,8
186,66,0.12802457809448242,4
187,83,0.11699628829956055,4
188,70,0.22200965881347656,9
189,37,0.17399144172668457,8
190,162,0.18000078201293945,9
191,74,0.07400035858154297,2
192,44,0.09099721908569336,3
193,60,0.18897438049316406,8
194,87,0.09903979301452637,3
195,39,0.19756174087524414,9
196,123,0.06900143623352051,2
197,98,0.1250011920928955,4
198,99,0.12099361419677734,4
199,90,0.11603450775146484,4
200,63,0.19597768783569336,8
201,90,0.18500089645385742,8
202,46,0.09197998046875,3
203,46,0.06999397277832031,2
204,67,0.0740044116973877,2
205,49,0.178117036819458,8
206,68,0.0910189151763916,3
207,31,0.09400534629821777,3
208,63,0.16499662399291992,7
209,58,0.194000244140625,9
210,149,0.11803746223449707,4
211,96,0.11199474334716797,5
212,33,0.11199951171875,3
213,26,0.09499907493591309,3
214,59,0.18300652503967285,8
215,111,0.13301730155944824,5
216,185,0.1030116081237793,3
217,41,0.18254995346069336,8
218,74,0.1849656105041504,8
219,24,0.07000041007995605,2
220,91,0.07500004768371582,2
221,63,0.1770000457763672,8
222,200,0.10399985313415527,3
223,48,0.09900951385498047,3
224,45,0.10599303245544434,3
225,23,0.17899751663208008,8
226,42,0.165022611618042,8
227,80,0.19054198265075684,9
228,45,0.1310105323791504,4
229,147,0.10898256301879883,4
230,28,0.19803881645202637,9
231,26,0.13299322128295898,5
232,50,0.15899920463562012,6
233,49,0.1665172576904297,8
234,98,0.1845722198486328,8
235,17,0.17699432373046875,8
236,56,0.10304069519042969,4
237,80,0.1719653606414795,6
238,31,0.1849992275238037,9
239,125,0.10600161552429199,3
240,22,0.10499835014343262,3
241,47,0.11403012275695801,4
242,56,0.12500452995300293,4
243,50,0.12601995468139648,4
244,57,0.10002422332763672,3
245,109,0.16399669647216797,8
246,23,0.10452008247375488,3
247,109,0.09704804420471191,3
248,35,0.19100427627563477,9
249,64,0.10000896453857422,3
250,89,0.18396711349487305,8
251,39,0.09203124046325684,3
252,115,0.06697773933410645,2
253,39,0.18898963928222656,8
254,30,0.09300017356872559,3
255,114,0.19099664688110352,8
256,50,0.13499903678894043,6
257,54,0.17799997329711914,9
258,93,0.07600069046020508,2
259,86,0.09799885749816895,3
260,53,0.18801522254943848,9
261,67,0.1176457405090332,3
262,41,0.08999395370483398,2
263,66,0.20200109481811523,8
264,54,0.14499735832214355,4
265,200,0.08900117874145508,2
266,58,0.20400047302246094,7
267,53,0.13299846649169922,3
268,50,0.09800052642822266,3
269,74,0.13499855995178223,3
270,105,0.10500049591064453,3
271,116,0.1459972858428955,4
272,35,0.1550004482269287,4
273,43,0.12900114059448242,3
274,38,0.23200511932373047,8
275,54,0.23599958419799805,8
276,62,0.16699862480163574,5
277,21,0.10568380355834961,3
278,56,0.13299965858459473,4
279,80,0.11103439331054688,3
280,134,0.11399960517883301,3
281,49,0.21402502059936523,8
282,65,0.11600399017333984,3
283,171,0.14906883239746094,6
284,61,0.0800015926361084,2
285,58,0.17499947547912598,8
286,65,0.16002297401428223,5
287,35,0.1905534267425537,9
288,52,0.17403435707092285,8
289,25,0.09097647666931152,3
290,65,0.09400320053100586,3
291,64,0.09100008010864258,3
292,29,0.16705107688903809,8
293,84,0.10202622413635254,3
294,35,0.11299967765808105,3
295,125,0.10703921318054199,3
296,90,0.20899486541748047,9
297,37,0.1100003719329834,4
298,110,0.1890268325805664,9
299,110,0.1889936923980713,9
300,45,0.17599916458129883,8
301,40,0.1700453758239746,8
302,60,0.10696125030517578,3
303,114,0.12800836563110352,4
304,72,0.07002019882202148,2
305,40,0.14396262168884277,6
306,68,0.18200016021728516,8
307,95,0.15004444122314453,7
308,27,0.1700425148010254,8
309,79,0.18797755241394043,9
310,41,0.19902896881103516,8
311,66,0.19500446319580078,9
312,200,0.2129960060119629,9
313,64,0.18503332138061523,9
314,72,0.19100046157836914,9
315,85,0.10300040245056152,3
316,35,0.16899514198303223,8
317,132,0.11000370979309082,3
318,88,0.1990065574645996,9
319,47,0.12302136421203613,4
320,50,0.20451116561889648,9
321,28,0.18700075149536133,8
322,39,0.10503625869750977,4
323,84,0.10000133514404297,3
324,114,0.09400033950805664,3
325,43,0.09099793434143066,3
326,118,0.17699909210205078,8
327,67,0.0780031681060791,2
328,110,0.09298276901245117,3
329,52,0.14402508735656738,5
330,54,0.11202239990234375,4
331,115,0.11654520034790039,4
332,116,0.06997990608215332,2
333,66,0.09796857833862305,3
334,62,0.19400477409362793,9
335,99,0.09700870513916016,3
336,34,0.10498571395874023,3
337,65,0.11700320243835449,4
338,194,0.1979966163635254,8
339,79,0.18300414085388184,9
340,69,0.12102699279785156,4
341,71,0.09796309471130371,3
342,118,0.17899847030639648,9
343,54,0.17000222206115723,7
344,97,0.193986177444458,9
345,87,0.1089930534362793,3
346,34,0.09905195236206055,3
347,35,0.09800434112548828,3
348,49,0.15948081016540527,8
349,57,0.19151687622070312,9
350,98,0.12399864196777344,4
351,38,0.14102506637573242,5
352,30,0.1600046157836914,8
353,53,0.09298491477966309,3
354,61,0.10500669479370117,3
355,129,0.1070854663848877,3
356,45,0.1940445899963379,9
357,48,0.18499970436096191,8
358,31,0.13900089263916016,5
359,37,0.18100214004516602,7
360,34,0.06999802589416504,2
361,72,0.06800508499145508,2
362,56,0.1850423812866211,9
363,96,0.0700070858001709,2
364,165,0.09258294105529785,3
365,95,0.11598014831542969,3
366,83,0.1010293960571289,3
367,26,0.09599423408508301,3
368,113,0.09800601005554199,3
369,199,0.11396169662475586,3
370,34,0.17299890518188477,9
371,134,0.17500090599060059,8
372,18,0.11500239372253418,4
373,35,0.09899568557739258,3
374,65,0.17502570152282715,8
375,50,0.1819615364074707,8
376,45,0.07100582122802734,2
377,88,0.12298798561096191,5
378,19,0.09498715400695801,3
379,42,0.20809412002563477,9
380,33,0.17504429817199707,8
381,86,0.11498546600341797,4
382,60,0.12500405311584473,5
383,81,0.19332337379455566,8
384,92,0.13700413703918457,5
385,23,0.17252326011657715,8
386,35,0.19755268096923828,9
387,134,0.1139976978302002,3
388,48,0.09199643135070801,3
389,40,0.1810312271118164,8
390,84,0.11996817588806152,4
391,132,0.20400166511535645,9
392,90,0.17798113822937012,9
393,64,0.17999577522277832,8
394,117,0.09299850463867188,3
395,74,0.16299986839294434,8
396,29,0.0970008373260498,3
397,98,0.18300104141235352,8
398,29,0.09755754470825195,3
399,51,0.1805262565612793,8
400,145,0.10100054740905762,3
401,55,0.1920313835144043,9
402,91,0.18796372413635254,9
403,68,0.10599780082702637,3
404,26,0.174025297164917,8
405,40,0.11499714851379395,4
406,52,0.17302489280700684,8
407,38,0.19199419021606445,9
408,200,0.2040081024169922,9
409,41,0.18498516082763672,9
410,56,0.11000609397888184,4
411,28,0.16999530792236328,8
412,39,0.1111295223236084,3
413,19,0.09403395652770996,3
414,50,0.1979658603668213,9
415,44,0.19500160217285156,9
416,57,0.12001800537109375,4
417,69,0.13497304916381836,5
418,36,0.1601119041442871,7
419,48,0.09999895095825195,3
420,74,0.10000038146972656,3
421,116,0.09901142120361328,3
422,84,0.19398021697998047,8
423,50,0.10299801826477051,3
424,58,0.10001230239868164,3
425,85,0.10598874092102051,3
426,70,0.18000483512878418,8
427,120,0.17397308349609375,8
428,67,0.19710850715637207,9
429,153,0.17051458358764648,8
430,53,0.11099576950073242,4
431,61,0.18900203704833984,8
432,56,0.19805169105529785,9
433,47,0.1849966049194336,9
434,44,0.09351134300231934,3
435,87,0.10251641273498535,3
436,64,0.07651948928833008,2
437,61,0.11599564552307129,4
438,84,0.17952704429626465,8
439,51,0.09499669075012207,3
440,109,0.09799909591674805,3
441,183,0.19300103187561035,9
442,35,0.1910228729248047,9
443,36,0.173994779586792,8
444,41,0.2070009708404541,9
445,177,0.17403006553649902,8
446,72,0.18251967430114746,8
447,60,0.19600439071655273,9
448,80,0.09699487686157227,3
449,37,0.1490006446838379,6
450,44,0.17600321769714355,8
451,57,0.12201356887817383,4
452,139,0.11797547340393066,4
453,130,0.17945504188537598,9
454,105,0.1975724697113037,9
455,50,0.1210336685180664,4
456,36,0.11099028587341309,4
457,76,0.1730055809020996,8
458,43,0.1929912567138672,9
459,200,0.16097784042358398,6
460,89,0.10300278663635254,3
461,47,0.15599679946899414,5
462,117,0.1809988021850586,9
463,55,0.19101834297180176,9
464,71,0.149993896484375,7
465,50,0.09600067138671875,3
466,51,0.19300246238708496,8
467,81,0.20404767990112305,8
468,58,0.2276926040649414,8
469,71,0.25300097465515137,8
470,60,0.11100101470947266,2
471,49,0.16399884223937988,5
472,58,0.26799988746643066,9
473,27,0.2389976978302002,8
474,52,0.2600116729736328,9
475,52,0.1199805736541748,3
476,46,0.17400527000427246,8
477,200,0.09999823570251465,3
478,53,0.17799973487854004,8
479,64,0.15199804306030273,6
480,91,0.09900164604187012,3
481,183,0.17203617095947266,6
482,180,0.0760493278503418,2
483,84,0.10365843772888184,3
484,65,0.10402226448059082,3
485,142,0.17848753929138184,8
486,86,0.17502307891845703,8
487,23,0.11099720001220703,4
488,87,0.12853169441223145,4
489,99,0.17902398109436035,8
490,75,0.15107417106628418,5
491,130,0.17910003662109375,8
492,103,0.16600513458251953,5
493,96,0.08399462699890137,2
494,58,0.10303854942321777,3
495,49,0.13500094413757324,4
496,45,0.17699813842773438,8
497,62,0.1150052547454834,3
498,101,0.20199370384216309,9
499,30,0.0950009822845459,3
500,108,0.10299992561340332,3
501,67,0.11500144004821777,3
502,43,0.17999935150146484,8
503,48,0.18199944496154785,9
504,68,0.17999625205993652,8
505,35,0.16900134086608887,8
506,73,0.1679975986480713,8
507,59,0.21454524993896484,9
508,48,0.1099998950958252,4
509,57,0.14204096794128418,5
510,31,0.06900334358215332,2
511,38,0.19009661674499512,9
512,109,0.10104203224182129,3
513,135,0.19409728050231934,8
514,134,0.17852115631103516,7
515,38,0.07501554489135742,2
516,90,0.17401814460754395,8
517,44,0.18498921394348145,8
518,166,0.20006084442138672,9
519,34,0.09599947929382324,3
520,198,0.1955409049987793,8
521,102,0.12799763679504395,4
522,30,0.11200523376464844,4
523,100,0.2039792537689209,9
524,186,0.09799551963806152,3
525,115,0.1759951114654541,8
526,162,0.07100057601928711,2
527,44,0.19899916648864746,9
528,128,0.1719989776611328,8
529,53,0.11800360679626465,4
530,68,0.0879969596862793,3
531,82,0.06900167465209961,2
532,82,0.1959984302520752,8
533,37,0.15298795700073242,5
534,66,0.16506052017211914,7
535,58,0.18700361251831055,8
536,44,0.20029306411743164,9
537,41,0.2589859962463379,9
538,52,0.09299707412719727,2
539,48,0.23105955123901367,9
540,64,0.11098194122314453,3
541,40,0.09401392936706543,2
542,80,0.09601664543151855,3
543,85,0.20299339294433594,9
544,92,0.18304753303527832,8
545,30,0.19698596000671387,9
546,126,0.16803765296936035,8
547,55,0.11803245544433594,4
548,200,0.13299560546875,3
549,33,0.1670384407043457,8
550,57,0.186004638671875,9
551,48,0.181013822555542,8
552,65,0.17900872230529785,8
553,35,0.07609677314758301,2
554,75,0.09399795532226562,3
555,140,0.17105388641357422,8
556,101,0.20512747764587402,9
557,27,0.09596800804138184,3
558,98,0.10099554061889648,3
559,34,0.07758545875549316,2
560,27,0.08207845687866211,2
561,75,0.0929722785949707,3
562,57,0.19158554077148438,8
563,42,0.08604931831359863,3
564,45,0.10400748252868652,3
565,71,0.11550498008728027,3
566,58,0.10399770736694336,3
567,164,0.10400390625,3
568,65,0.11499953269958496,4
569,128,0.19303011894226074,8
570,63,0.1725318431854248,7
571,54,0.20505046844482422,9
572,44,0.10700011253356934,3
573,39,0.14502429962158203,5
574,39,0.1580049991607666,7
575,104,0.18860864639282227,9
576,44,0.14303302764892578,5
577,45,0.09900498390197754,3
578,81,0.18811321258544922,8
579,73,0.09695887565612793,3
580,93,0.09000015258789062,2
581,83,0.18700027465820312,9
582,26,0.16904830932617188,8
583,62,0.20905303955078125,9
584,30,0.10208892822265625,3
585,77,0.18209624290466309,8
586,108,0.10796976089477539,3
587,102,0.12451553344726562,4
588,48,0.1750016212463379,8
589,43,0.18806982040405273,8
590,115,0.19800114631652832,8
591,195,0.16552162170410156,7
592,88,0.0910027027130127,3
593,31,0.11999797821044922,4
594,111,0.1710054874420166,8
595,36,0.10597419738769531,3
596,57,0.17399835586547852,8
597,63,0.20006203651428223,9
598,50,0.0680088996887207,2
599,200,0.18805241584777832,9
600,70,0.17000031471252441,8
601,57,0.09701085090637207,3
602,107,0.18098092079162598,8
603,49,0.17101240158081055,8
604,106,0.15098166465759277,5
605,32,0.06599974632263184,2
606,55,0.07500386238098145,2
607,57,0.1325395107269287,4
608,158,0.18599820137023926,8
609,38,0.10100603103637695,3
610,70,0.12499642372131348,4
611,139,0.1999983787536621,8
612,41,0.09599995613098145,3
613,53,0.1730036735534668,6
614,151,0.1009817123413086,3
615,69,0.1495523452758789,5
616,36,0.17204666137695312,8
617,78,0.10604023933410645,3
618,58,0.13899445533752441,5
619,24,0.06811809539794922,2
620,47,0.17299628257751465,8
621,101,0.15500378608703613,6
622,71,0.08900213241577148,2
623,74,0.11053943634033203,3
624,74,0.13298749923706055,5
625,76,0.17299556732177734,7
626,53,0.10000181198120117,3
627,27,0.15200042724609375,6
628,139,0.17602920532226562,8
629,75,0.10000205039978027,3
630,137,0.2099466323852539,9
631,26,0.14804291725158691,5
632,92,0.10703277587890625,3
633,44,0.10599684715270996,4
634,48,0.09578442573547363,3
635,35,0.11999964714050293,4
636,110,0.18699979782104492,9
637,43,0.10599970817565918,3
638,176,0.17910480499267578,8
639,61,0.18199849128723145,8
640,46,0.17400360107421875,8
641,43,0.19496703147888184,9
642,49,0.1715528964996338,8
643,40,0.19704246520996094,8
644,21,0.09400653839111328,3
645,53,0.1056220531463623,3
646,124,0.18100190162658691,8
647,72,0.1770644187927246,8
648,37,0.18353629112243652,9
649,102,0.1000058650970459,3
650,81,0.1649796962738037,8
651,55,0.08999967575073242,3
652,45,0.13900470733642578,5
653,90,0.07300066947937012,2
654,41,0.10999631881713867,3
655,124,0.17999815940856934,8
656,80,0.11901617050170898,4
657,84,0.1865067481994629,9
658,41,0.19803452491760254,9
659,165,0.08202195167541504,2
660,87,0.17600107192993164,8
661,52,0.10300850868225098,3
662,49,0.19697284698486328,9
663,46,0.18000149726867676,8
664,80,0.16352200508117676,8
665,132,0.1560206413269043,7
666,79,0.19899988174438477,9
667,45,0.1886279582977295,9
668,200,0.06755638122558594,2
669,54,0.06600069999694824,2
670,56,0.1839914321899414,8
671,45,0.0989999771118164,3
672,46,0.10500025749206543,4
673,34,0.16400599479675293,7
674,103,0.09900259971618652,3
675,145,0.19199538230895996,9
676,129,0.19800257682800293,9
677,28,0.15999746322631836,6
678,37,0.09907269477844238,3
679,62,0.1309947967529297,5
680,40,0.18451690673828125,8
681,30,0.1450059413909912,5
682,110,0.06399178504943848,2
683,37,0.11001801490783691,4
684,26,0.09702897071838379,3
685,68,0.09500002861022949,3
686,106,0.17697525024414062,8
687,77,0.2000572681427002,7
688,75,0.11200118064880371,3
689,22,0.2350001335144043,8
690,58,0.15000224113464355,4
691,54,0.15999960899353027,4
692,29,0.27699828147888184,8
693,54,0.11900019645690918,3
694,94,0.09900188446044922,2
695,37,0.1450176239013672,4
696,50,0.21853113174438477,9
697,18,0.2240009307861328,7
698,84,0.13400602340698242,3
699,57,0.09799361228942871,2
700,125,0.23107552528381348,8
701,125,0.16300606727600098,4
702,105,0.2400519847869873,8
703,33,0.19599318504333496,4
704,200,0.22500085830688477,8
705,78,0.1919994354248047,8
706,38,0.09202885627746582,3
707,43,0.09901595115661621,3
708,42,0.12898659706115723,3
709,27,0.11099743843078613,2
710,93,0.22954583168029785,9
711,31,0.10999727249145508,3
712,62,0.10199952125549316,3
713,82,0.1027977466583252,3
714,135,0.1639997959136963,7
715,76,0.1889960765838623,9
716,48,0.11298847198486328,4
717,102,0.1300218105316162,5
718,38,0.12100100517272949,4
719,63,0.1000373363494873,3
720,39,0.1820230484008789,9
721,41,0.11898493766784668,3
722,200,0.1650238037109375,7
723,80,0.17399907112121582,7
724,141,0.09958338737487793,3
725,69,0.07999348640441895,2
726,45,0.10002756118774414,3
727,19,0.09299588203430176,3
728,83,0.1619877815246582,8
729,80,0.10300397872924805,3
730,60,0.10499739646911621,3
731,144,0.07503557205200195,2
732,32,0.10603475570678711,4
733,55,0.13498878479003906,6
734,96,0.09198999404907227,3
735,124,0.15804123878479004,7
736,41,0.20151615142822266,9
737,33,0.18501949310302734,9
738,50,0.06297731399536133,2
739,105,0.10700225830078125,3
740,79,0.17397570610046387,8
741,13,0.14472603797912598,5
742,109,0.20002055168151855,8
743,51,0.1360011100769043,4
744,34,0.14302277565002441,5
745,33,0.16653823852539062,6
746,55,0.2140207290649414,9
747,123,0.07500481605529785,2
748,62,0.09005594253540039,2
749,46,0.09801888465881348,3
750,97,0.09699678421020508,3
751,62,0.18799805641174316,9
752,34,0.10799741744995117,3
753,79,0.17200136184692383,8
754,36,0.19509243965148926,9
755,53,0.17002367973327637,8
756,170,0.09700131416320801,3
757,61,0.11199831962585449,3
758,36,0.10000014305114746,3
759,27,0.12099981307983398,4
760,75,0.09100341796875,3
761,60,0.17707324028015137,8
762,34,0.18454217910766602,8
763,72,0.07399249076843262,2
764,43,0.10499715805053711,3
765,64,0.18854999542236328,8
766,51,0.19499731063842773,9
767,14,0.06999993324279785,2
768,115,0.0709993839263916,2
769,44,0.09800052642822266,3
770,146,0.19154953956604004,8
771,21,0.09903907775878906,3
772,200,0.06698274612426758,2
773,36,0.1959984302520752,9
774,28,0.15302586555480957,7
775,47,0.174513578414917,8
776,80,0.06800556182861328,2
777,132,0.18399453163146973,8
778,79,0.10600805282592773,3
779,92,0.12399053573608398,4
780,110,0.0989997386932373,3
781,54,0.14269304275512695,5
782,59,0.20354676246643066,9
783,45,0.07904458045959473,2
784,50,0.20999598503112793,8
785,58,0.1640024185180664,3
786,190,0.16199874877929688,3
787,66,0.23300671577453613,8
788,130,0.18599939346313477,5
789,107,0.13759779930114746,4
790,89,0.21199965476989746,8
791,64,0.283001184463501,9
792,70,0.2530021667480469,8
793,66,0.18302416801452637,8
794,76,0.09799647331237793,3
795,51,0.12400317192077637,4
796,33,0.11302018165588379,3
797,44,0.1790013313293457,9
798,88,0.1795206069946289,8
799,81,0.19299983978271484,9
800,57,0.19999957084655762,9
801,95,0.1690058708190918,8
802,101,0.13399267196655273,4
803,98,0.10299921035766602,3
804,31,0.09799909591674805,3
805,54,0.07000494003295898,2
806,83,0.17145133018493652,8
807,46,0.20102596282958984,9
808,34,0.17599916458129883,8
809,24,0.16199994087219238,8
810,48,0.17600154876708984,8
811,64,0.13199973106384277,5
812,26,0.11399602890014648,4
813,59,0.18300533294677734,9
814,87,0.08957433700561523,3
815,34,0.07296633720397949,2
816,117,0.11599993705749512,4
817,61,0.09251236915588379,3
818,86,0.10300087928771973,3
819,77,0.095001220703125,3
820,72,0.19001340866088867,9
821,76,0.18202924728393555,8
822,48,0.18753576278686523,8
823,44,0.12705159187316895,4
824,103,0.20665812492370605,9
825,35,0.1029958724975586,3
826,70,0.1740260124206543,8
827,131,0.09700608253479004,3
828,38,0.1810297966003418,8
829,64,0.18219351768493652,8
830,89,0.14254522323608398,5
831,99,0.11499834060668945,4
832,96,0.17252898216247559,8
833,70,0.1920619010925293,8
834,102,0.09799408912658691,3
835,84,0.10709071159362793,3
836,102,0.10399460792541504,3
837,51,0.18100857734680176,8
838,31,0.18700003623962402,8
839,86,0.09400153160095215,3
840,38,0.19299697875976562,9
841,166,0.17399883270263672,8
842,48,0.09601092338562012,3
843,104,0.12099504470825195,4
844,69,0.1109933853149414,4
845,66,0.2100687026977539,9
846,187,0.18753886222839355,8
847,73,0.19204378128051758,8
848,51,0.18801474571228027,9
849,37,0.16998028755187988,8
850,43,0.1790015697479248,8
851,110,0.16300034523010254,6
852,99,0.09597420692443848,3
853,68,0.11999821662902832,3
854,87,0.13300108909606934,5
855,98,0.18100285530090332,8
856,22,0.16603302955627441,7
857,103,0.09096312522888184,3
858,184,0.19503045082092285,9
859,129,0.19551420211791992,9
860,77,0.11199283599853516,4
861,35,0.14810562133789062,5
862,98,0.17147231101989746,8
863,60,0.17999958992004395,8
864,134,0.17400240898132324,8
865,91,0.1770029067993164,8
866,44,0.07101321220397949,2
867,166,0.11999940872192383,4
868,30,0.09700202941894531,3
869,28,0.09999799728393555,3
870,42,0.16300177574157715,8
871,56,0.09802055358886719,3
872,113,0.0650174617767334,2
873,67,0.1259937286376953,5
874,137,0.09900283813476562,3
875,45,0.17203402519226074,8
876,61,0.18600010871887207,9
877,145,0.17967462539672852,9
878,69,0.09699654579162598,3
879,75,0.09805154800415039,3
880,110,0.0740194320678711,2
881,25,0.20696163177490234,9
882,72,0.11099743843078613,4
883,61,0.1750047206878662,8
884,47,0.0749962329864502,2
885,26,0.11099934577941895,3
886,83,0.0709993839263916,2
887,48,0.11499643325805664,4
888,86,0.12103533744812012,4
889,54,0.18599200248718262,8
890,116,0.1180121898651123,4
891,67,0.20272350311279297,9
892,37,0.09200191497802734,3
893,64,0.18500709533691406,8
894,16,0.19900774955749512,9
895,55,0.1995375156402588,9
896,31,0.1385207176208496,4
897,47,0.10399866104125977,3
898,49,0.19402742385864258,9
899,43,0.07351422309875488,2
900,62,0.16910743713378906,8
901,120,0.11800003051757812,4
902,37,0.10756206512451172,3
903,58,0.0709986686706543,2
904,46,0.12104034423828125,3
905,108,0.17699432373046875,9
906,94,0.1420001983642578,5
907,44,0.16699981689453125,7
908,85,0.18600177764892578,9
909,86,0.11502408981323242,3
910,100,0.07850503921508789,2
911,41,0.07151055335998535,2
912,17,0.12802910804748535,4
913,31,0.06851863861083984,2
914,65,0.1759941577911377,8
915,43,0.09900093078613281,3
916,70,0.08500003814697266,2
917,73,0.08200454711914062,2
918,98,0.09799623489379883,3
919,60,0.16800594329833984,6
920,42,0.1800088882446289,8
921,49,0.16799068450927734,8
922,35,0.13402271270751953,6
923,92,0.19652390480041504,9
924,87,0.17200303077697754,8
925,187,0.1869957447052002,8
926,75,0.09299302101135254,3
927,200,0.06999778747558594,2
928,47,0.13396668434143066,5
929,63,0.08901381492614746,3
930,52,0.1959989070892334,8
931,91,0.18199825286865234,8
932,48,0.17600107192993164,8
933,91,0.18700003623962402,9
934,83,0.1840534210205078,9
935,56,0.15404057502746582,7
936,77,0.1954669952392578,9
937,49,0.14599895477294922,7
938,41,0.21507763862609863,9
939,75,0.12195825576782227,4
940,155,0.12400603294372559,4
941,44,0.16600561141967773,8
942,92,0.1829988956451416,9
943,35,0.1159968376159668,4
944,23,0.1730031967163086,8
945,38,0.10000181198120117,3
946,83,0.16500067710876465,8
947,103,0.1699845790863037,8
948,52,0.18104243278503418,8
949,136,0.1020054817199707,3
950,180,0.17903375625610352,8
951,154,0.0930027961730957,3
952,52,0.1649951934814453,8
953,50,0.11599946022033691,4
954,36,0.1260058879852295,4
955,73,0.12599825859069824,4
956,103,0.1309967041015625,4
957,77,0.09399938583374023,3
958,78,0.1399998664855957,5
959,64,0.09300041198730469,3
960,30,0.1870114803314209,9
961,106,0.07899165153503418,2
962,71,0.07099628448486328,2
963,71,0.16300320625305176,8
964,127,0.15800118446350098,7
965,35,0.13017654418945312,5
966,51,0.17600154876708984,8
967,46,0.17499613761901855,8
968,41,0.1800060272216797,9
969,65,0.17054033279418945,6
970,86,0.09799981117248535,3
971,108,0.12905478477478027,4
972,44,0.1800096035003662,8
973,58,0.16899466514587402,8
974,58,0.18196749687194824,8
975,122,0.1700291633605957,8
976,80,0.16100025177001953,7
977,74,0.10796570777893066,3
978,50,0.09799981117248535,3
979,21,0.13000011444091797,5
980,151,0.19600319862365723,9
981,200,0.17999792098999023,8
982,200,0.18000388145446777,9
983,56,0.17508339881896973,8
984,74,0.13299870491027832,5
985,35,0.16399526596069336,7
986,59,0.08800077438354492,3
987,33,0.09200429916381836,3
988,94,0.1939995288848877,9
989,40,0.15099525451660156,5
990,66,0.10000133514404297,3
991,103,0.12801647186279297,4
992,38,0.19099807739257812,9
993,40,0.14100861549377441,5
994,62,0.1949913501739502,9
995,139,0.17299818992614746,7
996,55,0.1589982509613037,7
997,36,0.1719975471496582,7
998,93,0.15701794624328613,6
999,52,0.09699463844299316,3
