Episode,Steps,Time,Converged at Iterations
0,160,0.14602994918823242,3
1,84,0.24399828910827637,8
2,101,0.16600394248962402,4
3,88,0.240997314453125,8
4,25,0.23502445220947266,8
5,55,0.12799572944641113,3
6,72,0.11099910736083984,2
7,84,0.258105993270874,9
8,200,0.16204333305358887,3
9,181,0.13499903678894043,3
10,119,0.22100520133972168,8
11,153,0.22299766540527344,8
12,43,0.12403726577758789,3
13,55,0.19304633140563965,5
14,70,0.24400019645690918,8
15,87,0.23051667213439941,8
16,54,0.13608765602111816,3
17,31,0.17703771591186523,5
18,121,0.15599632263183594,4
19,95,0.18402671813964844,5
20,144,0.14100217819213867,3
21,67,0.26999926567077637,8
22,76,0.14400124549865723,3
23,46,0.2374742031097412,8
24,32,0.16100120544433594,3
25,100,0.129563570022583,3
26,62,0.23803925514221191,7
27,67,0.12800002098083496,3
28,82,0.27709054946899414,9
29,98,0.23093748092651367,8
30,82,0.27453041076660156,9
31,70,0.39904308319091797,9
32,23,0.4140031337738037,8
33,22,0.15700054168701172,2
34,78,0.31999945640563965,7
35,55,0.2525207996368408,8
36,55,0.20705246925354004,5
37,49,0.28956055641174316,8
38,86,0.22400236129760742,5
39,64,0.30454373359680176,9
40,56,0.23700451850891113,7
41,59,0.2449965476989746,8
42,53,0.29206252098083496,8
43,45,0.2945222854614258,9
44,32,0.12599825859069824,3
45,61,0.11800098419189453,2
46,28,0.12099957466125488,3
47,104,0.09299707412719727,2
48,116,0.2259974479675293,7
49,48,0.24405407905578613,9
50,99,0.0970010757446289,2
51,50,0.2490234375,8
52,38,0.29004979133605957,9
53,48,0.23509979248046875,7
54,50,0.2649998664855957,9
55,46,0.15600299835205078,4
56,73,0.09399724006652832,2
57,74,0.13300514221191406,3
58,49,0.17100238800048828,5
59,56,0.21904253959655762,8
60,75,0.23351573944091797,8
61,36,0.22500085830688477,8
62,49,0.10402631759643555,2
63,39,0.11802864074707031,3
64,62,0.2659897804260254,9
65,49,0.2210698127746582,8
66,107,0.10300040245056152,2
67,71,0.1810007095336914,6
68,55,0.2499997615814209,9
69,42,0.23000407218933105,9
70,70,0.21204018592834473,8
71,119,0.13300085067749023,3
72,59,0.23952174186706543,8
73,29,0.12900590896606445,3
74,29,0.09600329399108887,2
75,70,0.10899829864501953,3
76,73,0.24400687217712402,9
77,57,0.26099729537963867,9
78,38,0.14099788665771484,3
79,90,0.14200353622436523,3
80,43,0.23099970817565918,9
81,43,0.19502830505371094,6
82,36,0.23052573204040527,8
83,32,0.25151872634887695,9
84,200,0.22000432014465332,8
85,46,0.2190418243408203,8
86,67,0.11899662017822266,2
87,105,0.31200456619262695,9
88,86,0.3540365695953369,9
89,117,0.3970029354095459,9
90,50,0.3515355587005615,8
91,100,0.290036678314209,8
92,164,0.25152134895324707,7
93,53,0.16199517250061035,4
94,57,0.22600078582763672,8
95,54,0.23999834060668945,8
96,88,0.22902393341064453,8
97,42,0.19499635696411133,6
98,51,0.2120037078857422,8
99,123,0.21600008010864258,8
100,17,0.20200514793395996,8
101,57,0.22600102424621582,9
102,59,0.2360703945159912,9
103,42,0.21799659729003906,8
104,71,0.13100504875183105,3
105,95,0.21999287605285645,8
106,56,0.15000176429748535,4
107,36,0.24400091171264648,9
108,46,0.1230003833770752,3
109,26,0.2722439765930176,8
110,57,0.1490015983581543,3
111,71,0.13799715042114258,3
112,34,0.10100340843200684,2
113,50,0.12504339218139648,3
114,39,0.24100255966186523,8
115,58,0.15000033378601074,3
116,80,0.23999905586242676,8
117,124,0.2556028366088867,7
118,116,0.18300437927246094,5
119,155,0.23002910614013672,8
120,38,0.23604679107666016,8
121,85,0.24399971961975098,8
122,52,0.22803354263305664,8
123,46,0.2395155429840088,8
124,34,0.09099888801574707,2
125,47,0.08800172805786133,2
126,62,0.24717068672180176,8
127,93,0.13505148887634277,3
128,59,0.1530001163482666,4
129,77,0.2620358467102051,8
130,110,0.274005651473999,8
131,43,0.13599848747253418,3
132,82,0.13601231575012207,3
133,116,0.2340383529663086,8
134,39,0.21900248527526855,8
135,64,0.23603487014770508,8
136,69,0.13000154495239258,3
137,47,0.24399590492248535,8
138,43,0.26705336570739746,9
139,73,0.21500253677368164,7
140,97,0.2370312213897705,8
141,64,0.13602972030639648,3
142,31,0.147996187210083,3
143,23,0.1830594539642334,5
144,68,0.2705106735229492,9
145,83,0.2380077838897705,4
146,113,0.17699360847473145,3
147,75,0.2149982452392578,5
148,42,0.15200066566467285,3
149,91,0.24606108665466309,8
150,19,0.17499804496765137,4
151,89,0.31410956382751465,9
152,59,0.14152908325195312,4
153,97,0.14653682708740234,4
154,40,0.14497828483581543,4
155,63,0.18049836158752441,8
156,84,0.222029447555542,9
157,119,0.2845132350921631,8
158,43,0.12800025939941406,3
159,34,0.09196162223815918,2
160,92,0.2030503749847412,8
161,81,0.11899566650390625,3
162,37,0.11910676956176758,3
163,28,0.48600292205810547,9
164,45,0.34499597549438477,8
165,33,0.424990177154541,8
166,59,0.18000316619873047,4
167,42,0.12199711799621582,3
168,69,0.1329972743988037,3
169,57,0.19603323936462402,8
170,98,0.0959925651550293,3
171,46,0.2090446949005127,9
172,87,0.15004205703735352,5
173,130,0.19224905967712402,8
174,59,0.1089944839477539,3
175,124,0.21607160568237305,9
176,32,0.11602640151977539,3
177,55,0.10098004341125488,3
178,78,0.1140756607055664,4
179,59,0.17748713493347168,8
180,102,0.1770000457763672,8
181,47,0.11900043487548828,4
182,41,0.1800534725189209,8
183,138,0.14999914169311523,5
184,36,0.10500216484069824,3
185,137,0.13399553298950195,5
186,27,0.1770317554473877,8
187,53,0.2155463695526123,9
188,67,0.10552978515625,3
189,38,0.11697101593017578,4
190,52,0.19501996040344238,9
191,100,0.10453033447265625,3
192,64,0.15799260139465332,6
193,48,0.07400202751159668,2
194,34,0.19751906394958496,8
195,40,0.10898971557617188,3
196,172,0.11513614654541016,4
197,44,0.12108802795410156,3
198,133,0.12299919128417969,4
199,70,0.12051749229431152,4
200,91,0.17599773406982422,8
201,62,0.17600011825561523,8
202,42,0.19452714920043945,8
203,59,0.1070549488067627,3
204,96,0.12100076675415039,4
205,98,0.10699939727783203,3
206,54,0.1790304183959961,8
207,48,0.11599922180175781,4
208,86,0.09600329399108887,3
209,68,0.09800028800964355,3
210,88,0.1050560474395752,3
211,47,0.19500303268432617,8
212,39,0.1749892234802246,8
213,79,0.18502020835876465,7
214,28,0.21599841117858887,8
215,95,0.15357089042663574,4
216,19,0.2129988670349121,8
217,89,0.16300225257873535,5
218,121,0.1795032024383545,8
219,34,0.2070455551147461,8
220,55,0.10601663589477539,3
221,158,0.10198450088500977,3
222,169,0.18999934196472168,8
223,24,0.14401769638061523,4
224,27,0.1890273094177246,8
225,50,0.187086820602417,6
226,81,0.20000457763671875,9
227,51,0.16754508018493652,8
228,96,0.17504215240478516,8
229,29,0.10401630401611328,3
230,122,0.1770021915435791,8
231,29,0.19301676750183105,9
232,34,0.18499994277954102,9
233,55,0.10010743141174316,3
234,79,0.07600235939025879,2
235,60,0.18097615242004395,8
236,50,0.07900190353393555,2
237,104,0.13402485847473145,4
238,177,0.17400574684143066,6
239,158,0.11099743843078613,3
240,82,0.19904065132141113,8
241,68,0.13500332832336426,4
242,89,0.17599701881408691,7
243,27,0.19700193405151367,8
244,45,0.0790257453918457,2
245,94,0.17600345611572266,8
246,39,0.10201215744018555,3
247,95,0.10997128486633301,3
248,31,0.17999815940856934,8
249,57,0.09701681137084961,3
250,65,0.15502357482910156,5
251,110,0.19299674034118652,9
252,35,0.16902399063110352,8
253,37,0.1115102767944336,3
254,43,0.140580415725708,5
255,51,0.19302034378051758,8
256,58,0.14400386810302734,4
257,65,0.09103679656982422,3
258,101,0.11095523834228516,3
259,46,0.18607473373413086,8
260,75,0.1830132007598877,8
261,45,0.19497275352478027,8
262,34,0.0830378532409668,2
263,102,0.07799530029296875,2
264,71,0.20405220985412598,8
265,36,0.20603013038635254,9
266,47,0.18201684951782227,8
267,84,0.18959379196166992,9
268,164,0.2019944190979004,6
269,41,0.17252779006958008,8
270,165,0.09999608993530273,3
271,86,0.1300187110900879,3
272,39,0.11299848556518555,3
273,200,0.10400390625,3
274,27,0.1230006217956543,4
275,59,0.1920008659362793,9
276,100,0.18903398513793945,8
277,161,0.11351203918457031,3
278,20,0.18799734115600586,9
279,83,0.16699981689453125,7
280,97,0.10799574851989746,4
281,95,0.21500444412231445,9
282,32,0.1049957275390625,3
283,38,0.10000014305114746,3
284,46,0.19300031661987305,8
285,82,0.07100319862365723,2
286,33,0.17102265357971191,8
287,71,0.10999345779418945,3
288,52,0.13499879837036133,4
289,187,0.12854266166687012,4
290,102,0.19206595420837402,9
291,43,0.20854973793029785,9
292,106,0.21899700164794922,8
293,56,0.20399785041809082,9
294,48,0.07799339294433594,2
295,141,0.11100077629089355,4
296,118,0.07500123977661133,2
297,15,0.21900153160095215,9
298,46,0.19103074073791504,9
299,58,0.17706894874572754,8
300,51,0.17402005195617676,8
301,53,0.16300058364868164,6
302,35,0.180999755859375,8
303,71,0.199005126953125,9
304,101,0.183030366897583,8
305,85,0.18199396133422852,8
306,71,0.12196159362792969,4
307,24,0.10901284217834473,3
308,64,0.07196211814880371,2
309,78,0.10600495338439941,3
310,58,0.18466806411743164,8
311,84,0.1949939727783203,8
312,117,0.11399626731872559,3
313,22,0.10210943222045898,3
314,81,0.10499858856201172,3
315,66,0.1255183219909668,4
316,60,0.16103458404541016,6
317,122,0.1109914779663086,3
318,122,0.19000506401062012,8
319,33,0.2019960880279541,9
320,56,0.18399930000305176,9
321,61,0.20300626754760742,9
322,36,0.08202052116394043,2
323,71,0.18558573722839355,8
324,47,0.17751288414001465,9
325,35,0.07712149620056152,2
326,40,0.16201138496398926,7
327,43,0.18160414695739746,9
328,31,0.18399763107299805,8
329,37,0.1880817413330078,9
330,29,0.09950852394104004,3
331,77,0.09451794624328613,3
332,60,0.06897974014282227,2
333,60,0.10599684715270996,4
334,89,0.1780223846435547,8
335,200,0.06797909736633301,2
336,47,0.12200164794921875,4
337,110,0.10100173950195312,3
338,89,0.18150830268859863,7
339,76,0.10199880599975586,3
340,200,0.20853233337402344,8
341,40,0.11000537872314453,3
342,66,0.11655735969543457,3
343,58,0.12699079513549805,3
344,55,0.15000057220458984,4
345,56,0.2175908088684082,8
346,98,0.13303518295288086,3
347,61,0.268099308013916,8
348,56,0.24908852577209473,9
349,77,0.15402555465698242,4
350,59,0.2070169448852539,8
351,53,0.11699318885803223,3
352,41,0.11900949478149414,3
353,68,0.12803411483764648,3
354,49,0.19500041007995605,9
355,131,0.18509483337402344,8
356,60,0.20799589157104492,9
357,67,0.19104981422424316,8
358,44,0.1950223445892334,9
359,75,0.13499879837036133,5
360,80,0.13251423835754395,4
361,66,0.1269969940185547,3
362,88,0.10918354988098145,3
363,35,0.21152853965759277,8
364,75,0.13599562644958496,4
365,114,0.09500360488891602,3
366,60,0.1670224666595459,7
367,53,0.09798431396484375,3
368,49,0.22901129722595215,8
369,57,0.18399906158447266,4
370,69,0.13899874687194824,3
371,113,0.1420142650604248,4
372,48,0.12954449653625488,3
373,48,0.22299766540527344,9
374,47,0.25099968910217285,8
375,107,0.2950010299682617,8
376,66,0.1490030288696289,3
377,62,0.12086319923400879,3
378,109,0.2148592472076416,8
379,72,0.1439981460571289,3
380,72,0.15700078010559082,3
381,62,0.1329953670501709,3
382,63,0.2240889072418213,9
383,57,0.18599987030029297,8
384,43,0.2750983238220215,8
385,200,0.15199899673461914,3
386,62,0.29311347007751465,9
387,65,0.23304462432861328,8
388,114,0.1380002498626709,3
389,158,0.24211406707763672,9
390,99,0.24657654762268066,9
391,128,0.10499787330627441,3
392,91,0.20299983024597168,8
393,100,0.18299603462219238,6
394,53,0.21799898147583008,9
395,137,0.1820058822631836,8
396,161,0.20400142669677734,8
397,93,0.1159980297088623,3
398,77,0.22751832008361816,9
399,23,0.27300262451171875,8
400,35,0.13299345970153809,3
401,68,0.23954343795776367,9
402,52,0.13899946212768555,3
403,181,0.1510028839111328,4
404,47,0.11505866050720215,3
405,122,0.2249917984008789,8
406,73,0.1789994239807129,5
407,52,0.149031400680542,3
408,71,0.09397053718566895,2
409,48,0.13799405097961426,3
410,83,0.2485353946685791,9
411,173,0.20506572723388672,8
412,103,0.20765089988708496,8
413,59,0.1179955005645752,3
414,76,0.10912585258483887,3
415,103,0.07998299598693848,2
416,153,0.19797325134277344,8
417,20,0.10581493377685547,3
418,90,0.11999034881591797,4
419,134,0.18899035453796387,8
420,80,0.19671058654785156,9
421,90,0.13307881355285645,4
422,38,0.18197369575500488,8
423,101,0.1369948387145996,4
424,51,0.1990218162536621,9
425,69,0.13404583930969238,4
426,138,0.07101202011108398,2
427,75,0.2121131420135498,9
428,200,0.1049962043762207,3
429,28,0.18764925003051758,8
430,28,0.130021333694458,4
431,32,0.1790299415588379,8
432,58,0.1865384578704834,8
433,101,0.26499485969543457,7
434,99,0.22896814346313477,9
435,88,0.1959993839263916,8
436,109,0.10901856422424316,3
437,28,0.18503594398498535,8
438,75,0.1159822940826416,3
439,94,0.07499313354492188,2
440,52,0.07400155067443848,2
441,124,0.11907315254211426,4
442,41,0.1260061264038086,3
443,56,0.20800256729125977,7
444,118,0.20799040794372559,8
445,42,0.19903206825256348,8
446,77,0.14899897575378418,5
447,135,0.2145247459411621,9
448,77,0.12301969528198242,4
449,60,0.06899785995483398,2
450,29,0.10399508476257324,3
451,48,0.1915149688720703,8
452,81,0.18657994270324707,7
453,30,0.09498453140258789,3
454,134,0.10400080680847168,3
455,44,0.19304180145263672,8
456,115,0.19651484489440918,8
457,101,0.19753432273864746,9
458,35,0.17454791069030762,8
459,42,0.19499945640563965,9
460,92,0.07401466369628906,2
461,107,0.1779773235321045,8
462,100,0.1230020523071289,4
463,36,0.1770622730255127,8
464,43,0.09900593757629395,3
465,37,0.21257925033569336,8
466,66,0.1900005340576172,8
467,26,0.1300055980682373,4
468,42,0.06899356842041016,2
469,77,0.17300033569335938,8
470,19,0.18900632858276367,9
471,200,0.2089979648590088,9
472,27,0.20212578773498535,9
473,62,0.12505316734313965,4
474,49,0.1849980354309082,7
475,91,0.1540508270263672,5
476,63,0.20403242111206055,9
477,102,0.11098742485046387,3
478,32,0.18000435829162598,8
479,143,0.16004061698913574,5
480,38,0.15799856185913086,7
481,126,0.11799907684326172,4
482,51,0.13599729537963867,5
483,63,0.21451234817504883,9
484,64,0.18200016021728516,8
485,107,0.16800427436828613,7
486,55,0.09499883651733398,2
487,115,0.18602299690246582,8
488,29,0.1190035343170166,4
489,200,0.11004304885864258,3
490,127,0.18802309036254883,8
491,155,0.18256068229675293,8
492,70,0.1819753646850586,8
493,47,0.10800337791442871,3
494,81,0.2120060920715332,9
495,50,0.10999584197998047,3
496,40,0.19100213050842285,8
497,47,0.07700204849243164,2
498,70,0.17904424667358398,8
499,136,0.11396455764770508,3
500,53,0.17800021171569824,4
501,41,0.1515507698059082,3
502,16,0.20500898361206055,8
503,51,0.11097884178161621,3
504,112,0.19699335098266602,8
505,86,0.1085367202758789,3
506,26,0.17699837684631348,8
507,87,0.1781003475189209,5
508,47,0.19975495338439941,8
509,38,0.1829993724822998,8
510,168,0.1800074577331543,6
511,45,0.10399913787841797,3
512,86,0.13403964042663574,4
513,93,0.09902191162109375,3
514,46,0.10799431800842285,3
515,97,0.08799982070922852,2
516,52,0.10399842262268066,3
517,46,0.1320018768310547,4
518,70,0.2250063419342041,8
519,54,0.1560509204864502,5
520,35,0.19399428367614746,8
521,83,0.19299817085266113,7
522,48,0.20101237297058105,9
523,89,0.11301517486572266,3
524,96,0.19208860397338867,8
525,81,0.1405179500579834,5
526,48,0.17603349685668945,8
527,53,0.19999361038208008,8
528,33,0.1690068244934082,8
529,31,0.1805262565612793,8
530,77,0.18953537940979004,8
531,81,0.20652484893798828,8
532,85,0.1360025405883789,3
533,75,0.203019380569458,9
534,104,0.14197897911071777,4
535,98,0.16004204750061035,6
536,30,0.19903182983398438,8
537,47,0.21900010108947754,8
538,24,0.09299564361572266,2
539,41,0.2065424919128418,8
540,74,0.22811460494995117,9
541,72,0.21597599983215332,8
542,179,0.08100152015686035,2
543,135,0.20601749420166016,9
544,84,0.1829972267150879,7
545,49,0.12400341033935547,4
546,37,0.11099576950073242,3
547,73,0.10300636291503906,3
548,71,0.18261194229125977,8
549,30,0.10700106620788574,3
550,52,0.10799908638000488,3
551,39,0.22601032257080078,9
552,85,0.25998425483703613,8
553,51,0.10699844360351562,3
554,56,0.15752935409545898,5
555,97,0.10799980163574219,3
556,21,0.20252227783203125,8
557,155,0.08352279663085938,2
558,139,0.07999587059020996,2
559,82,0.21552276611328125,9
560,32,0.17497801780700684,8
561,93,0.21999764442443848,9
562,39,0.0959939956665039,2
563,26,0.2070014476776123,8
564,87,0.3060474395751953,8
565,133,0.3359949588775635,8
566,53,0.3050060272216797,9
567,111,0.2400650978088379,8
568,95,0.14800238609313965,3
569,68,0.12999653816223145,3
570,54,0.14200425148010254,3
571,64,0.19550132751464844,5
572,77,0.15303730964660645,3
573,56,0.1330099105834961,3
574,50,0.10899114608764648,2
575,42,0.24204087257385254,8
576,51,0.17102813720703125,5
577,72,0.23703670501708984,9
578,134,0.13356709480285645,3
579,58,0.24928784370422363,8
580,64,0.2729973793029785,8
581,80,0.2420194149017334,7
582,78,0.23599505424499512,8
583,64,0.2310638427734375,8
584,22,0.24853920936584473,9
585,47,0.21852827072143555,8
586,91,0.21500062942504883,7
587,35,0.14000391960144043,3
588,79,0.25699734687805176,9
589,65,0.24500298500061035,9
590,40,0.1230018138885498,3
591,30,0.2150418758392334,5
592,48,0.18151426315307617,5
593,101,0.2270030975341797,8
594,114,0.1589958667755127,5
595,71,0.23000860214233398,7
596,120,0.224684476852417,8
597,51,0.24856090545654297,8
598,32,0.09500432014465332,2
599,44,0.24151945114135742,9
600,60,0.1260697841644287,3
601,67,0.2755107879638672,8
602,121,0.20200347900390625,6
603,62,0.2129983901977539,8
604,46,0.15704774856567383,4
605,95,0.08199858665466309,2
606,114,0.23903512954711914,9
607,33,0.13500237464904785,3
608,73,0.24700307846069336,9
609,56,0.14499711990356445,4
610,200,0.23099613189697266,8
611,61,0.228532075881958,8
612,33,0.12300467491149902,3
613,21,0.22551536560058594,8
614,200,0.22600126266479492,7
615,52,0.21200037002563477,7
616,200,0.08500123023986816,2
617,62,0.12999868392944336,3
618,58,0.23906493186950684,8
619,130,0.2585256099700928,9
620,36,0.12655234336853027,3
621,93,0.22398018836975098,8
622,60,0.1340019702911377,3
623,164,0.1470041275024414,3
624,36,0.14400267601013184,3
625,38,0.224989652633667,8
626,44,0.22803473472595215,9
627,52,0.13499903678894043,4
628,104,0.09151268005371094,2
629,25,0.2330310344696045,7
630,116,0.22852325439453125,8
631,35,0.21599936485290527,6
632,70,0.10899615287780762,3
633,27,0.1360032558441162,4
634,48,0.17800259590148926,5
635,107,0.1459980010986328,4
636,50,0.20303010940551758,6
637,26,0.13454866409301758,4
638,43,0.1300032138824463,3
639,33,0.11998486518859863,3
640,40,0.1510007381439209,4
641,50,0.2670595645904541,9
642,118,0.1325066089630127,3
643,97,0.16899871826171875,4
644,63,0.25103020668029785,9
645,38,0.09497976303100586,2
646,68,0.22704625129699707,8
647,116,0.15450000762939453,4
648,16,0.24499893188476562,9
649,99,0.14299583435058594,4
650,41,0.21403050422668457,8
651,62,0.17853045463562012,4
652,108,0.130995512008667,3
653,41,0.1390056610107422,3
654,169,0.23099613189697266,9
655,70,0.24700212478637695,9
656,43,0.1589980125427246,4
657,37,0.26500463485717773,9
658,44,0.11700153350830078,3
659,91,0.21803522109985352,8
660,79,0.12457704544067383,3
661,179,0.12399554252624512,3
662,41,0.19600224494934082,7
663,96,0.12799286842346191,3
664,38,0.139052152633667,3
665,39,0.23652386665344238,7
666,33,0.23099732398986816,9
667,84,0.13700008392333984,3
668,55,0.2500035762786865,8
669,74,0.1699991226196289,4
670,37,0.13000130653381348,3
671,33,0.1439988613128662,4
672,37,0.21599912643432617,8
673,62,0.14599227905273438,4
674,94,0.2006072998046875,6
675,63,0.21951961517333984,8
676,74,0.21500229835510254,8
677,107,0.10500192642211914,2
678,27,0.2629966735839844,9
679,33,0.0859987735748291,2
680,104,0.23303461074829102,8
681,62,0.13199710845947266,3
682,49,0.13605833053588867,3
683,101,0.2169814109802246,8
684,103,0.1560053825378418,4
685,66,0.2370011806488037,8
686,40,0.23604130744934082,8
687,95,0.10301947593688965,2
688,64,0.16609978675842285,4
689,34,0.15599966049194336,4
690,36,0.19504165649414062,6
691,50,0.13499808311462402,3
692,85,0.23000049591064453,8
693,53,0.12300539016723633,3
694,181,0.22100114822387695,8
695,50,0.17999625205993652,5
696,194,0.12406158447265625,3
697,38,0.15299773216247559,4
698,38,0.10699605941772461,2
699,166,0.16553497314453125,4
700,88,0.17999911308288574,5
701,44,0.13199687004089355,3
702,42,0.2129969596862793,7
703,38,0.23803424835205078,9
704,152,0.1560661792755127,4
705,80,0.23799753189086914,8
706,84,0.1550002098083496,4
707,41,0.2390003204345703,9
708,23,0.23599743843078613,8
709,36,0.08999967575073242,2
710,158,0.22003936767578125,8
711,34,0.2250385284423828,8
712,45,0.14851021766662598,3
713,75,0.24000144004821777,8
714,99,0.1719963550567627,5
715,46,0.20499968528747559,7
716,73,0.10199904441833496,2
717,78,0.2039964199066162,5
718,40,0.22393059730529785,8
719,83,0.13098764419555664,3
720,87,0.2510514259338379,9
721,51,0.23299956321716309,8
722,47,0.14499974250793457,4
723,77,0.23199820518493652,8
724,122,0.14499688148498535,3
725,200,0.0839986801147461,2
726,56,0.12799954414367676,3
727,67,0.22000861167907715,8
728,29,0.12499237060546875,3
729,74,0.09000611305236816,2
730,57,0.22928118705749512,8
731,35,0.16399264335632324,3
732,64,0.16199851036071777,4
733,46,0.23252105712890625,8
734,127,0.22688078880310059,8
735,69,0.13203048706054688,3
736,101,0.19300365447998047,5
737,58,0.2350010871887207,8
738,62,0.14100337028503418,4
739,53,0.2149960994720459,8
740,133,0.2279956340789795,8
741,47,0.15201115608215332,3
742,100,0.22899675369262695,8
743,71,0.1279768943786621,3
744,54,0.1359996795654297,3
745,36,0.2740049362182617,9
746,102,0.28291893005371094,8
747,74,0.10300087928771973,2
748,73,0.1310279369354248,3
749,30,0.2579977512359619,8
750,89,0.16099929809570312,4
751,48,0.14800167083740234,3
752,42,0.24699807167053223,8
753,40,0.12999963760375977,3
754,163,0.12700152397155762,3
755,100,0.24205350875854492,8
756,85,0.0989990234375,2
757,16,0.3240063190460205,8
758,51,0.30733203887939453,9
759,40,0.2580451965332031,8
760,117,0.13052105903625488,3
761,171,0.19499564170837402,7
762,48,0.22598671913146973,8
763,53,0.22799968719482422,7
764,125,0.2180018424987793,8
765,65,0.23499679565429688,7
766,55,0.0900423526763916,2
767,45,0.12199664115905762,3
768,59,0.12800049781799316,3
769,27,0.13902616500854492,4
770,59,0.1480271816253662,4
771,38,0.11650681495666504,3
772,71,0.22999930381774902,8
773,70,0.18199992179870605,5
774,54,0.23200368881225586,8
775,39,0.1269974708557129,3
776,93,0.2180006504058838,8
777,106,0.20366263389587402,7
778,191,0.13399767875671387,3
779,47,0.1560354232788086,4
780,19,0.23400211334228516,8
781,67,0.1139976978302002,3
782,35,0.14700698852539062,4
783,43,0.2409992218017578,8
784,59,0.23105740547180176,8
785,81,0.23051977157592773,8
786,127,0.16400384902954102,6
787,43,0.1230158805847168,3
788,93,0.24399590492248535,9
789,45,0.1600039005279541,4
790,41,0.2670295238494873,9
791,74,0.236527681350708,8
792,60,0.22904515266418457,9
793,61,0.22099900245666504,7
794,78,0.10200357437133789,2
795,93,0.1210179328918457,3
796,63,0.10598111152648926,2
797,56,0.24203991889953613,9
798,23,0.11698484420776367,3
799,81,0.09800243377685547,2
800,55,0.23407483100891113,8
801,67,0.10104942321777344,2
802,81,0.21600651741027832,8
803,72,0.14899396896362305,4
804,88,0.2310044765472412,8
805,17,0.1569972038269043,4
806,29,0.13200092315673828,3
807,19,0.08599090576171875,2
808,149,0.1259925365447998,3
809,40,0.13599181175231934,3
810,18,0.22601795196533203,8
811,34,0.2189805507659912,8
812,65,0.11897850036621094,3
813,127,0.24460411071777344,9
814,111,0.16002607345581055,4
815,49,0.24097681045532227,8
816,104,0.23609542846679688,8
817,73,0.23157024383544922,8
818,45,0.2330467700958252,8
819,32,0.18700075149536133,6
820,52,0.12503647804260254,3
821,68,0.22053265571594238,8
822,200,0.13500022888183594,3
823,109,0.17702460289001465,5
824,44,0.21804046630859375,8
825,93,0.13498854637145996,3
826,53,0.13700294494628906,3
827,97,0.269000768661499,9
828,65,0.15499567985534668,4
829,75,0.2460024356842041,9
830,38,0.12108087539672852,3
831,24,0.24902629852294922,9
832,52,0.2389967441558838,9
833,80,0.12800288200378418,3
834,87,0.21500253677368164,8
835,43,0.10899567604064941,3
836,22,0.08202958106994629,2
837,39,0.13100242614746094,3
838,64,0.1384904384613037,4
839,94,0.24307894706726074,9
840,62,0.09800529479980469,2
841,38,0.24552321434020996,9
842,73,0.13401174545288086,3
843,104,0.1560044288635254,4
844,46,0.13500118255615234,3
845,67,0.21805095672607422,6
846,193,0.2720062732696533,9
847,97,0.23608994483947754,8
848,51,0.10400247573852539,2
849,76,0.21900677680969238,8
850,63,0.18399786949157715,5
851,61,0.2689971923828125,9
852,56,0.12402462959289551,3
853,31,0.11699986457824707,3
854,63,0.12752604484558105,3
855,71,0.1250009536743164,3
856,52,0.160994291305542,4
857,42,0.22800326347351074,8
858,40,0.1150054931640625,3
859,45,0.12899446487426758,3
860,53,0.23901748657226562,9
861,138,0.12098002433776855,3
862,78,0.27155566215515137,8
863,74,0.18500185012817383,5
864,42,0.2475295066833496,9
865,54,0.2145552635192871,7
866,131,0.13299918174743652,3
867,100,0.2140364646911621,8
868,67,0.23999786376953125,9
869,89,0.21800470352172852,8
870,83,0.09808611869812012,2
871,119,0.14702963829040527,4
872,61,0.2409963607788086,9
873,50,0.23500633239746094,8
874,49,0.19900035858154297,7
875,70,0.23609447479248047,8
876,64,0.2444930076599121,9
877,77,0.19903230667114258,7
878,47,0.09600377082824707,2
879,33,0.11897754669189453,3
880,198,0.2620847225189209,9
881,45,0.16550874710083008,4
882,35,0.21804594993591309,8
883,190,0.2242259979248047,8
884,60,0.15953612327575684,4
885,115,0.2500014305114746,8
886,55,0.2390303611755371,8
887,41,0.20499682426452637,8
888,66,0.2550067901611328,9
889,53,0.20699405670166016,7
890,24,0.2660176753997803,9
891,54,0.11698603630065918,3
892,51,0.11963677406311035,3
893,65,0.22308015823364258,8
894,115,0.1990053653717041,6
895,32,0.15199685096740723,4
896,157,0.22300481796264648,8
897,119,0.24699807167053223,9
898,69,0.26099514961242676,9
899,45,0.13303327560424805,3
900,191,0.2365889549255371,8
901,70,0.23852229118347168,8
902,122,0.1520533561706543,4
903,80,0.12899065017700195,3
904,168,0.0950314998626709,2
905,142,0.21799898147583008,8
906,86,0.25100088119506836,9
907,77,0.08700156211853027,2
908,34,0.21799612045288086,8
909,52,0.12900090217590332,3
910,21,0.22005176544189453,8
911,96,0.20344018936157227,8
912,54,0.13900136947631836,3
913,45,0.2480025291442871,9
914,73,0.11199688911437988,3
915,47,0.19300055503845215,5
916,37,0.09101247787475586,2
917,30,0.14200425148010254,4
918,81,0.14354348182678223,4
919,39,0.12698745727539062,3
920,48,0.24712705612182617,9
921,42,0.26003527641296387,9
922,74,0.13599038124084473,3
923,76,0.21000075340270996,8
924,50,0.12800288200378418,3
925,48,0.2489948272705078,9
926,120,0.13100218772888184,3
927,59,0.2380235195159912,9
928,80,0.09197449684143066,2
929,184,0.1725149154663086,5
930,84,0.14200043678283691,3
931,84,0.1399998664855957,3
932,85,0.19100189208984375,5
933,53,0.14300131797790527,3
934,53,0.12467312812805176,3
935,52,0.23758888244628906,9
936,46,0.1239926815032959,3
937,40,0.24700021743774414,8
938,74,0.22000885009765625,8
939,33,0.1329948902130127,3
940,117,0.1179957389831543,3
941,28,0.12900185585021973,3
942,60,0.23399710655212402,9
943,38,0.13400483131408691,3
944,15,0.21597719192504883,8
945,47,0.25499820709228516,9
946,55,0.21108245849609375,8
947,77,0.22899651527404785,9
948,49,0.1498572826385498,4
949,98,0.2551443576812744,9
950,61,0.24651288986206055,8
951,92,0.26599836349487305,9
952,132,0.13399696350097656,3
953,48,0.2000730037689209,7
954,69,0.12552928924560547,3
955,44,0.2349991798400879,8
956,106,0.21897268295288086,8
957,85,0.2220001220703125,8
958,85,0.24200057983398438,8
959,143,0.18902587890625,7
960,78,0.0809943675994873,2
961,51,0.08603334426879883,2
962,41,0.1260051727294922,3
963,35,0.26911115646362305,9
964,45,0.12402915954589844,3
965,39,0.24600005149841309,8
966,81,0.2120223045349121,6
967,50,0.26196837425231934,9
968,39,0.14800310134887695,4
969,55,0.22855687141418457,8
970,71,0.12800216674804688,3
971,58,0.2435142993927002,8
972,53,0.12998604774475098,3
973,94,0.23499727249145508,8
974,48,0.26204705238342285,9
975,33,0.21806120872497559,7
976,49,0.13100099563598633,3
977,98,0.12402176856994629,3
978,80,0.12442159652709961,3
979,27,0.2250657081604004,8
980,60,0.1289968490600586,3
981,46,0.13007044792175293,3
982,72,0.25606799125671387,9
983,76,0.2575540542602539,9
984,29,0.13700556755065918,3
985,45,0.14999866485595703,4
986,71,0.22702431678771973,8
987,142,0.22996854782104492,8
988,86,0.12302803993225098,3
989,30,0.12298154830932617,3
990,80,0.14300251007080078,4
991,98,0.24900364875793457,9
992,76,0.2280280590057373,8
993,29,0.23557543754577637,8
994,40,0.1289973258972168,3
995,72,0.11899590492248535,3
996,82,0.2250070571899414,8
997,41,0.12498736381530762,3
998,102,0.11699700355529785,3
999,35,0.20900344848632812,8
