Episode,Steps,Time,Converged at Iterations
0,81,0.10199904441833496,3
1,73,0.10953211784362793,3
2,75,0.17499566078186035,8
3,154,0.1125783920288086,4
4,36,0.17899775505065918,8
5,37,0.17806506156921387,8
6,62,0.17299461364746094,8
7,34,0.1811232566833496,8
8,122,0.20798659324645996,8
9,42,0.1849982738494873,9
10,108,0.10199832916259766,3
11,200,0.11600327491760254,4
12,122,0.17904114723205566,8
13,29,0.09499382972717285,3
14,74,0.09799981117248535,3
15,81,0.16300582885742188,8
16,69,0.11898612976074219,4
17,62,0.13403606414794922,5
18,42,0.08899974822998047,3
19,48,0.13499927520751953,5
20,40,0.1950380802154541,9
21,39,0.18503046035766602,9
22,89,0.18296051025390625,8
23,66,0.1119985580444336,4
24,163,0.10203051567077637,3
25,72,0.10099959373474121,3
26,36,0.18550872802734375,8
27,24,0.11601543426513672,4
28,128,0.10996699333190918,4
29,38,0.10300135612487793,3
30,135,0.0980224609375,3
31,55,0.2076714038848877,9
32,59,0.18302130699157715,8
33,184,0.15200066566467285,7
34,45,0.0980229377746582,3
35,94,0.17998957633972168,8
36,93,0.09798598289489746,3
37,89,0.19003891944885254,9
38,50,0.1849660873413086,8
39,90,0.18399596214294434,9
40,40,0.08100056648254395,2
41,100,0.11599898338317871,5
42,57,0.0950021743774414,3
43,83,0.1780986785888672,8
44,27,0.19699764251708984,9
45,64,0.1935276985168457,9
46,71,0.16699647903442383,7
47,172,0.10299873352050781,3
48,126,0.1300044059753418,4
49,40,0.10399913787841797,3
50,56,0.21301627159118652,9
51,52,0.09198355674743652,3
52,15,0.09102535247802734,3
53,56,0.18206095695495605,8
54,32,0.20804524421691895,9
55,70,0.19099974632263184,8
56,41,0.1670055389404297,8
57,74,0.17799901962280273,9
58,96,0.15900087356567383,7
59,39,0.1289815902709961,4
60,128,0.15700459480285645,6
61,24,0.10905027389526367,3
62,81,0.19903826713562012,9
63,25,0.13100576400756836,4
64,49,0.16906118392944336,8
65,22,0.20351219177246094,9
66,61,0.11300086975097656,4
67,93,0.08999967575073242,3
68,105,0.19299888610839844,8
69,35,0.09000301361083984,3
70,73,0.08451581001281738,2
71,74,0.10000276565551758,3
72,89,0.12398862838745117,4
73,154,0.06999826431274414,2
74,94,0.09399962425231934,3
75,42,0.09400129318237305,3
76,61,0.1829993724822998,8
77,55,0.17600178718566895,8
78,64,0.13500022888183594,5
79,80,0.17599892616271973,8
80,53,0.07000064849853516,2
81,48,0.2100517749786377,9
82,66,0.14699888229370117,7
83,92,0.16754841804504395,7
84,51,0.20099639892578125,8
85,49,0.19700336456298828,9
86,41,0.16899609565734863,8
87,94,0.09600281715393066,3
88,37,0.16199636459350586,8
89,145,0.1120138168334961,3
90,142,0.19303560256958008,9
91,36,0.18150877952575684,8
92,62,0.18499970436096191,9
93,137,0.10500025749206543,3
94,50,0.14700102806091309,6
95,44,0.10300326347351074,3
96,109,0.17399978637695312,8
97,42,0.1430377960205078,5
98,77,0.13396000862121582,4
99,17,0.16801834106445312,7
100,79,0.1790933609008789,7
101,54,0.18599653244018555,8
102,31,0.20897650718688965,9
103,57,0.07703399658203125,2
104,39,0.18399763107299805,8
105,91,0.07300472259521484,2
106,55,0.09297609329223633,3
107,44,0.1909949779510498,9
108,66,0.09399986267089844,3
109,82,0.0970003604888916,3
110,63,0.11802077293395996,5
111,54,0.19398856163024902,9
112,118,0.1889972686767578,8
113,139,0.11800599098205566,4
114,51,0.20107603073120117,9
115,56,0.13499665260314941,5
116,54,0.07799983024597168,2
117,56,0.16600561141967773,8
118,46,0.08799457550048828,3
119,49,0.15299367904663086,6
120,87,0.1730048656463623,8
121,47,0.10200047492980957,3
122,72,0.11299586296081543,4
123,66,0.08588552474975586,2
124,48,0.07799792289733887,2
125,46,0.1679999828338623,6
126,73,0.0969996452331543,3
127,93,0.19452309608459473,9
128,39,0.15598320960998535,7
129,84,0.09699773788452148,3
130,48,0.1849973201751709,8
131,71,0.18302273750305176,8
132,61,0.18799138069152832,8
133,130,0.10399603843688965,3
134,50,0.10402345657348633,3
135,125,0.18992185592651367,9
136,40,0.19100332260131836,9
137,87,0.06599783897399902,2
138,40,0.13115382194519043,4
139,76,0.08999848365783691,3
140,83,0.18514204025268555,8
141,47,0.14299535751342773,3
142,47,0.11200094223022461,3
143,100,0.2310318946838379,8
144,139,0.10251903533935547,3
145,86,0.201035737991333,5
146,34,0.13800430297851562,3
147,41,0.10399627685546875,3
148,58,0.17699909210205078,8
149,67,0.17999577522277832,8
150,23,0.13503146171569824,5
151,64,0.17699646949768066,8
152,61,0.17799997329711914,9
153,82,0.10300278663635254,3
154,84,0.10199856758117676,3
155,105,0.19500184059143066,9
156,152,0.08900189399719238,3
157,41,0.1949601173400879,9
158,54,0.08999991416931152,2
159,46,0.0730893611907959,2
160,103,0.15200328826904297,5
161,70,0.0760183334350586,2
162,47,0.13599538803100586,4
163,117,0.10702013969421387,3
164,55,0.154998779296875,6
165,37,0.19499874114990234,9
166,15,0.08700013160705566,3
167,42,0.12399816513061523,4
168,47,0.0670311450958252,2
169,51,0.09196734428405762,3
170,49,0.18200016021728516,8
171,93,0.1063840389251709,3
172,30,0.2000892162322998,9
173,117,0.1070411205291748,3
174,28,0.07099652290344238,2
175,22,0.19000458717346191,8
176,50,0.18099617958068848,9
177,58,0.17499971389770508,9
178,39,0.167999267578125,8
179,66,0.16499638557434082,8
180,155,0.18500256538391113,9
181,53,0.1779789924621582,8
182,51,0.18599915504455566,8
183,36,0.1190032958984375,4
184,69,0.19199752807617188,8
185,56,0.1020500659942627,3
186,96,0.10607719421386719,3
187,41,0.1849958896636963,9
188,57,0.16899728775024414,8
189,70,0.16761374473571777,6
190,75,0.20116353034973145,9
191,55,0.10048413276672363,3
192,79,0.17399930953979492,8
193,115,0.1490020751953125,5
194,29,0.1820375919342041,8
195,85,0.21552824974060059,9
196,51,0.18399786949157715,8
197,41,0.17502284049987793,8
198,60,0.09900236129760742,3
199,31,0.1570267677307129,5
200,166,0.0670015811920166,2
201,52,0.16499805450439453,8
202,126,0.07299995422363281,2
203,54,0.18101954460144043,8
204,82,0.1110222339630127,3
205,65,0.16507172584533691,8
206,51,0.18700218200683594,8
207,42,0.18400239944458008,9
208,44,0.16899657249450684,7
209,52,0.21399831771850586,9
210,31,0.08100366592407227,2
211,156,0.17154479026794434,8
212,85,0.06800222396850586,2
213,57,0.17351150512695312,8
214,149,0.11499619483947754,4
215,55,0.16100072860717773,7
216,168,0.1730039119720459,8
217,60,0.10002708435058594,3
218,94,0.16500377655029297,8
219,67,0.15499377250671387,6
220,101,0.06700301170349121,2
221,110,0.16112041473388672,8
222,107,0.21799015998840332,9
223,76,0.18899822235107422,6
224,116,0.1190032958984375,3
225,61,0.13457703590393066,4
226,55,0.19751644134521484,8
227,102,0.18399763107299805,8
228,79,0.1080479621887207,3
229,23,0.18502593040466309,9
230,76,0.09799909591674805,3
231,26,0.18201160430908203,9
232,80,0.1839885711669922,8
233,52,0.11461353302001953,3
234,48,0.18150901794433594,8
235,90,0.19200396537780762,8
236,120,0.16202139854431152,8
237,90,0.19754242897033691,8
238,40,0.16402339935302734,7
239,33,0.11651492118835449,4
240,29,0.19899845123291016,9
241,49,0.1959981918334961,9
242,35,0.11602973937988281,4
243,91,0.09397125244140625,3
244,94,0.10899591445922852,4
245,125,0.16701769828796387,8
246,167,0.15598583221435547,7
247,31,0.19700360298156738,9
248,64,0.19199800491333008,8
249,56,0.17499589920043945,8
250,44,0.1650693416595459,7
251,191,0.09299778938293457,3
252,33,0.15952634811401367,7
253,41,0.12600016593933105,5
254,92,0.1929945945739746,9
255,44,0.1770000457763672,8
256,33,0.16199970245361328,8
257,69,0.08999967575073242,3
258,41,0.1800062656402588,8
259,47,0.07199692726135254,2
260,113,0.17100214958190918,8
261,40,0.16303229331970215,8
262,129,0.17899608612060547,8
263,68,0.18799901008605957,8
264,200,0.09200382232666016,3
265,76,0.21614742279052734,9
266,61,0.16197586059570312,8
267,55,0.17556238174438477,8
268,137,0.09105038642883301,3
269,46,0.09099411964416504,3
270,81,0.0980219841003418,3
271,52,0.12096071243286133,4
272,119,0.1780092716217041,8
273,41,0.07396936416625977,2
274,39,0.15199971199035645,6
275,148,0.1715712547302246,6
276,39,0.1745281219482422,8
277,54,0.16599726676940918,8
278,61,0.10499715805053711,3
279,86,0.09600043296813965,3
280,64,0.2110004425048828,9
281,78,0.1190040111541748,4
282,85,0.10799670219421387,3
283,76,0.11700320243835449,4
284,82,0.1549973487854004,7
285,30,0.07400298118591309,2
286,76,0.14700102806091309,7
287,200,0.18099498748779297,8
288,64,0.16703438758850098,8
289,60,0.18996620178222656,9
290,88,0.17609548568725586,8
291,98,0.17703485488891602,8
292,95,0.09099674224853516,3
293,54,0.08899807929992676,3
294,53,0.11202883720397949,4
295,33,0.09298110008239746,3
296,90,0.1999521255493164,8
297,93,0.10399889945983887,3
298,77,0.1730349063873291,9
299,48,0.1739943027496338,9
300,47,0.10899972915649414,4
301,94,0.16599607467651367,8
302,66,0.17200160026550293,8
303,49,0.17800021171569824,9
304,159,0.09891176223754883,3
305,75,0.19299983978271484,8
306,77,0.08793807029724121,3
307,67,0.1909780502319336,8
308,26,0.12500596046447754,4
309,69,0.16999506950378418,8
310,109,0.17401456832885742,8
311,110,0.19000792503356934,9
312,57,0.17598795890808105,8
313,48,0.17050719261169434,8
314,108,0.10800528526306152,4
315,46,0.17800521850585938,8
316,49,0.1020045280456543,3
317,38,0.1219949722290039,4
318,77,0.09499478340148926,3
319,56,0.1610124111175537,8
320,78,0.17699456214904785,8
321,37,0.17502355575561523,8
322,25,0.10550951957702637,3
323,179,0.1849973201751709,9
324,51,0.09898710250854492,3
325,47,0.09499478340148926,3
326,14,0.18300461769104004,8
327,48,0.10899806022644043,3
328,115,0.08699655532836914,2
329,72,0.1750028133392334,8
330,82,0.09800124168395996,3
331,86,0.19899535179138184,9
332,91,0.06800484657287598,2
333,75,0.09297370910644531,3
334,162,0.1730489730834961,7
335,18,0.19500112533569336,8
336,56,0.11400198936462402,5
337,103,0.093017578125,3
338,72,0.19098186492919922,8
339,45,0.0629885196685791,2
340,67,0.10202383995056152,3
341,30,0.10499978065490723,3
342,46,0.17151188850402832,8
343,96,0.09999799728393555,3
344,70,0.09498333930969238,3
345,62,0.16499757766723633,8
346,191,0.16597509384155273,8
347,82,0.0840001106262207,3
348,59,0.16899943351745605,7
349,127,0.08999943733215332,3
350,42,0.09605669975280762,3
351,41,0.184495210647583,8
352,95,0.18902230262756348,8
353,99,0.19353365898132324,9
354,42,0.09696841239929199,3
355,32,0.0939950942993164,3
356,149,0.09900164604187012,3
357,158,0.09603500366210938,3
358,47,0.11996316909790039,4
359,61,0.1809992790222168,8
360,135,0.2019963264465332,9
361,104,0.18603992462158203,9
362,44,0.09401631355285645,3
363,134,0.07398700714111328,2
364,51,0.09650588035583496,3
365,51,0.17100000381469727,8
366,111,0.17999982833862305,8
367,49,0.09400057792663574,3
368,54,0.18399882316589355,8
369,91,0.17200517654418945,8
370,43,0.19299721717834473,9
371,44,0.17702841758728027,8
372,51,0.18051838874816895,8
373,71,0.15999126434326172,8
374,106,0.16798043251037598,8
375,34,0.09099864959716797,3
376,64,0.11602282524108887,4
377,54,0.18900370597839355,8
378,64,0.19069409370422363,9
379,131,0.12600493431091309,4
380,33,0.18599939346313477,9
381,88,0.1829979419708252,8
382,44,0.09500002861022949,3
383,54,0.18000149726867676,9
384,57,0.1569974422454834,7
385,73,0.16597890853881836,8
386,45,0.07400250434875488,2
387,98,0.09289145469665527,3
388,47,0.09800004959106445,3
389,35,0.10653209686279297,3
390,29,0.1779954433441162,8
391,66,0.0989990234375,3
392,56,0.09299898147583008,3
393,119,0.11499929428100586,4
394,91,0.07600164413452148,2
395,34,0.14299869537353516,5
396,35,0.09999895095825195,3
397,93,0.11200380325317383,3
398,101,0.09999918937683105,3
399,34,0.13599896430969238,5
400,77,0.17702460289001465,8
401,50,0.11199522018432617,4
402,41,0.15651702880859375,6
403,14,0.11200070381164551,3
404,47,0.09502315521240234,3
405,107,0.18300127983093262,8
406,88,0.1790320873260498,9
407,64,0.13199591636657715,4
408,63,0.09299325942993164,3
409,52,0.19102144241333008,9
410,44,0.1649799346923828,8
411,58,0.18001389503479004,8
412,28,0.10998797416687012,4
413,38,0.17104554176330566,7
414,169,0.15752148628234863,7
415,59,0.1699976921081543,8
416,52,0.09901213645935059,3
417,79,0.18698859214782715,9
418,75,0.13503336906433105,5
419,104,0.11199378967285156,4
420,169,0.11803698539733887,3
421,61,0.09698200225830078,3
422,87,0.0919954776763916,3
423,72,0.08799958229064941,3
424,20,0.191025972366333,9
425,19,0.11051249504089355,4
426,31,0.10100007057189941,3
427,48,0.11499929428100586,4
428,36,0.12000632286071777,4
429,34,0.1719975471496582,8
430,104,0.09902405738830566,3
431,86,0.10297346115112305,3
432,141,0.16299819946289062,7
433,81,0.10599851608276367,3
434,81,0.17800498008728027,9
435,64,0.10103249549865723,3
436,72,0.1749730110168457,8
437,57,0.17899632453918457,9
438,40,0.20296955108642578,9
439,45,0.08100008964538574,2
440,42,0.18307185173034668,8
441,39,0.10799860954284668,4
442,44,0.06801676750183105,2
443,29,0.17598176002502441,8
444,34,0.14770030975341797,7
445,50,0.14501142501831055,5
446,30,0.17807817459106445,8
447,93,0.18699884414672852,9
448,53,0.16403722763061523,8
449,25,0.0685732364654541,2
450,58,0.0799863338470459,2
451,84,0.1295483112335205,4
452,67,0.19003558158874512,9
453,158,0.18999052047729492,8
454,23,0.13705992698669434,5
455,102,0.09299707412719727,3
456,94,0.07255196571350098,2
457,151,0.10096073150634766,3
458,29,0.12200641632080078,4
459,60,0.17602992057800293,8
460,62,0.1809673309326172,8
461,42,0.1030266284942627,3
462,52,0.13599681854248047,5
463,65,0.13900256156921387,5
464,74,0.16900014877319336,8
465,91,0.1849977970123291,8
466,68,0.10899782180786133,4
467,149,0.09705209732055664,3
468,38,0.18599462509155273,8
469,34,0.1810011863708496,8
470,72,0.1119992733001709,3
471,71,0.13402509689331055,5
472,34,0.17896747589111328,8
473,69,0.09900236129760742,3
474,72,0.12699675559997559,4
475,54,0.17400550842285156,8
476,157,0.1009829044342041,3
477,106,0.1860027313232422,9
478,53,0.200026273727417,9
479,77,0.188981294631958,9
480,35,0.09801054000854492,3
481,162,0.10299801826477051,3
482,43,0.10052227973937988,3
483,16,0.07299995422363281,2
484,66,0.11499881744384766,3
485,63,0.10500216484069824,3
486,60,0.08902764320373535,3
487,79,0.18460965156555176,9
488,80,0.19896531105041504,9
489,88,0.1750032901763916,8
490,138,0.09004092216491699,3
491,29,0.17599940299987793,8
492,92,0.1020040512084961,3
493,109,0.0769965648651123,2
494,50,0.19999957084655762,9
495,54,0.08902263641357422,3
496,88,0.09699821472167969,3
497,133,0.16995787620544434,7
498,75,0.08100056648254395,2
499,43,0.17401719093322754,8
500,94,0.17700886726379395,8
501,41,0.09699654579162598,3
502,47,0.18251609802246094,8
503,42,0.10300111770629883,3
504,51,0.09499812126159668,3
505,81,0.07300281524658203,2
506,25,0.07103252410888672,2
507,68,0.14498639106750488,5
508,64,0.16399836540222168,8
509,48,0.1849982738494873,8
510,80,0.12800049781799316,5
511,73,0.0970010757446289,3
512,70,0.10802221298217773,3
513,69,0.18598699569702148,8
514,37,0.07502031326293945,2
515,55,0.08699798583984375,2
516,43,0.17899870872497559,8
517,65,0.09399676322937012,3
518,73,0.1930375099182129,8
519,45,0.17699933052062988,8
520,65,0.18400049209594727,8
521,125,0.0989990234375,3
522,133,0.1950061321258545,9
523,73,0.0990147590637207,3
524,73,0.07298970222473145,2
525,78,0.16751384735107422,8
526,128,0.12199759483337402,3
527,87,0.10000324249267578,3
528,17,0.1809990406036377,8
529,87,0.16799616813659668,8
530,200,0.15700101852416992,7
531,53,0.17000317573547363,8
532,90,0.17502307891845703,8
533,59,0.09999370574951172,3
534,45,0.10600042343139648,3
535,88,0.10299968719482422,3
536,42,0.19600200653076172,9
537,89,0.09200215339660645,3
538,181,0.11101531982421875,3
539,48,0.07806038856506348,2
540,30,0.07400083541870117,2
541,105,0.09900021553039551,3
542,81,0.1900029182434082,8
543,86,0.17496705055236816,8
544,118,0.11699652671813965,4
545,24,0.1670064926147461,8
546,46,0.09499526023864746,3
547,64,0.1400010585784912,5
548,50,0.10003447532653809,3
549,51,0.1009666919708252,3
550,80,0.18600082397460938,9
551,96,0.09600019454956055,3
552,58,0.18199896812438965,8
553,89,0.20199942588806152,9
554,102,0.1020042896270752,3
555,13,0.10099673271179199,3
556,143,0.1960294246673584,9
557,76,0.16052579879760742,6
558,34,0.07701301574707031,2
559,43,0.10998368263244629,4
560,146,0.19259142875671387,9
561,25,0.10201478004455566,3
562,46,0.10196781158447266,3
563,118,0.19352436065673828,8
564,34,0.18200469017028809,8
565,40,0.1909956932067871,9
566,59,0.16601276397705078,8
567,36,0.07499980926513672,2
568,65,0.10903048515319824,3
569,112,0.09000110626220703,3
570,111,0.09496188163757324,3
571,104,0.18199968338012695,8
572,86,0.11300086975097656,3
573,130,0.13200068473815918,4
574,31,0.11599898338317871,3
575,84,0.18500614166259766,8
576,61,0.12651777267456055,3
577,41,0.2280278205871582,8
578,77,0.08699798583984375,2
579,92,0.2260293960571289,6
580,78,0.16000008583068848,4
581,150,0.1285538673400879,3
582,37,0.2279975414276123,8
583,48,0.09300589561462402,2
584,42,0.20799851417541504,8
585,109,0.0709986686706543,2
586,28,0.10199451446533203,3
587,108,0.09699583053588867,3
588,56,0.17800045013427734,8
589,150,0.18700337409973145,8
590,99,0.19100213050842285,9
591,46,0.09797430038452148,3
592,131,0.09299468994140625,3
593,41,0.12300610542297363,4
594,36,0.17099857330322266,8
595,136,0.17214298248291016,8
596,38,0.11696839332580566,4
597,27,0.0990302562713623,3
598,53,0.20600318908691406,9
599,86,0.12900185585021973,5
600,91,0.11797237396240234,4
601,80,0.12600016593933105,4
602,51,0.12100529670715332,4
603,120,0.10301613807678223,3
604,30,0.10000061988830566,3
605,100,0.17000603675842285,8
606,18,0.16101598739624023,7
607,46,0.10899567604064941,3
608,63,0.07701730728149414,2
609,65,0.17096233367919922,8
610,84,0.08051109313964844,2
611,89,0.1680009365081787,8
612,188,0.1850442886352539,8
613,52,0.1080009937286377,3
614,200,0.20499825477600098,9
615,41,0.11700034141540527,4
616,86,0.1289985179901123,4
617,40,0.19899988174438477,9
618,56,0.08800053596496582,3
619,34,0.11555886268615723,4
620,49,0.12046980857849121,4
621,61,0.19103622436523438,8
622,35,0.08105015754699707,2
623,42,0.16599535942077637,8
624,53,0.1770017147064209,9
625,52,0.10499835014343262,3
626,119,0.19499921798706055,9
627,25,0.17400169372558594,8
628,49,0.1159977912902832,4
629,200,0.19208836555480957,8
630,16,0.1055150032043457,3
631,27,0.18202877044677734,8
632,15,0.09599709510803223,3
633,111,0.11552143096923828,4
634,140,0.17699670791625977,8
635,96,0.12100386619567871,3
636,117,0.17500591278076172,8
637,56,0.11298322677612305,4
638,27,0.09097051620483398,3
639,39,0.17699837684631348,8
640,198,0.16700005531311035,8
641,52,0.0709996223449707,2
642,32,0.10500574111938477,4
643,52,0.12607264518737793,4
644,80,0.196014404296875,9
645,63,0.1620030403137207,8
646,74,0.10715579986572266,3
647,56,0.16598200798034668,7
648,47,0.19305682182312012,9
649,45,0.11100459098815918,3
650,120,0.17996811866760254,8
651,69,0.18401217460632324,9
652,169,0.16398954391479492,8
653,33,0.1470026969909668,8
654,44,0.10700631141662598,4
655,163,0.1710190773010254,9
656,140,0.08599662780761719,3
657,39,0.09399890899658203,3
658,94,0.09600520133972168,3
659,44,0.06200051307678223,2
660,42,0.08799910545349121,3
661,168,0.09102630615234375,3
662,74,0.17798185348510742,9
663,87,0.07515907287597656,2
664,59,0.16202092170715332,8
665,42,0.1419968605041504,5
666,36,0.17999672889709473,9
667,48,0.10399985313415527,4
668,70,0.18372559547424316,9
669,73,0.15299582481384277,8
670,95,0.0910499095916748,3
671,66,0.16299962997436523,9
672,40,0.18800139427185059,9
673,64,0.15899991989135742,8
674,45,0.1020205020904541,3
675,32,0.17104101181030273,9
676,51,0.17801213264465332,9
677,41,0.15496373176574707,8
678,24,0.20400428771972656,9
679,61,0.169999361038208,9
680,36,0.1019887924194336,4
681,33,0.18600058555603027,8
682,49,0.09400320053100586,3
683,101,0.12800240516662598,5
684,119,0.07197952270507812,2
685,56,0.1060025691986084,3
686,52,0.16201543807983398,8
687,65,0.16200685501098633,8
688,61,0.16000008583068848,8
689,35,0.18553566932678223,9
690,50,0.1140298843383789,4
691,96,0.0979604721069336,3
692,58,0.09500885009765625,3
693,71,0.08899426460266113,3
694,30,0.1550002098083496,8
695,86,0.15099763870239258,8
696,103,0.10399794578552246,4
697,30,0.15700030326843262,8
698,38,0.14599990844726562,8
699,82,0.15601849555969238,8
700,61,0.18699359893798828,9
701,80,0.12299394607543945,6
702,83,0.1329975128173828,5
703,51,0.16307568550109863,9
704,67,0.08396625518798828,3
705,76,0.08099746704101562,3
706,124,0.12906885147094727,5
707,166,0.16699624061584473,9
708,74,0.10700249671936035,4
709,111,0.15899157524108887,8
710,51,0.13799548149108887,7
711,124,0.1750037670135498,9
712,66,0.1550278663635254,8
713,61,0.14802932739257812,8
714,71,0.15596461296081543,8
715,163,0.062003374099731445,2
716,29,0.18099689483642578,9
717,48,0.16800308227539062,9
718,78,0.15799760818481445,8
719,40,0.08999919891357422,3
720,49,0.10917353630065918,4
721,171,0.09699082374572754,3
722,44,0.1789689064025879,9
723,58,0.09002804756164551,3
724,78,0.16199207305908203,8
725,200,0.09799647331237793,3
726,71,0.12900137901306152,4
727,78,0.1754159927368164,8
728,47,0.08603167533874512,3
729,145,0.14597249031066895,7
730,200,0.15497279167175293,7
731,71,0.15596294403076172,8
732,62,0.10097956657409668,3
733,64,0.09100103378295898,3
734,33,0.12699580192565918,4
735,50,0.0890040397644043,3
736,34,0.1300046443939209,5
737,63,0.07399106025695801,2
738,29,0.15003323554992676,8
739,45,0.10298371315002441,4
740,57,0.17496013641357422,8
741,104,0.15801692008972168,8
742,34,0.17207694053649902,8
743,40,0.10898280143737793,4
744,127,0.17302417755126953,8
745,131,0.17203307151794434,8
746,15,0.1789686679840088,9
747,85,0.1885232925415039,9
748,76,0.10800290107727051,4
749,64,0.09856224060058594,4
750,75,0.10900688171386719,3
751,73,0.0679624080657959,2
752,51,0.18500328063964844,8
753,200,0.16299796104431152,8
754,59,0.17100310325622559,8
755,62,0.13503217697143555,5
756,69,0.10455584526062012,3
757,107,0.18799901008605957,9
758,54,0.17205333709716797,8
759,33,0.1860337257385254,9
760,193,0.14896392822265625,8
761,13,0.12200021743774414,4
762,38,0.10999846458435059,4
763,46,0.0650022029876709,2
764,63,0.09899592399597168,3
765,43,0.17100214958190918,8
766,32,0.1830298900604248,9
767,95,0.15797758102416992,8
768,36,0.19298267364501953,9
769,111,0.18902182579040527,9
770,40,0.10299921035766602,4
771,92,0.16708898544311523,8
772,80,0.19499731063842773,9
773,84,0.10799193382263184,4
774,42,0.10000324249267578,3
775,33,0.06699490547180176,2
776,30,0.1399998664855957,7
777,51,0.1058800220489502,3
778,93,0.17601561546325684,8
779,39,0.18000125885009766,8
780,142,0.11299943923950195,4
781,47,0.12398886680603027,5
782,69,0.07400131225585938,2
783,99,0.19300103187561035,9
784,103,0.08700108528137207,3
785,46,0.09098172187805176,3
786,45,0.06399941444396973,2
787,44,0.17102813720703125,8
788,104,0.17997145652770996,9
789,105,0.07103681564331055,2
790,58,0.18299198150634766,9
791,52,0.09403157234191895,3
792,38,0.17399287223815918,7
793,47,0.1710054874420166,8
794,134,0.13322877883911133,5
795,179,0.10399937629699707,3
796,61,0.19703984260559082,9
797,41,0.08696246147155762,3
798,47,0.18200182914733887,9
799,128,0.09597969055175781,3
800,72,0.16602492332458496,6
801,76,0.12599730491638184,5
802,76,0.12399601936340332,5
803,51,0.0950005054473877,3
804,36,0.09500002861022949,3
805,56,0.09299898147583008,3
806,14,0.09100198745727539,3
807,110,0.17400217056274414,8
808,79,0.08597803115844727,3
809,26,0.1059877872467041,3
810,50,0.08997797966003418,3
811,126,0.16928505897521973,8
812,54,0.09858393669128418,3
813,182,0.19454026222229004,9
814,123,0.09600019454956055,3
815,84,0.16200041770935059,7
816,83,0.07601785659790039,2
817,47,0.12800192832946777,4
818,35,0.1720569133758545,8
819,61,0.09802722930908203,3
820,105,0.08700013160705566,3
821,140,0.18099522590637207,9
822,34,0.1569991111755371,8
823,61,0.11401247978210449,4
824,101,0.15998578071594238,6
825,43,0.15799498558044434,7
826,39,0.15848445892333984,8
827,86,0.1185142993927002,4
828,56,0.11602187156677246,4
829,67,0.093994140625,3
830,52,0.09600329399108887,3
831,43,0.10602712631225586,3
832,110,0.18499755859375,7
833,83,0.18102407455444336,8
834,123,0.16254234313964844,5
835,200,0.1009972095489502,3
836,190,0.09500908851623535,3
837,114,0.10599923133850098,3
838,57,0.0740053653717041,2
839,80,0.17199969291687012,8
840,44,0.17201662063598633,8
841,116,0.18601250648498535,9
842,57,0.11597132682800293,4
843,195,0.10499739646911621,4
844,72,0.10099649429321289,3
845,85,0.18000435829162598,9
846,75,0.12099933624267578,5
847,89,0.18199682235717773,9
848,129,0.19525384902954102,9
849,95,0.1627650260925293,8
850,46,0.18203496932983398,8
851,68,0.14198708534240723,6
852,40,0.131028413772583,3
853,31,0.15999627113342285,6
854,33,0.20700621604919434,9
855,47,0.1139988899230957,4
856,54,0.09696364402770996,3
857,46,0.17555856704711914,8
858,49,0.17600131034851074,8
859,77,0.1929948329925537,8
860,55,0.18300390243530273,8
861,138,0.17101693153381348,8
862,98,0.12302875518798828,4
863,25,0.11799097061157227,4
864,29,0.19401907920837402,9
865,189,0.11398005485534668,4
866,39,0.15099859237670898,8
867,25,0.1419997215270996,5
868,22,0.20401573181152344,9
869,100,0.16898751258850098,9
870,56,0.18399620056152344,8
871,72,0.1040503978729248,3
872,57,0.10947036743164062,4
873,128,0.09099674224853516,3
874,45,0.09800529479980469,3
875,41,0.1640000343322754,7
876,36,0.07602500915527344,2
877,43,0.17499446868896484,8
878,42,0.17397546768188477,9
879,39,0.174027681350708,8
880,54,0.09598755836486816,3
881,30,0.17998886108398438,6
882,50,0.17300009727478027,8
883,68,0.10503888130187988,4
884,17,0.17406392097473145,8
885,50,0.11500763893127441,4
886,72,0.1660017967224121,8
887,66,0.17098546028137207,8
888,119,0.09399986267089844,3
889,28,0.0910024642944336,3
890,55,0.17302417755126953,8
891,118,0.16300606727600098,7
892,64,0.10051083564758301,3
893,21,0.10100388526916504,3
894,56,0.14897823333740234,7
895,65,0.1940014362335205,9
896,39,0.10101151466369629,3
897,43,0.08399271965026855,2
898,65,0.09399557113647461,3
899,61,0.06999897956848145,2
900,99,0.17200374603271484,8
901,78,0.09903240203857422,3
902,52,0.12696218490600586,5
903,92,0.15600109100341797,8
904,53,0.19302606582641602,8
905,43,0.1549994945526123,8
906,134,0.17400026321411133,8
907,43,0.09911489486694336,3
908,64,0.07199621200561523,2
909,171,0.06500601768493652,2
910,170,0.14499616622924805,5
911,98,0.10302925109863281,4
912,46,0.17896151542663574,9
913,39,0.09800529479980469,3
914,64,0.15899872779846191,8
915,51,0.09403467178344727,3
916,106,0.15898895263671875,8
917,87,0.18400359153747559,9
918,26,0.11400055885314941,4
919,29,0.16899585723876953,8
920,122,0.11800551414489746,3
921,40,0.11098766326904297,4
922,64,0.0859990119934082,3
923,49,0.0931539535522461,3
924,62,0.09497308731079102,3
925,64,0.0660245418548584,2
926,96,0.1849973201751709,9
927,53,0.17499732971191406,9
928,55,0.17399978637695312,9
929,55,0.0950326919555664,3
930,147,0.1659994125366211,8
931,38,0.0711069107055664,2
932,52,0.1379866600036621,4
933,112,0.14501714706420898,7
934,200,0.17099714279174805,8
935,47,0.19099926948547363,9
936,19,0.0900123119354248,3
937,58,0.18105125427246094,8
938,26,0.10698103904724121,3
939,81,0.17963719367980957,9
940,48,0.0989980697631836,3
941,39,0.15799593925476074,7
942,40,0.17799830436706543,8
943,106,0.17400026321411133,8
944,47,0.17000842094421387,9
945,76,0.15999388694763184,8
946,98,0.17600035667419434,8
947,17,0.1909940242767334,9
948,98,0.14100003242492676,6
949,33,0.15700030326843262,7
950,65,0.17899847030639648,9
951,68,0.18963050842285156,9
952,48,0.17899847030639648,8
953,52,0.19500398635864258,9
954,47,0.06399822235107422,2
955,74,0.07701325416564941,2
956,199,0.16498851776123047,8
957,48,0.0670166015625,2
958,37,0.17798566818237305,8
959,97,0.18100214004516602,8
960,13,0.18196845054626465,8
961,126,0.09700393676757812,3
962,152,0.07281851768493652,2
963,81,0.12798333168029785,5
964,60,0.15499663352966309,7
965,67,0.1925058364868164,9
966,55,0.18900465965270996,9
967,51,0.19700002670288086,9
968,87,0.10503149032592773,3
969,47,0.1559605598449707,7
970,85,0.2110004425048828,9
971,67,0.12599897384643555,4
972,32,0.1790015697479248,9
973,68,0.17600274085998535,9
974,40,0.18199539184570312,9
975,76,0.08600115776062012,2
976,64,0.09800314903259277,3
977,26,0.2019960880279541,9
978,38,0.1769552230834961,8
979,23,0.1650404930114746,8
980,99,0.06452536582946777,2
981,58,0.15999436378479004,8
982,79,0.10600042343139648,3
983,81,0.16801190376281738,8
984,32,0.16497063636779785,8
985,26,0.1009979248046875,3
986,103,0.11302685737609863,4
987,50,0.06198573112487793,2
988,82,0.11300039291381836,4
989,52,0.08900165557861328,3
990,29,0.09200572967529297,3
991,32,0.1669933795928955,8
992,58,0.10300040245056152,3
993,190,0.17499971389770508,8
994,45,0.10400080680847168,4
995,17,0.1659989356994629,6
996,130,0.09301948547363281,3
997,49,0.183074951171875,8
998,105,0.13765239715576172,5
999,12,0.19142723083496094,8
