Episode,Steps,Time,Converged at Iterations
0,36,0.11100578308105469,3
1,38,0.17099905014038086,7
2,57,0.07502031326293945,2
3,49,0.1959977149963379,8
4,96,0.1869947910308838,8
5,69,0.13905882835388184,5
6,47,0.09899735450744629,3
7,39,0.1735684871673584,6
8,40,0.18297219276428223,8
9,64,0.1269991397857666,4
10,200,0.20511960983276367,8
11,86,0.08501839637756348,2
12,74,0.09998393058776855,3
13,78,0.14100384712219238,4
14,85,0.18200278282165527,8
15,97,0.12999844551086426,5
16,63,0.09753203392028809,3
17,43,0.10900044441223145,3
18,103,0.11402750015258789,3
19,34,0.11298704147338867,3
20,59,0.10600399971008301,3
21,17,0.1929938793182373,9
22,58,0.10801124572753906,3
23,40,0.10855650901794434,3
24,103,0.21297407150268555,9
25,59,0.10900330543518066,3
26,44,0.1509873867034912,5
27,86,0.2110297679901123,9
28,74,0.19858026504516602,9
29,58,0.2290191650390625,9
30,13,0.1120305061340332,3
31,32,0.13111042976379395,4
32,200,0.20357918739318848,7
33,49,0.11411428451538086,3
34,46,0.21550774574279785,9
35,23,0.12304139137268066,4
36,111,0.19995665550231934,8
37,76,0.11800050735473633,3
38,84,0.10999560356140137,3
39,146,0.06799793243408203,2
40,71,0.10900115966796875,3
41,30,0.16900134086608887,7
42,38,0.1840343475341797,8
43,46,0.13396191596984863,4
44,82,0.12100744247436523,4
45,38,0.1919996738433838,8
46,62,0.15999841690063477,7
47,104,0.10300040245056152,3
48,105,0.08199548721313477,2
49,13,0.10307645797729492,3
50,94,0.10204720497131348,3
51,124,0.1920163631439209,8
52,21,0.1976935863494873,8
53,60,0.06711530685424805,2
54,40,0.19001984596252441,8
55,63,0.18800687789916992,8
56,14,0.18912076950073242,8
57,72,0.0989987850189209,3
58,36,0.12949776649475098,4
59,50,0.19100403785705566,8
60,76,0.1920013427734375,8
61,37,0.20105481147766113,9
62,50,0.11699676513671875,4
63,61,0.14209389686584473,5
64,26,0.2175905704498291,9
65,61,0.11399483680725098,3
66,29,0.09399771690368652,3
67,44,0.10903382301330566,3
68,129,0.17297983169555664,8
69,82,0.21200037002563477,9
70,15,0.19504618644714355,8
71,49,0.11551284790039062,4
72,49,0.2090001106262207,9
73,77,0.18700504302978516,9
74,45,0.1859748363494873,8
75,95,0.10999512672424316,3
76,54,0.210052490234375,9
77,102,0.14211320877075195,5
78,57,0.13104557991027832,4
79,75,0.19800186157226562,8
80,50,0.18699955940246582,8
81,93,0.1540076732635498,6
82,28,0.1860337257385254,8
83,76,0.17696642875671387,8
84,37,0.21500039100646973,9
85,158,0.21506810188293457,9
86,54,0.10998272895812988,3
87,56,0.0989992618560791,3
88,49,0.19902396202087402,9
89,85,0.1940007209777832,9
90,124,0.1180415153503418,3
91,33,0.17499804496765137,7
92,45,0.13699793815612793,5
93,57,0.12401628494262695,4
94,52,0.19503140449523926,9
95,54,0.18002772331237793,8
96,95,0.10749554634094238,3
97,60,0.135972261428833,4
98,66,0.1660022735595703,7
99,64,0.1920163631439209,8
100,51,0.10156559944152832,3
101,171,0.09396243095397949,3
102,61,0.10599851608276367,3
103,200,0.09400749206542969,3
104,21,0.1849961280822754,8
105,37,0.11599922180175781,4
106,143,0.17900371551513672,7
107,155,0.11599564552307129,3
108,81,0.20399975776672363,9
109,195,0.10605502128601074,3
110,35,0.1735231876373291,6
111,131,0.18499994277954102,8
112,196,0.12399959564208984,4
113,77,0.17604899406433105,8
114,68,0.10902237892150879,3
115,112,0.08256697654724121,2
116,128,0.2219552993774414,9
117,121,0.12100028991699219,5
118,33,0.10302257537841797,3
119,88,0.1009817123413086,3
120,33,0.17801713943481445,8
121,79,0.16585516929626465,7
122,40,0.11699938774108887,4
123,102,0.13261723518371582,4
124,50,0.14199185371398926,5
125,111,0.10604596138000488,3
126,57,0.09399580955505371,3
127,47,0.10507535934448242,3
128,49,0.1139976978302002,4
129,15,0.12200379371643066,3
130,54,0.2070026397705078,9
131,34,0.1989758014678955,9
132,92,0.11401629447937012,3
133,22,0.0739588737487793,2
134,182,0.20200324058532715,9
135,49,0.1289970874786377,3
136,73,0.10096144676208496,3
137,40,0.10201644897460938,3
138,48,0.18698382377624512,8
139,108,0.09999990463256836,3
140,63,0.19200491905212402,8
141,67,0.08199548721313477,2
142,44,0.13200044631958008,5
143,105,0.17694640159606934,8
144,67,0.19765496253967285,8
145,165,0.12000226974487305,3
146,92,0.2205030918121338,9
147,134,0.10600399971008301,3
148,32,0.2030036449432373,9
149,97,0.19502520561218262,8
150,62,0.10399651527404785,3
151,35,0.10400032997131348,3
152,61,0.193040132522583,8
153,186,0.10400032997131348,3
154,89,0.21551728248596191,9
155,200,0.12099719047546387,4
156,52,0.17499732971191406,8
157,146,0.12703537940979004,4
158,91,0.19208383560180664,8
159,88,0.18655085563659668,9
160,108,0.10800027847290039,3
161,66,0.19301843643188477,8
162,42,0.07656431198120117,2
163,94,0.08300375938415527,2
164,26,0.1787118911743164,8
165,175,0.07199549674987793,2
166,80,0.17802929878234863,8
167,65,0.23004484176635742,9
168,43,0.07600092887878418,2
169,60,0.175001859664917,8
170,42,0.20599579811096191,9
171,163,0.07101225852966309,2
172,200,0.12699580192565918,4
173,70,0.0740046501159668,2
174,119,0.17699456214904785,8
175,53,0.10300397872924805,3
176,32,0.10199618339538574,3
177,73,0.07399988174438477,2
178,48,0.10100412368774414,3
179,29,0.18497419357299805,8
180,67,0.12103414535522461,3
181,112,0.20499610900878906,9
182,58,0.11000275611877441,4
183,32,0.10499882698059082,3
184,102,0.19103527069091797,8
185,42,0.19198870658874512,8
186,51,0.17600131034851074,8
187,78,0.09799337387084961,3
188,98,0.17000532150268555,7
189,50,0.208998441696167,9
190,179,0.21136713027954102,9
191,54,0.08800029754638672,2
192,158,0.06700801849365234,2
193,49,0.18796777725219727,8
194,43,0.10900259017944336,3
195,104,0.11099958419799805,3
196,158,0.17709779739379883,7
197,45,0.1300041675567627,4
198,47,0.21399593353271484,9
199,45,0.20900321006774902,9
200,35,0.1549983024597168,6
201,71,0.18000245094299316,8
202,39,0.08899688720703125,3
203,73,0.11000680923461914,3
204,33,0.11499881744384766,3
205,170,0.13599681854248047,4
206,67,0.1479952335357666,5
207,37,0.17599987983703613,8
208,36,0.19604802131652832,9
209,58,0.19253325462341309,8
210,145,0.12599778175354004,4
211,192,0.10599398612976074,3
212,164,0.2160029411315918,8
213,153,0.19302105903625488,8
214,35,0.19899511337280273,8
215,48,0.20099759101867676,9
216,133,0.19103741645812988,8
217,36,0.12151145935058594,3
218,31,0.20299959182739258,8
219,171,0.10702776908874512,3
220,92,0.19652628898620605,8
221,77,0.20705556869506836,9
222,197,0.2039964199066162,9
223,56,0.1830611228942871,7
224,50,0.19099950790405273,7
225,112,0.15352344512939453,5
226,58,0.21300649642944336,8
227,65,0.21399569511413574,9
228,50,0.10800027847290039,3
229,25,0.13900470733642578,5
230,59,0.19699549674987793,8
231,43,0.11499977111816406,3
232,80,0.16202664375305176,6
233,70,0.20704269409179688,9
234,29,0.17049694061279297,7
235,79,0.21505331993103027,8
236,38,0.08899807929992676,2
237,76,0.21899867057800293,9
238,141,0.12200570106506348,3
239,46,0.18201422691345215,6
240,54,0.21451830863952637,8
241,44,0.19499588012695312,8
242,200,0.11400365829467773,3
243,15,0.12804746627807617,3
244,42,0.21199941635131836,9
245,52,0.1060190200805664,3
246,57,0.17699670791625977,8
247,37,0.19799470901489258,8
248,94,0.19013023376464844,8
249,30,0.1990368366241455,8
250,47,0.20000004768371582,8
251,45,0.14506816864013672,4
252,31,0.09899544715881348,3
253,67,0.14751052856445312,5
254,79,0.20201396942138672,9
255,86,0.20699596405029297,9
256,62,0.18299508094787598,7
257,48,0.08552217483520508,2
258,47,0.20799517631530762,8
259,31,0.19199252128601074,8
260,30,0.16999602317810059,8
261,52,0.1280040740966797,4
262,54,0.18900299072265625,8
263,21,0.10099411010742188,3
264,104,0.20203638076782227,9
265,33,0.16158032417297363,7
266,55,0.1894681453704834,8
267,43,0.096527099609375,3
268,86,0.19699978828430176,8
269,41,0.1180415153503418,3
270,62,0.09999465942382812,3
271,55,0.1300039291381836,4
272,75,0.17506051063537598,6
273,60,0.23758745193481445,9
274,76,0.08806157112121582,2
275,47,0.0819692611694336,2
276,90,0.11099934577941895,3
277,47,0.10000252723693848,3
278,115,0.11400079727172852,3
279,42,0.2109825611114502,9
280,100,0.10399365425109863,3
281,22,0.23052668571472168,9
282,93,0.12351322174072266,3
283,29,0.23105716705322266,9
284,97,0.19402766227722168,8
285,40,0.21355247497558594,9
286,48,0.11499714851379395,3
287,77,0.21002459526062012,8
288,53,0.11500000953674316,3
289,23,0.0929872989654541,3
290,67,0.18899941444396973,8
291,77,0.18903374671936035,8
292,48,0.09003996849060059,2
293,60,0.11696243286132812,3
294,35,0.09000134468078613,2
295,126,0.12399983406066895,3
296,71,0.21699833869934082,9
297,40,0.1170341968536377,3
298,69,0.10100007057189941,3
299,60,0.11705660820007324,3
300,32,0.10899925231933594,3
301,99,0.10158371925354004,3
302,64,0.19800615310668945,8
303,63,0.18951082229614258,8
304,62,0.11100459098815918,3
305,35,0.2000408172607422,8
306,122,0.20451903343200684,9
307,34,0.08899950981140137,2
308,38,0.09100484848022461,2
309,33,0.10202527046203613,3
310,79,0.21700835227966309,9
311,127,0.2165377140045166,8
312,73,0.1269693374633789,4
313,62,0.182999849319458,6
314,46,0.19098973274230957,8
315,60,0.2030045986175537,8
316,47,0.1289970874786377,4
317,70,0.20603656768798828,8
318,128,0.18999981880187988,8
319,56,0.1851649284362793,7
320,200,0.21202397346496582,8
321,28,0.2550032138824463,9
322,42,0.2130277156829834,8
323,42,0.18900609016418457,8
324,36,0.11997723579406738,3
325,145,0.20464682579040527,8
326,20,0.11103200912475586,3
327,131,0.1039724349975586,3
328,79,0.11899733543395996,4
329,151,0.1995100975036621,8
330,87,0.10701656341552734,3
331,134,0.1299576759338379,4
332,68,0.13200616836547852,4
333,48,0.12199139595031738,3
334,60,0.10999202728271484,3
335,73,0.2250378131866455,8
336,54,0.30299830436706543,9
337,63,0.13700127601623535,2
338,62,0.25100016593933105,8
339,48,0.16311407089233398,5
340,42,0.23001694679260254,9
341,118,0.15801572799682617,5
342,79,0.20106053352355957,8
343,78,0.15110373497009277,4
344,103,0.16199898719787598,5
345,93,0.1300966739654541,4
346,87,0.18461084365844727,8
347,110,0.204481840133667,8
348,83,0.19812560081481934,8
349,31,0.1600017547607422,4
350,69,0.2310025691986084,8
351,37,0.21756720542907715,8
352,78,0.08700180053710938,2
353,79,0.1935443878173828,4
354,136,0.20705413818359375,8
355,53,0.14202475547790527,4
356,33,0.11597251892089844,3
357,29,0.2279973030090332,9
358,113,0.20505690574645996,9
359,45,0.09382104873657227,2
360,80,0.17315888404846191,8
361,44,0.10898780822753906,3
362,50,0.1885683536529541,8
363,51,0.09501075744628906,3
364,43,0.10149168968200684,3
365,88,0.17300057411193848,6
366,89,0.11711382865905762,3
367,68,0.24002623558044434,9
368,116,0.2225031852722168,8
369,56,0.19899845123291016,9
370,49,0.20002961158752441,8
371,58,0.18198513984680176,8
372,71,0.19798040390014648,7
373,48,0.21652483940124512,8
374,141,0.21959638595581055,9
375,59,0.1965477466583252,8
376,29,0.1750047206878662,7
377,95,0.1580665111541748,5
378,59,0.19499468803405762,8
379,68,0.1659984588623047,5
380,44,0.19510746002197266,8
381,28,0.1199800968170166,3
382,65,0.1890413761138916,8
383,139,0.22000527381896973,9
384,100,0.17999935150146484,8
385,61,0.16900134086608887,6
386,44,0.2069869041442871,8
387,121,0.11200451850891113,3
388,105,0.10211753845214844,2
389,95,0.09596681594848633,3
390,81,0.12999987602233887,4
391,48,0.12500882148742676,4
392,147,0.1889948844909668,7
393,53,0.12401676177978516,3
394,105,0.13056612014770508,4
395,38,0.08300399780273438,2
396,61,0.13656163215637207,4
397,39,0.16904020309448242,7
398,52,0.18251657485961914,8
399,36,0.09000110626220703,2
400,27,0.12007570266723633,3
401,47,0.11000180244445801,3
402,53,0.12799525260925293,4
403,96,0.20200157165527344,8
404,126,0.19002294540405273,8
405,183,0.1790001392364502,8
406,48,0.1824343204498291,8
407,83,0.13999605178833008,5
408,43,0.10154438018798828,3
409,44,0.1850264072418213,7
410,124,0.24199438095092773,9
411,44,0.1809988021850586,6
412,66,0.11803245544433594,3
413,34,0.1770002841949463,5
414,109,0.1980295181274414,8
415,32,0.12403130531311035,4
416,32,0.18599939346313477,7
417,15,0.13551568984985352,5
418,64,0.10199213027954102,3
419,81,0.07100200653076172,2
420,70,0.11401510238647461,3
421,86,0.10799670219421387,3
422,178,0.18700146675109863,7
423,53,0.1990032196044922,9
424,24,0.20799970626831055,8
425,58,0.19000005722045898,8
426,145,0.09899592399597168,3
427,15,0.09600043296813965,2
428,125,0.15999984741210938,7
429,19,0.10300040245056152,3
430,34,0.10599851608276367,3
431,143,0.07400298118591309,2
432,123,0.07906603813171387,2
433,65,0.1399996280670166,5
434,50,0.1740272045135498,8
435,51,0.09496927261352539,3
436,39,0.1987471580505371,9
437,46,0.19952034950256348,9
438,26,0.13100433349609375,4
439,41,0.2000131607055664,9
440,73,0.09999942779541016,3
441,43,0.1799781322479248,7
442,17,0.19899964332580566,8
443,52,0.18900179862976074,8
444,143,0.22904729843139648,8
445,58,0.10800623893737793,3
446,108,0.1309964656829834,4
447,54,0.22156739234924316,8
448,24,0.1100006103515625,3
449,95,0.13157153129577637,4
450,97,0.19606924057006836,8
451,139,0.12899518013000488,4
452,72,0.10399675369262695,3
453,89,0.10100412368774414,3
454,70,0.09298157691955566,3
455,25,0.09902143478393555,3
456,200,0.10497641563415527,3
457,45,0.12800073623657227,4
458,21,0.11100268363952637,3
459,81,0.08800244331359863,2
460,46,0.11400556564331055,3
461,54,0.09099268913269043,2
462,74,0.18000221252441406,8
463,48,0.07603216171264648,2
464,66,0.19057202339172363,8
465,73,0.2050001621246338,9
466,111,0.23851799964904785,9
467,36,0.19896507263183594,8
468,63,0.0709984302520752,2
469,21,0.10799717903137207,3
470,50,0.10200262069702148,3
471,116,0.10199952125549316,3
472,55,0.18100357055664062,8
473,89,0.11398553848266602,3
474,61,0.11400556564331055,3
475,78,0.07800936698913574,2
476,70,0.19201946258544922,8
477,56,0.08296060562133789,2
478,133,0.0970146656036377,3
479,41,0.20150184631347656,8
480,72,0.20404672622680664,8
481,81,0.20600342750549316,9
482,33,0.12099862098693848,4
483,45,0.19402623176574707,8
484,79,0.10000181198120117,3
485,68,0.127852201461792,4
486,89,0.10397553443908691,3
487,65,0.1410224437713623,5
488,49,0.15703868865966797,5
489,76,0.17800021171569824,8
490,47,0.09801363945007324,3
491,66,0.1459958553314209,5
492,99,0.2030799388885498,9
493,39,0.18801164627075195,8
494,32,0.12051653861999512,4
495,148,0.17699980735778809,8
496,53,0.19202899932861328,8
497,100,0.20396161079406738,9
498,73,0.18403363227844238,8
499,82,0.18099641799926758,8
500,57,0.19206881523132324,8
501,37,0.18349719047546387,8
502,87,0.20000290870666504,9
503,56,0.09804749488830566,3
504,62,0.08399486541748047,2
505,37,0.08702397346496582,2
506,110,0.18858885765075684,8
507,93,0.18696093559265137,9
508,200,0.10099959373474121,3
509,60,0.1701488494873047,7
510,100,0.07600021362304688,2
511,36,0.10700011253356934,3
512,68,0.09899568557739258,3
513,38,0.07313156127929688,2
514,151,0.12400007247924805,4
515,117,0.12499499320983887,4
516,100,0.12199854850769043,4
517,35,0.17700552940368652,8
518,75,0.08696722984313965,2
519,50,0.10200095176696777,3
520,109,0.09999799728393555,3
521,52,0.12299776077270508,4
522,47,0.13302922248840332,4
523,27,0.19201970100402832,7
524,54,0.1849985122680664,7
525,76,0.18502187728881836,8
526,62,0.12097382545471191,3
527,85,0.09699869155883789,3
528,32,0.09749603271484375,3
529,50,0.12208199501037598,3
530,121,0.13251376152038574,4
531,43,0.180067777633667,7
532,124,0.20153260231018066,8
533,34,0.1859583854675293,8
534,36,0.22400259971618652,9
535,73,0.20105981826782227,8
536,51,0.19256043434143066,8
537,121,0.2089996337890625,9
538,82,0.11200523376464844,3
539,99,0.19751667976379395,8
540,20,0.195051908493042,8
541,35,0.09600138664245605,3
542,50,0.18799853324890137,8
543,42,0.0870201587677002,2
544,41,0.19904041290283203,8
545,81,0.08003377914428711,2
546,37,0.0780024528503418,2
547,41,0.08809375762939453,2
548,51,0.2165064811706543,9
549,52,0.19199037551879883,8
550,54,0.15200066566467285,5
551,71,0.11100339889526367,3
552,18,0.21900439262390137,9
553,45,0.11504435539245605,3
554,100,0.1790165901184082,6
555,164,0.2069993019104004,8
556,104,0.12209773063659668,3
557,130,0.21451425552368164,9
558,72,0.12999773025512695,4
559,46,0.09402680397033691,3
560,49,0.19053888320922852,8
561,141,0.2039806842803955,8
562,34,0.20099949836730957,8
563,128,0.18002533912658691,8
564,52,0.1265873908996582,5
565,26,0.13996505737304688,4
566,39,0.2030024528503418,8
567,59,0.18300294876098633,8
568,69,0.11152887344360352,3
569,20,0.0960092544555664,3
570,76,0.10550594329833984,3
571,127,0.08500146865844727,2
572,25,0.08903098106384277,2
573,80,0.2139732837677002,9
574,59,0.18705058097839355,8
575,53,0.19800090789794922,8
576,68,0.2050013542175293,9
577,80,0.13451862335205078,4
578,34,0.19893980026245117,8
579,77,0.0725090503692627,2
580,59,0.13501977920532227,4
581,28,0.15798616409301758,5
582,58,0.12799954414367676,4
583,53,0.11352324485778809,4
584,52,0.11399984359741211,3
585,94,0.10457801818847656,3
586,73,0.10400009155273438,3
587,84,0.20703387260437012,9
588,69,0.17753171920776367,7
589,89,0.14252448081970215,4
590,36,0.1069936752319336,3
591,58,0.1560049057006836,4
592,46,0.11599540710449219,3
593,40,0.08303141593933105,2
594,31,0.11899852752685547,4
595,50,0.1935117244720459,9
596,162,0.1289994716644287,4
597,64,0.197052001953125,9
598,162,0.21256017684936523,9
599,34,0.2160205841064453,9
600,138,0.22300481796264648,9
601,106,0.09952712059020996,3
602,32,0.1984720230102539,8
603,91,0.1829981803894043,7
604,64,0.14099478721618652,4
605,130,0.1460278034210205,4
606,72,0.20403790473937988,8
607,89,0.12599945068359375,4
608,105,0.11499905586242676,3
609,48,0.18301725387573242,7
610,63,0.08402681350708008,2
611,62,0.09053206443786621,3
612,68,0.18999886512756348,7
613,106,0.17899274826049805,7
614,129,0.1920020580291748,8
615,109,0.10000038146972656,3
616,44,0.13199853897094727,5
617,77,0.07499909400939941,2
618,100,0.10400176048278809,3
619,49,0.08300185203552246,2
620,128,0.1779947280883789,6
621,46,0.12600040435791016,4
622,66,0.10300326347351074,3
623,88,0.11202216148376465,3
624,79,0.1835169792175293,8
625,52,0.1900038719177246,9
626,57,0.12804031372070312,5
627,29,0.10504865646362305,3
628,35,0.17699503898620605,6
629,52,0.10652685165405273,3
630,77,0.11500382423400879,3
631,53,0.07300329208374023,2
632,50,0.13597583770751953,5
633,57,0.16699481010437012,7
634,20,0.19600129127502441,9
635,80,0.11301946640014648,4
636,33,0.1120295524597168,3
637,39,0.18796515464782715,8
638,28,0.17999887466430664,8
639,82,0.10300374031066895,3
640,40,0.20361900329589844,9
641,46,0.15099644660949707,5
642,49,0.18400359153747559,8
643,106,0.18300199508666992,8
644,76,0.13468074798583984,5
645,29,0.1419992446899414,4
646,22,0.09599804878234863,3
647,52,0.1509993076324463,5
648,33,0.07422828674316406,2
649,59,0.1490180492401123,5
650,62,0.18849658966064453,8
651,50,0.10600137710571289,3
652,32,0.1560053825378418,7
653,46,0.11702227592468262,4
654,20,0.17899060249328613,7
655,37,0.18399620056152344,8
656,76,0.17302799224853516,8
657,64,0.195997953414917,8
658,66,0.17600083351135254,8
659,62,0.17599916458129883,7
660,48,0.10306954383850098,3
661,81,0.1999964714050293,8
662,64,0.12102484703063965,4
663,200,0.10199332237243652,3
664,38,0.15300226211547852,5
665,77,0.2160029411315918,9
666,125,0.19705796241760254,9
667,73,0.20751643180847168,9
668,53,0.19806671142578125,9
669,21,0.18001079559326172,8
670,43,0.09698605537414551,3
671,100,0.20000123977661133,9
672,46,0.20200037956237793,8
673,200,0.19503116607666016,8
674,59,0.07300281524658203,2
675,60,0.19651198387145996,8
676,83,0.10361289978027344,3
677,69,0.17899751663208008,8
678,165,0.19652247428894043,9
679,174,0.14400100708007812,5
680,84,0.18760204315185547,8
681,124,0.21653103828430176,9
682,64,0.17202448844909668,8
683,65,0.1080012321472168,3
684,58,0.2140204906463623,9
685,44,0.17499470710754395,8
686,30,0.18600249290466309,8
687,17,0.1200413703918457,4
688,78,0.18696141242980957,8
689,69,0.17099809646606445,8
690,65,0.18302559852600098,8
691,32,0.1305227279663086,3
692,16,0.18500041961669922,8
693,75,0.17199277877807617,8
694,200,0.10000419616699219,3
695,44,0.16699576377868652,7
696,60,0.17904329299926758,8
697,53,0.20209360122680664,9
698,49,0.12897706031799316,4
699,200,0.11503171920776367,3
700,127,0.10599470138549805,3
701,110,0.11600565910339355,3
702,58,0.09402251243591309,3
703,41,0.11199831962585449,3
704,113,0.1860036849975586,7
705,46,0.18903136253356934,8
706,104,0.12598443031311035,4
707,99,0.07799744606018066,2
708,91,0.20104622840881348,8
709,65,0.1509702205657959,5
710,101,0.14251303672790527,4
711,85,0.13199234008789062,4
712,47,0.19312620162963867,8
713,55,0.20199894905090332,8
714,61,0.07100915908813477,2
715,48,0.16100764274597168,5
716,79,0.21000099182128906,8
717,74,0.1589980125427246,7
718,101,0.18399763107299805,8
719,200,0.18300533294677734,8
720,91,0.1340012550354004,4
721,162,0.1240236759185791,4
722,62,0.18897771835327148,8
723,133,0.18599867820739746,8
724,129,0.11799764633178711,3
725,36,0.11100387573242188,3
726,43,0.20505499839782715,8
727,68,0.18955039978027344,8
728,196,0.2030928134918213,8
729,36,0.12706828117370605,3
730,27,0.17298150062561035,7
731,78,0.14810681343078613,5
732,43,0.20300030708312988,9
733,50,0.186079740524292,8
734,45,0.09802365303039551,3
735,44,0.18453192710876465,8
736,42,0.17198467254638672,7
737,176,0.18699955940246582,8
738,32,0.1260066032409668,4
739,94,0.21502256393432617,9
740,34,0.1315302848815918,4
741,84,0.19902586936950684,9
742,94,0.1900167465209961,8
743,35,0.20998668670654297,9
744,58,0.2000279426574707,8
745,68,0.12400126457214355,4
746,43,0.19153380393981934,8
747,55,0.09700274467468262,3
748,109,0.2055494785308838,9
749,74,0.07599973678588867,2
750,53,0.1050269603729248,3
751,49,0.21662497520446777,9
752,58,0.14201068878173828,5
753,83,0.17747902870178223,8
754,88,0.09400081634521484,3
755,64,0.0839986801147461,2
756,37,0.18099379539489746,8
757,153,0.20799922943115234,9
758,83,0.13203096389770508,4
759,29,0.1290125846862793,4
760,40,0.1753242015838623,8
761,145,0.10999941825866699,3
762,81,0.1970047950744629,9
763,32,0.10400176048278809,3
764,70,0.2010514736175537,9
765,149,0.1785569190979004,8
766,22,0.10497927665710449,3
767,39,0.1920006275177002,8
768,63,0.11699891090393066,3
769,96,0.11302852630615234,3
770,153,0.1750185489654541,8
771,42,0.11699628829956055,3
772,111,0.18511152267456055,8
773,38,0.1500537395477295,5
774,40,0.12100529670715332,3
775,55,0.168107271194458,6
776,26,0.19900202751159668,8
777,72,0.1010427474975586,3
778,110,0.10500311851501465,3
779,105,0.18702220916748047,7
780,50,0.10000181198120117,3
781,36,0.12002420425415039,4
782,70,0.10299563407897949,3
783,73,0.20299887657165527,8
784,100,0.11600184440612793,3
785,131,0.1060023307800293,3
786,112,0.12999963760375977,4
787,56,0.10704779624938965,3
788,67,0.13100671768188477,4
789,39,0.19851446151733398,8
790,46,0.18099737167358398,7
791,39,0.07400226593017578,2
792,93,0.12403225898742676,3
793,57,0.20009493827819824,8
794,56,0.13596677780151367,4
795,78,0.1000051498413086,3
796,114,0.0990285873413086,3
797,60,0.12102723121643066,3
798,40,0.11899757385253906,3
799,103,0.16400146484375,4
800,39,0.07800126075744629,2
801,100,0.20599603652954102,9
802,79,0.18900609016418457,7
803,64,0.21598505973815918,9
804,47,0.20504307746887207,9
805,124,0.19310283660888672,8
806,52,0.2099933624267578,9
807,33,0.21002578735351562,9
808,146,0.1230771541595459,4
809,36,0.11253857612609863,3
810,13,0.1990058422088623,8
811,88,0.12599802017211914,3
812,118,0.1810007095336914,8
813,21,0.1770639419555664,7
814,51,0.09996891021728516,3
815,56,0.15051579475402832,4
816,39,0.1760094165802002,7
817,157,0.20998883247375488,9
818,57,0.13205242156982422,4
819,176,0.1935274600982666,8
820,46,0.1119987964630127,3
821,103,0.18201661109924316,8
822,64,0.08704423904418945,2
823,47,0.1270143985748291,4
824,34,0.09948992729187012,3
825,127,0.17851805686950684,7
826,40,0.20604252815246582,9
827,72,0.10699820518493652,3
828,35,0.18700289726257324,8
829,74,0.10300183296203613,3
830,73,0.23502421379089355,9
831,83,0.20950555801391602,8
832,108,0.16899919509887695,7
833,104,0.12600922584533691,4
834,87,0.21002626419067383,8
835,53,0.19800424575805664,8
836,63,0.08303689956665039,2
837,60,0.11103343963623047,3
838,68,0.20351266860961914,8
839,128,0.09802007675170898,3
840,39,0.07802534103393555,2
841,59,0.10100221633911133,3
842,77,0.07300066947937012,2
843,28,0.19309496879577637,8
844,93,0.11300158500671387,3
845,88,0.15001296997070312,6
846,111,0.07099747657775879,2
847,49,0.18006181716918945,7
848,66,0.11899662017822266,4
849,77,0.09407663345336914,2
850,158,0.11600065231323242,3
851,25,0.14805936813354492,5
852,37,0.22609925270080566,9
853,34,0.0859825611114502,2
854,112,0.11600208282470703,3
855,64,0.2299973964691162,9
856,97,0.12499356269836426,4
857,70,0.17799830436706543,8
858,112,0.10702276229858398,3
859,21,0.2209913730621338,9
860,128,0.19102883338928223,8
861,68,0.20853018760681152,8
862,57,0.09799671173095703,3
863,40,0.21699976921081543,9
864,16,0.10299491882324219,3
865,155,0.21000099182128906,9
866,28,0.10203695297241211,3
867,37,0.07099699974060059,2
868,35,0.09697890281677246,3
869,60,0.20700621604919434,9
870,76,0.19202923774719238,8
871,87,0.2010190486907959,8
872,77,0.08103060722351074,2
873,40,0.10398554801940918,3
874,59,0.0820009708404541,2
875,67,0.12600040435791016,4
876,57,0.18100333213806152,8
877,69,0.18700432777404785,8
878,92,0.20399069786071777,9
879,40,0.18801259994506836,8
880,71,0.09698295593261719,3
881,89,0.11699748039245605,4
882,55,0.115997314453125,3
883,60,0.20499634742736816,9
884,63,0.09707212448120117,3
885,60,0.09899687767028809,3
886,46,0.19602227210998535,8
887,106,0.17399978637695312,7
888,25,0.16400432586669922,8
889,114,0.10599589347839355,3
890,34,0.2340555191040039,9
891,86,0.18708157539367676,8
892,47,0.0760042667388916,2
893,94,0.19899654388427734,8
894,58,0.10299992561340332,3
895,77,0.1040029525756836,3
896,52,0.19565534591674805,9
897,39,0.1609961986541748,7
898,89,0.07703185081481934,2
899,34,0.11700296401977539,4
900,65,0.09814453125,3
901,67,0.17099809646606445,7
902,76,0.11600232124328613,4
903,200,0.11799907684326172,3
904,44,0.10800027847290039,3
905,21,0.1931300163269043,9
906,57,0.11999821662902832,4
907,118,0.18606257438659668,8
908,119,0.1485133171081543,5
909,150,0.10499858856201172,3
910,41,0.19001412391662598,8
911,79,0.08601570129394531,2
912,80,0.09697079658508301,3
913,30,0.0930027961730957,3
914,81,0.17803168296813965,8
915,129,0.10695481300354004,3
916,33,0.1430041790008545,5
917,40,0.18202519416809082,8
918,67,0.18902254104614258,8
919,35,0.17805933952331543,7
920,69,0.07005000114440918,2
921,54,0.10199522972106934,3
922,118,0.17800045013427734,8
923,79,0.08100271224975586,2
924,67,0.1830003261566162,7
925,87,0.2019968032836914,8
926,89,0.20900249481201172,8
927,54,0.1999967098236084,8
928,57,0.22202444076538086,9
929,56,0.19600296020507812,8
930,118,0.1415402889251709,4
931,59,0.21000456809997559,8
932,46,0.11400461196899414,3
933,34,0.11500024795532227,3
934,67,0.10399389266967773,3
935,24,0.18199920654296875,8
936,67,0.11800456047058105,3
937,35,0.10300159454345703,3
938,138,0.19999408721923828,8
939,81,0.1849994659423828,8
940,52,0.10103654861450195,3
941,67,0.12201428413391113,4
942,48,0.12955141067504883,5
943,105,0.1230325698852539,4
944,86,0.11202621459960938,3
945,49,0.07651853561401367,2
946,35,0.13698768615722656,4
947,68,0.12102246284484863,3
948,61,0.10896730422973633,3
949,28,0.19899916648864746,8
950,67,0.14999961853027344,5
951,94,0.20400309562683105,9
952,98,0.13299298286437988,4
953,46,0.20011281967163086,8
954,125,0.2115166187286377,9
955,108,0.11799812316894531,3
956,131,0.2120048999786377,9
957,30,0.22199511528015137,9
958,38,0.11399674415588379,3
959,39,0.09554195404052734,3
960,44,0.10000181198120117,3
961,50,0.10798430442810059,3
962,53,0.15799570083618164,4
963,66,0.17600107192993164,7
964,84,0.12799715995788574,4
965,48,0.1289985179901123,4
966,56,0.18200087547302246,8
967,70,0.1190025806427002,3
968,51,0.12700200080871582,3
969,54,0.10699868202209473,3
970,70,0.1760573387145996,6
971,56,0.21003389358520508,9
972,52,0.20799994468688965,9
973,56,0.08553791046142578,2
974,82,0.2160494327545166,9
975,27,0.11199402809143066,3
976,39,0.07754325866699219,2
977,49,0.10701751708984375,3
978,62,0.11203408241271973,3
979,28,0.17200231552124023,7
980,17,0.11803030967712402,3
981,31,0.1790940761566162,8
982,65,0.1810302734375,8
983,53,0.16000056266784668,7
984,47,0.10501217842102051,3
985,75,0.10398626327514648,3
986,94,0.16800427436828613,8
987,39,0.19701623916625977,9
988,74,0.10599184036254883,3
989,65,0.13799738883972168,5
990,41,0.18802738189697266,9
991,32,0.187957763671875,8
992,132,0.10112595558166504,3
993,103,0.18999910354614258,8
994,37,0.15413665771484375,6
995,48,0.17999958992004395,6
996,40,0.11600065231323242,3
997,112,0.18702960014343262,6
998,51,0.20885515213012695,8
999,47,0.1225283145904541,4
