Episode,Steps,Time,Converged at Iterations
0,32,0.1965160369873047,8
1,33,0.09702110290527344,3
2,106,0.1514906883239746,4
3,99,0.10399913787841797,3
4,47,0.1419997215270996,5
5,168,0.07600045204162598,2
6,83,0.18100428581237793,8
7,99,0.19399619102478027,8
8,200,0.09599995613098145,3
9,63,0.17200469970703125,8
10,41,0.20002961158752441,9
11,44,0.1965177059173584,9
12,39,0.07901644706726074,2
13,105,0.11601543426513672,3
14,24,0.1930222511291504,8
15,55,0.20998454093933105,9
16,59,0.1349949836730957,5
17,43,0.19701719284057617,9
18,79,0.12450051307678223,4
19,85,0.1789994239807129,8
20,92,0.1150054931640625,3
21,49,0.11000275611877441,3
22,33,0.17999649047851562,7
23,39,0.2299954891204834,9
24,93,0.07800960540771484,2
25,46,0.1589832305908203,6
26,87,0.17705869674682617,8
27,200,0.14357757568359375,4
28,66,0.10399937629699707,3
29,65,0.07900094985961914,2
30,152,0.10899829864501953,3
31,64,0.22400450706481934,9
32,23,0.1810009479522705,8
33,42,0.1849963665008545,8
34,32,0.09999728202819824,3
35,88,0.18805146217346191,8
36,53,0.07499909400939941,2
37,93,0.13713765144348145,4
38,86,0.20151519775390625,8
39,190,0.18799781799316406,8
40,26,0.18399882316589355,8
41,82,0.20203137397766113,8
42,68,0.14002442359924316,5
43,71,0.19497966766357422,8
44,98,0.14299798011779785,4
45,106,0.1050722599029541,3
46,38,0.20249509811401367,9
47,44,0.11800622940063477,4
48,72,0.1049966812133789,3
49,48,0.1930246353149414,8
50,67,0.16352033615112305,6
51,31,0.1879868507385254,9
52,97,0.1809985637664795,7
53,62,0.1790006160736084,7
54,52,0.18601584434509277,7
55,49,0.1759796142578125,8
56,150,0.07399868965148926,2
57,56,0.20000100135803223,9
58,49,0.1490168571472168,6
59,65,0.18598580360412598,8
60,84,0.10402226448059082,3
61,200,0.10999941825866699,3
62,44,0.20199894905090332,9
63,50,0.18999791145324707,8
64,95,0.17100095748901367,8
65,92,0.12899088859558105,4
66,70,0.20599627494812012,9
67,115,0.11699938774108887,3
68,68,0.1010289192199707,2
69,70,0.17100024223327637,5
70,37,0.07809996604919434,2
71,101,0.20000362396240234,8
72,47,0.1209716796875,4
73,61,0.1210014820098877,3
74,155,0.11600446701049805,3
75,30,0.16999435424804688,7
76,55,0.20499873161315918,9
77,75,0.07899689674377441,2
78,100,0.1680002212524414,6
79,21,0.20299935340881348,8
80,78,0.127579927444458,4
81,139,0.1029977798461914,3
82,158,0.19899868965148926,8
83,48,0.21400094032287598,9
84,80,0.15400028228759766,5
85,30,0.11299920082092285,3
86,55,0.10701394081115723,3
87,132,0.12099027633666992,5
88,28,0.1739959716796875,7
89,142,0.2000894546508789,8
90,51,0.10799765586853027,3
91,49,0.14800429344177246,5
92,32,0.19998860359191895,8
93,63,0.1150062084197998,3
94,78,0.09699654579162598,2
95,61,0.12299942970275879,4
96,36,0.20404314994812012,9
97,70,0.11795711517333984,4
98,102,0.22400164604187012,8
99,88,0.10302042961120605,3
100,53,0.10599780082702637,3
101,81,0.19299674034118652,8
102,98,0.11401677131652832,3
103,32,0.12601280212402344,4
104,79,0.1755523681640625,7
105,64,0.10300135612487793,3
106,43,0.20499944686889648,9
107,70,0.12599945068359375,4
108,99,0.10365653038024902,3
109,37,0.2260422706604004,9
110,21,0.18098163604736328,8
111,33,0.14300918579101562,4
112,73,0.17751026153564453,8
113,163,0.19309043884277344,7
114,63,0.192002534866333,8
115,72,0.21605753898620605,9
116,32,0.09299969673156738,3
117,77,0.11700129508972168,4
118,71,0.22150874137878418,9
119,108,0.20200014114379883,8
120,37,0.2019970417022705,9
121,118,0.10302996635437012,3
122,58,0.17299985885620117,8
123,52,0.13398122787475586,4
124,104,0.2147502899169922,8
125,40,0.22400808334350586,9
126,49,0.1419999599456787,4
127,42,0.22399687767028809,8
128,37,0.20900416374206543,8
129,66,0.12499880790710449,3
130,60,0.11999154090881348,3
131,115,0.11299991607666016,3
132,143,0.10102224349975586,3
133,86,0.10700321197509766,3
134,71,0.18850302696228027,8
135,37,0.12700629234313965,4
136,75,0.20300054550170898,8
137,51,0.07498431205749512,2
138,45,0.10801529884338379,3
139,43,0.14998531341552734,5
140,84,0.11499619483947754,3
141,52,0.09201622009277344,2
142,197,0.07997345924377441,2
143,90,0.19700384140014648,8
144,147,0.21798253059387207,9
145,66,0.18100523948669434,8
146,57,0.2030496597290039,8
147,43,0.18752145767211914,7
148,84,0.10399985313415527,3
149,76,0.1730208396911621,8
150,95,0.07602071762084961,2
151,43,0.19251132011413574,8
152,48,0.17802882194519043,7
153,55,0.10300874710083008,3
154,34,0.2029891014099121,9
155,19,0.10800361633300781,3
156,90,0.1959974765777588,8
157,62,0.10300302505493164,3
158,88,0.1959998607635498,8
159,41,0.12099766731262207,3
160,42,0.09404754638671875,3
161,60,0.18702411651611328,8
162,123,0.13100028038024902,4
163,66,0.08600330352783203,2
164,22,0.21899724006652832,9
165,60,0.22100496292114258,9
166,46,0.0980367660522461,3
167,49,0.12299299240112305,4
168,84,0.12605786323547363,3
169,117,0.11199808120727539,3
170,69,0.21902179718017578,8
171,65,0.19299793243408203,8
172,46,0.10699915885925293,3
173,55,0.1920006275177002,8
174,26,0.11699938774108887,3
175,51,0.10599923133850098,3
176,37,0.21899914741516113,9
177,58,0.1810009479522705,8
178,88,0.10203051567077637,3
179,48,0.10700225830078125,3
180,57,0.179213285446167,8
181,95,0.21740174293518066,9
182,165,0.10999584197998047,3
183,62,0.20107507705688477,8
184,47,0.12300586700439453,3
185,39,0.13901877403259277,4
186,62,0.13497543334960938,4
187,36,0.178053617477417,8
188,55,0.12050771713256836,4
189,135,0.14400577545166016,5
190,17,0.19803214073181152,8
191,69,0.2420341968536377,9
192,159,0.11402106285095215,3
193,114,0.2100048065185547,9
194,100,0.18297290802001953,7
195,15,0.10204935073852539,3
196,43,0.1415109634399414,4
197,88,0.1990032196044922,7
198,40,0.1119987964630127,3
199,60,0.20299625396728516,9
200,59,0.20499897003173828,9
201,25,0.10000014305114746,3
202,44,0.11200070381164551,3
203,41,0.18300533294677734,7
204,72,0.19899582862854004,8
205,112,0.21502923965454102,9
206,54,0.1559743881225586,6
207,48,0.1100013256072998,3
208,106,0.1119992733001709,3
209,31,0.14025068283081055,5
210,24,0.12400126457214355,4
211,57,0.1877121925354004,8
212,32,0.22100400924682617,9
213,40,0.20499658584594727,9
214,25,0.09399724006652832,3
215,51,0.13507795333862305,4
216,112,0.20000052452087402,9
217,128,0.19300389289855957,8
218,39,0.19499683380126953,8
219,105,0.18399977684020996,8
220,14,0.1900322437286377,8
221,43,0.1825251579284668,8
222,27,0.1840364933013916,8
223,28,0.11696004867553711,4
224,136,0.19899988174438477,8
225,50,0.12001657485961914,4
226,119,0.11202120780944824,3
227,39,0.0775911808013916,2
228,142,0.10799789428710938,3
229,67,0.0775306224822998,2
230,78,0.1885228157043457,6
231,43,0.21800541877746582,9
232,16,0.12700152397155762,3
233,54,0.07799386978149414,2
234,63,0.11000204086303711,3
235,43,0.07199621200561523,2
236,62,0.07900166511535645,2
237,24,0.14701104164123535,5
238,63,0.2140657901763916,9
239,29,0.17702984809875488,8
240,35,0.19851469993591309,9
241,83,0.2010056972503662,8
242,93,0.11998367309570312,4
243,51,0.21352434158325195,9
244,28,0.2330009937286377,9
245,67,0.23009157180786133,7
246,47,0.25751161575317383,9
247,91,0.1465129852294922,4
248,63,0.21997523307800293,9
249,145,0.19099926948547363,8
250,54,0.10702300071716309,3
251,59,0.1649913787841797,5
252,48,0.197998046875,9
253,62,0.12299728393554688,4
254,66,0.20304441452026367,8
255,79,0.18502593040466309,7
256,93,0.1810016632080078,8
257,151,0.13800334930419922,4
258,55,0.07599902153015137,2
259,38,0.20999932289123535,8
260,200,0.21799492835998535,9
261,61,0.1199948787689209,3
262,51,0.1095430850982666,3
263,59,0.20699119567871094,7
264,38,0.20904302597045898,9
265,73,0.20899677276611328,8
266,57,0.19900012016296387,8
267,138,0.2140059471130371,8
268,112,0.08450555801391602,2
269,36,0.13297510147094727,4
270,68,0.12559962272644043,3
271,30,0.1290276050567627,3
272,36,0.19897699356079102,9
273,75,0.10099673271179199,3
274,89,0.2219991683959961,9
275,69,0.18100404739379883,6
276,46,0.20599794387817383,9
277,47,0.08500266075134277,2
278,20,0.11500144004821777,3
279,67,0.09403705596923828,2
280,49,0.2530033588409424,3
281,41,0.18703007698059082,5
282,57,0.2330310344696045,9
283,46,0.07896828651428223,2
284,9,0.14905452728271484,3
285,52,0.22199249267578125,3
286,44,0.2595193386077881,8
287,95,0.1210029125213623,2
288,70,0.17399883270263672,4
289,50,0.27199602127075195,9
290,57,0.25002479553222656,8
291,78,0.2345273494720459,8
292,50,0.25804686546325684,8
293,80,0.10100197792053223,2
294,162,0.18364834785461426,4
295,66,0.125,3
296,55,0.20600032806396484,8
297,34,0.08499670028686523,2
298,36,0.11299920082092285,3
299,68,0.23302984237670898,9
300,56,0.2540292739868164,9
301,148,0.2740013599395752,8
302,152,0.30106234550476074,9
303,42,0.25103330612182617,8
304,74,0.21503496170043945,8
305,56,0.21198296546936035,9
306,154,0.18409442901611328,8
307,121,0.16098523139953613,5
308,61,0.12812447547912598,3
309,34,0.09200191497802734,2
310,117,0.27399754524230957,9
311,185,0.22979307174682617,9
312,78,0.15102910995483398,4
313,38,0.23504996299743652,8
314,34,0.2949974536895752,9
315,94,0.13300013542175293,4
316,137,0.13299989700317383,3
317,68,0.10301351547241211,2
318,129,0.13200950622558594,3
319,41,0.19498538970947266,8
320,41,0.12799954414367676,4
321,52,0.17199945449829102,7
322,61,0.2320399284362793,9
323,71,0.2279970645904541,9
324,39,0.2199997901916504,9
325,144,0.1820075511932373,6
326,87,0.17403602600097656,5
327,63,0.11400175094604492,3
328,104,0.11052131652832031,3
329,35,0.11955070495605469,3
330,61,0.1889972686767578,4
331,57,0.22499918937683105,9
332,65,0.22699713706970215,9
333,61,0.2580277919769287,9
334,81,0.217041015625,8
335,60,0.1309976577758789,4
336,37,0.15199613571166992,5
337,53,0.2020423412322998,8
338,107,0.11810541152954102,3
339,22,0.14799737930297852,4
340,119,0.10900139808654785,2
341,57,0.14299702644348145,3
342,147,0.26599979400634766,8
343,148,0.36867713928222656,9
344,147,0.2861175537109375,9
345,52,0.22499966621398926,4
346,67,0.3590586185455322,7
347,147,0.3840498924255371,8
348,91,0.35608935356140137,8
349,109,0.33899974822998047,9
350,35,0.3710026741027832,9
351,60,0.15199685096740723,3
352,61,0.14200353622436523,3
353,36,0.14051270484924316,3
354,68,0.20903730392456055,7
355,133,0.2325153350830078,9
356,65,0.21700024604797363,8
357,46,0.07412910461425781,2
358,43,0.11300015449523926,3
359,100,0.10498309135437012,3
360,146,0.19805049896240234,8
361,82,0.1290140151977539,4
362,29,0.10701298713684082,3
363,48,0.20700359344482422,8
364,84,0.11710977554321289,3
365,133,0.21303367614746094,6
366,40,0.1639997959136963,4
367,45,0.1360001564025879,4
368,54,0.10065031051635742,2
369,200,0.31600141525268555,9
370,33,0.2919950485229492,8
371,71,0.12405705451965332,2
372,32,0.18747615814208984,3
373,134,0.3039977550506592,8
374,43,0.13800334930419922,3
375,83,0.16899704933166504,3
376,48,0.13199782371520996,3
377,78,0.11699795722961426,3
378,63,0.21303224563598633,9
379,88,0.2210221290588379,7
380,148,0.19152450561523438,7
381,39,0.10602784156799316,3
382,89,0.12999677658081055,3
383,122,0.15356898307800293,4
384,28,0.13700103759765625,4
385,62,0.23952078819274902,9
386,45,0.09999966621398926,3
387,27,0.11911153793334961,3
388,29,0.19802331924438477,6
389,69,0.23997950553894043,9
390,72,0.12000465393066406,3
391,37,0.12700414657592773,3
392,52,0.1549968719482422,3
393,35,0.1790003776550293,5
394,67,0.12903118133544922,3
395,80,0.1360023021697998,4
396,40,0.08500146865844727,2
397,29,0.13699913024902344,4
398,81,0.12651920318603516,3
399,33,0.21599912643432617,9
400,85,0.07200789451599121,2
401,95,0.20701861381530762,7
402,42,0.12000060081481934,3
403,36,0.1269996166229248,3
404,90,0.17499923706054688,6
405,77,0.23955726623535156,9
406,22,0.1340007781982422,4
407,110,0.18503642082214355,8
408,69,0.1725616455078125,4
409,45,0.10100150108337402,2
410,66,0.18051671981811523,7
411,88,0.11401152610778809,3
412,119,0.2398848533630371,8
413,105,0.23503565788269043,8
414,79,0.22299909591674805,9
415,200,0.19600176811218262,8
416,50,0.19300007820129395,8
417,25,0.20299792289733887,8
418,54,0.21505308151245117,8
419,82,0.21603655815124512,8
420,135,0.22100090980529785,9
421,45,0.09099721908569336,3
422,38,0.19904160499572754,8
423,81,0.1889965534210205,8
424,31,0.12302875518798828,3
425,86,0.20702505111694336,6
426,49,0.2210836410522461,8
427,60,0.11456751823425293,3
428,97,0.18999266624450684,6
429,53,0.0989997386932373,3
430,90,0.12202596664428711,3
431,39,0.2319965362548828,9
432,113,0.20005464553833008,8
433,39,0.10199451446533203,3
434,51,0.14000344276428223,4
435,20,0.11397647857666016,3
436,23,0.18221235275268555,5
437,86,0.14699554443359375,3
438,25,0.24402952194213867,9
439,28,0.2350320816040039,8
440,86,0.20102190971374512,8
441,58,0.17156386375427246,5
442,88,0.21899724006652832,9
443,51,0.21758580207824707,9
444,149,0.07701849937438965,2
445,28,0.10803771018981934,3
446,34,0.1129903793334961,3
447,65,0.19104290008544922,8
448,69,0.2070317268371582,8
449,71,0.12399864196777344,4
450,113,0.20519232749938965,9
451,55,0.2125084400177002,9
452,52,0.12400269508361816,3
453,160,0.1159980297088623,3
454,105,0.15400004386901855,4
455,83,0.1990194320678711,8
456,41,0.12499380111694336,4
457,79,0.207000732421875,9
458,49,0.17300105094909668,5
459,96,0.10305094718933105,3
460,80,0.15659117698669434,5
461,199,0.14499449729919434,5
462,166,0.15799498558044434,5
463,33,0.19400286674499512,8
464,33,0.13599371910095215,4
465,126,0.17400002479553223,5
466,81,0.17905330657958984,4
467,30,0.09099721908569336,2
468,63,0.2305285930633545,8
469,76,0.24151301383972168,8
470,71,0.0839996337890625,2
471,117,0.21452116966247559,8
472,39,0.10599994659423828,3
473,20,0.18198823928833008,7
474,18,0.10199546813964844,3
475,16,0.15700078010559082,5
476,68,0.11202144622802734,3
477,35,0.2125086784362793,9
478,48,0.20104622840881348,8
479,91,0.1670238971710205,5
480,50,0.20000290870666504,8
481,32,0.19399476051330566,8
482,109,0.18900322914123535,8
483,94,0.18199849128723145,8
484,51,0.11099553108215332,3
485,106,0.10312891006469727,3
486,55,0.12600302696228027,4
487,40,0.18349599838256836,8
488,105,0.1979987621307373,8
489,46,0.11100077629089355,3
490,104,0.06899809837341309,2
491,34,0.17499685287475586,8
492,41,0.17310094833374023,8
493,79,0.07999825477600098,2
494,54,0.18600678443908691,8
495,42,0.17992210388183594,8
496,62,0.10699915885925293,3
497,52,0.1965188980102539,8
498,119,0.20604181289672852,8
499,118,0.20853805541992188,9
500,114,0.1450023651123047,5
501,61,0.18802261352539062,8
502,29,0.10299968719482422,3
503,53,0.1485610008239746,5
504,58,0.08200359344482422,2
505,132,0.12709259986877441,4
506,59,0.1929941177368164,9
507,42,0.2279963493347168,9
508,31,0.20999956130981445,8
509,90,0.184004545211792,7
510,111,0.17000269889831543,5
511,76,0.11552047729492188,3
512,55,0.14999604225158691,5
513,44,0.1790018081665039,6
514,67,0.19299983978271484,8
515,27,0.10301589965820312,3
516,55,0.11401033401489258,3
517,50,0.2520017623901367,9
518,123,0.09507584571838379,2
519,35,0.2330002784729004,8
520,30,0.26000285148620605,8
521,71,0.13703346252441406,3
522,60,0.22500133514404297,7
523,37,0.2129993438720703,9
524,64,0.20999717712402344,8
525,53,0.20400309562683105,8
526,48,0.12399935722351074,4
527,55,0.10700368881225586,3
528,122,0.13711118698120117,4
529,118,0.19652628898620605,8
530,51,0.19299960136413574,8
531,101,0.16499972343444824,7
532,30,0.19954943656921387,8
533,40,0.11499762535095215,3
534,136,0.20701861381530762,8
535,52,0.20399832725524902,8
536,78,0.23699951171875,9
537,41,0.3489997386932373,9
538,74,0.11499691009521484,3
539,99,0.11703634262084961,3
540,109,0.12107062339782715,3
541,53,0.13900136947631836,4
542,29,0.20999908447265625,9
543,104,0.1419973373413086,4
544,107,0.09600377082824707,2
545,55,0.2746584415435791,8
546,119,0.23751473426818848,8
547,65,0.23055458068847656,9
548,50,0.2765779495239258,9
549,53,0.1989917755126953,8
550,116,0.10199999809265137,3
551,77,0.10100078582763672,3
552,136,0.14200282096862793,4
553,19,0.20899677276611328,9
554,27,0.1100013256072998,3
555,84,0.2180027961730957,9
556,57,0.13402032852172852,4
557,31,0.12200355529785156,3
558,66,0.12099719047546387,3
559,77,0.1369922161102295,4
560,75,0.2200014591217041,9
561,24,0.11899805068969727,3
562,36,0.07999944686889648,2
563,22,0.11399960517883301,3
564,95,0.08299827575683594,2
565,20,0.18500232696533203,7
566,129,0.1780233383178711,6
567,38,0.11499762535095215,3
568,65,0.11300086975097656,3
569,130,0.24900317192077637,9
570,30,0.24699807167053223,9
571,195,0.22099924087524414,8
572,31,0.29955387115478516,9
573,49,0.13399696350097656,3
574,71,0.14603471755981445,3
575,62,0.17303991317749023,3
576,98,0.27603602409362793,8
577,28,0.12799930572509766,3
578,99,0.2860453128814697,7
579,154,0.2460002899169922,7
580,51,0.18199610710144043,6
581,93,0.22204232215881348,9
582,47,0.21900105476379395,8
583,200,0.23599982261657715,8
584,50,0.20801234245300293,9
585,138,0.2420511245727539,9
586,36,0.12399625778198242,3
587,57,0.12399864196777344,3
588,79,0.21000075340270996,8
589,117,0.1920008659362793,8
590,72,0.20000219345092773,8
591,39,0.2339942455291748,9
592,17,0.1250002384185791,3
593,78,0.07399868965148926,2
594,42,0.11503338813781738,3
595,62,0.14100265502929688,4
596,50,0.1320340633392334,3
597,57,0.2740509510040283,9
598,98,0.10856437683105469,2
599,35,0.14504075050354004,3
600,44,0.18407869338989258,8
601,159,0.1660006046295166,6
602,109,0.10800051689147949,3
603,82,0.18602871894836426,8
604,38,0.10951089859008789,3
605,68,0.19800186157226562,8
606,52,0.18799757957458496,8
607,41,0.12900519371032715,4
608,53,0.19599485397338867,8
609,120,0.17900443077087402,8
610,164,0.20502853393554688,8
611,50,0.12199854850769043,3
612,141,0.20101070404052734,8
613,85,0.14599871635437012,4
614,127,0.12504100799560547,3
615,70,0.20608806610107422,8
616,138,0.09597206115722656,3
617,41,0.09999990463256836,2
618,35,0.16204166412353516,4
619,83,0.2469940185546875,9
620,150,0.26900458335876465,8
621,101,0.25100111961364746,8
622,78,0.11852002143859863,3
623,103,0.1190035343170166,3
624,36,0.14452457427978516,4
625,92,0.2395169734954834,9
626,56,0.12502193450927734,3
627,74,0.1957535743713379,5
628,78,0.1176900863647461,3
629,41,0.1430041790008545,4
630,92,0.23900413513183594,8
631,60,0.2880861759185791,9
632,56,0.23402976989746094,8
633,148,0.2120225429534912,8
634,70,0.2339937686920166,9
635,54,0.18999981880187988,8
636,53,0.24900388717651367,9
637,151,0.11706089973449707,3
638,57,0.18952202796936035,6
639,59,0.13199853897094727,3
640,87,0.14303183555603027,3
641,104,0.3460390567779541,8
642,169,0.2980513572692871,8
643,54,0.3090023994445801,9
644,138,0.271564245223999,7
645,149,0.1900010108947754,7
646,72,0.14403724670410156,4
647,79,0.13599753379821777,4
648,59,0.21553349494934082,9
649,75,0.19434595108032227,8
650,87,0.11899113655090332,3
651,43,0.21100282669067383,9
652,64,0.1739940643310547,5
653,43,0.2210242748260498,8
654,114,0.26204490661621094,8
655,31,0.2120044231414795,8
656,135,0.2409970760345459,9
657,47,0.20999360084533691,8
658,111,0.2100663185119629,8
659,163,0.24009299278259277,9
660,28,0.15249848365783691,4
661,67,0.12900328636169434,3
662,52,0.12886500358581543,3
663,185,0.2005326747894287,8
664,98,0.20000863075256348,8
665,41,0.13051962852478027,4
666,37,0.1249992847442627,3
667,63,0.2370445728302002,8
668,73,0.14099931716918945,4
669,44,0.20900368690490723,8
670,48,0.155991792678833,5
671,29,0.11601924896240234,3
672,47,0.10698080062866211,3
673,48,0.10801506042480469,3
674,42,0.11999750137329102,3
675,55,0.20602631568908691,8
676,106,0.19353413581848145,8
677,30,0.0839848518371582,2
678,44,0.1190042495727539,3
679,81,0.1340041160583496,3
680,52,0.12799572944641113,4
681,94,0.20499897003173828,8
682,67,0.10299992561340332,3
683,89,0.22199726104736328,8
684,93,0.24300217628479004,9
685,117,0.1540358066558838,5
686,75,0.1139986515045166,3
687,128,0.23200321197509766,8
688,46,0.08500027656555176,2
689,27,0.19500112533569336,8
690,38,0.16102313995361328,5
691,99,0.2190263271331787,8
692,36,0.10403299331665039,3
693,40,0.0890040397644043,2
694,200,0.1030271053314209,3
695,62,0.12000727653503418,4
696,71,0.21999025344848633,8
697,44,0.1089932918548584,3
698,70,0.19404149055480957,8
699,72,0.20250725746154785,8
700,73,0.11899948120117188,3
701,84,0.13900256156921387,4
702,18,0.1139984130859375,3
703,26,0.10499739646911621,3
704,112,0.1780862808227539,7
705,63,0.12605023384094238,3
706,90,0.11251544952392578,3
707,81,0.1060025691986084,3
708,124,0.1259937286376953,3
709,34,0.17705059051513672,5
710,53,0.24950957298278809,8
711,33,0.21300506591796875,8
712,34,0.10006022453308105,3
713,81,0.24593877792358398,9
714,45,0.13202238082885742,4
715,200,0.1049656867980957,3
716,90,0.19600272178649902,9
717,95,0.19900131225585938,8
718,116,0.10703158378601074,3
719,106,0.11599922180175781,3
720,74,0.1270313262939453,3
721,32,0.24505066871643066,8
722,151,0.2779982089996338,9
723,75,0.22861194610595703,8
724,67,0.2550520896911621,9
725,29,0.1199948787689209,3
726,49,0.196000337600708,7
727,43,0.1100010871887207,3
728,67,0.10703229904174805,3
729,79,0.12599825859069824,3
730,43,0.22799944877624512,7
731,105,0.2465512752532959,9
732,189,0.21300053596496582,8
733,145,0.12403082847595215,3
734,132,0.17252707481384277,6
735,53,0.24203038215637207,9
736,68,0.07899904251098633,2
737,49,0.2480478286743164,8
738,50,0.21002578735351562,8
739,14,0.22502851486206055,9
740,49,0.10400056838989258,3
741,32,0.2150411605834961,8
742,66,0.24697589874267578,9
743,67,0.19800019264221191,8
744,46,0.10600042343139648,3
745,132,0.19699978828430176,6
746,72,0.10300087928771973,3
747,51,0.11800265312194824,3
748,47,0.11098027229309082,3
749,31,0.2000439167022705,8
750,132,0.11500048637390137,3
751,39,0.20661020278930664,7
752,39,0.21103358268737793,8
753,73,0.17799925804138184,5
754,126,0.16000080108642578,5
755,73,0.10599994659423828,3
756,55,0.18499994277954102,8
757,38,0.20004057884216309,8
758,21,0.18811893463134766,8
759,122,0.2070329189300537,8
760,28,0.24453949928283691,9
761,61,0.22199797630310059,8
762,82,0.21799564361572266,8
763,28,0.18900036811828613,7
764,42,0.16100478172302246,5
765,29,0.10396862030029297,3
766,52,0.17102599143981934,7
767,36,0.11497688293457031,3
768,50,0.21912336349487305,8
769,73,0.224992036819458,7
770,140,0.11600112915039062,3
771,82,0.11400079727172852,3
772,53,0.22377562522888184,8
773,59,0.1139981746673584,3
774,44,0.21002602577209473,8
775,69,0.21200108528137207,8
776,27,0.22405242919921875,9
777,77,0.1320033073425293,3
778,84,0.11603116989135742,3
779,45,0.1080026626586914,3
780,38,0.19697332382202148,7
781,106,0.21500611305236816,8
782,67,0.24703693389892578,9
783,69,0.2340412139892578,9
784,92,0.2010493278503418,7
785,43,0.23201894760131836,9
786,35,0.11100339889526367,3
787,103,0.2200014591217041,9
788,119,0.11699700355529785,4
789,157,0.11100125312805176,3
790,84,0.11899924278259277,4
791,97,0.20403051376342773,9
792,46,0.12600398063659668,4
793,51,0.08556962013244629,2
794,111,0.10299801826477051,3
795,77,0.1750197410583496,6
796,61,0.1759965419769287,8
797,34,0.17599773406982422,7
798,40,0.1300036907196045,5
799,101,0.18799877166748047,7
800,62,0.08703303337097168,2
801,45,0.20551371574401855,9
802,63,0.1929945945739746,9
803,48,0.1929934024810791,9
804,34,0.18705248832702637,8
805,60,0.21700000762939453,8
806,31,0.19803738594055176,8
807,53,0.22551631927490234,9
808,52,0.11500263214111328,3
809,70,0.09599924087524414,2
810,89,0.2310047149658203,9
811,81,0.23000168800354004,8
812,63,0.1289975643157959,4
813,57,0.1419980525970459,4
814,37,0.20000195503234863,8
815,29,0.1855323314666748,7
816,200,0.18751931190490723,6
817,70,0.11799955368041992,3
818,74,0.13500356674194336,4
819,71,0.10300111770629883,3
820,38,0.22399401664733887,9
821,59,0.18000316619873047,8
822,75,0.18903541564941406,8
823,52,0.21501898765563965,9
824,35,0.17900419235229492,8
825,29,0.19497156143188477,8
826,200,0.10199928283691406,3
827,69,0.12300729751586914,3
828,42,0.11498641967773438,3
829,63,0.21399831771850586,8
830,141,0.17904043197631836,8
831,94,0.23239898681640625,9
832,84,0.1920018196105957,8
833,63,0.15899872779846191,7
834,23,0.1730036735534668,7
835,30,0.19100666046142578,8
836,57,0.11499428749084473,3
837,70,0.11400055885314941,3
838,85,0.21708393096923828,9
839,47,0.128004789352417,3
840,50,0.20205950736999512,7
841,57,0.07796406745910645,2
842,100,0.18503451347351074,8
843,38,0.19500064849853516,8
844,87,0.18899989128112793,7
845,47,0.2270975112915039,8
846,64,0.21955299377441406,9
847,36,0.10448837280273438,3
848,50,0.11199402809143066,3
849,106,0.08600091934204102,2
850,45,0.18200016021728516,8
851,116,0.2070024013519287,9
852,98,0.1299881935119629,4
853,60,0.11500120162963867,3
854,43,0.1289994716644287,4
855,41,0.09700179100036621,3
856,87,0.21103429794311523,9
857,137,0.20099925994873047,8
858,19,0.1869955062866211,8
859,84,0.15000033378601074,3
860,107,0.23799395561218262,8
861,82,0.10100078582763672,2
862,58,0.12703967094421387,3
863,66,0.2199993133544922,8
864,68,0.17800378799438477,7
865,64,0.28157734870910645,9
866,60,0.21699976921081543,7
867,58,0.24000191688537598,9
868,53,0.20799589157104492,8
869,27,0.196000337600708,7
870,39,0.08899903297424316,2
871,89,0.11199712753295898,3
872,173,0.14999842643737793,5
873,29,0.13300156593322754,4
874,75,0.2050483226776123,8
875,36,0.10600137710571289,3
876,130,0.12800097465515137,4
877,62,0.11499905586242676,4
878,63,0.19000768661499023,8
879,74,0.23195266723632812,8
880,24,0.17551898956298828,5
881,60,0.14400553703308105,5
882,118,0.21101021766662598,8
883,107,0.2149817943572998,8
884,71,0.12398386001586914,3
885,34,0.14999890327453613,3
886,90,0.21002435684204102,9
887,45,0.10299897193908691,3
888,85,0.13500070571899414,3
889,61,0.2100226879119873,8
890,36,0.12199807167053223,3
891,178,0.12601709365844727,3
892,34,0.12800073623657227,3
893,58,0.20900249481201172,8
894,154,0.131087064743042,3
895,194,0.11900091171264648,3
896,74,0.08500313758850098,2
897,59,0.2100200653076172,9
898,27,0.0839996337890625,2
899,104,0.20400023460388184,8
900,82,0.11199760437011719,3
901,53,0.12600326538085938,3
902,42,0.11599063873291016,3
903,41,0.12800168991088867,3
904,89,0.10499119758605957,3
905,46,0.21100401878356934,8
906,54,0.10301399230957031,3
907,37,0.23299717903137207,8
908,55,0.1569967269897461,5
909,58,0.20206665992736816,8
910,96,0.22299695014953613,9
911,43,0.11200261116027832,3
912,61,0.11499834060668945,3
913,18,0.11699938774108887,3
914,62,0.08200430870056152,2
915,113,0.19303393363952637,8
916,31,0.19152116775512695,8
917,200,0.22899603843688965,9
918,70,0.194000244140625,8
919,34,0.1830439567565918,8
920,25,0.1290266513824463,4
921,72,0.22299909591674805,9
922,26,0.23799848556518555,8
923,42,0.11299753189086914,2
924,25,0.262005090713501,9
925,52,0.08099699020385742,2
926,60,0.1399991512298584,3
927,69,0.09200572967529297,2
928,58,0.21700477600097656,9
929,54,0.19399213790893555,8
930,77,0.0879981517791748,2
931,89,0.13199949264526367,4
932,134,0.11900520324707031,3
933,146,0.1966266632080078,8
934,84,0.18667340278625488,8
935,99,0.22107696533203125,8
936,73,0.2230072021484375,9
937,127,0.11606860160827637,3
938,75,0.24708914756774902,8
939,61,0.12999725341796875,3
940,108,0.10099983215332031,2
941,48,0.14004993438720703,3
942,75,0.25499391555786133,8
943,173,0.25252366065979004,9
944,68,0.23705554008483887,9
945,62,0.17800045013427734,6
946,188,0.11799502372741699,3
947,183,0.18799686431884766,7
948,63,0.21705150604248047,8
949,44,0.21506857872009277,8
950,61,0.12700676918029785,3
951,39,0.13000130653381348,3
952,126,0.10203742980957031,3
953,92,0.1679980754852295,5
954,111,0.21901583671569824,8
955,46,0.23151850700378418,9
956,63,0.20299959182739258,8
957,44,0.12000632286071777,3
958,88,0.21399569511413574,8
959,73,0.09100127220153809,2
960,45,0.21316242218017578,9
961,44,0.2040553092956543,8
962,75,0.18952298164367676,7
963,55,0.21005821228027344,8
964,37,0.14499378204345703,6
965,104,0.2030930519104004,8
966,42,0.23700547218322754,8
967,111,0.21656298637390137,8
968,82,0.07199954986572266,2
969,84,0.1719982624053955,6
970,119,0.15556836128234863,5
971,70,0.22604036331176758,9
972,82,0.2555246353149414,9
973,86,0.14500141143798828,4
974,58,0.2550315856933594,8
975,46,0.10103344917297363,2
976,168,0.11504578590393066,2
977,62,0.1549968719482422,4
978,47,0.24284839630126953,9
979,52,0.11300182342529297,3
980,94,0.21199941635131836,9
981,42,0.12504053115844727,3
982,79,0.13950848579406738,3
983,127,0.23100018501281738,8
984,92,0.12500238418579102,3
985,104,0.23559021949768066,8
986,57,0.18751049041748047,6
987,114,0.21000051498413086,7
988,176,0.13500213623046875,4
989,50,0.21600341796875,9
990,99,0.21199607849121094,9
991,119,0.0839986801147461,2
992,157,0.15803909301757812,5
993,49,0.1530001163482666,4
994,58,0.23699712753295898,8
995,65,0.24300026893615723,9
996,109,0.07700109481811523,2
997,29,0.23503494262695312,9
998,52,0.2360367774963379,9
999,101,0.1290273666381836,3
