Episode,Steps,Time,Converged at Iterations
0,45,0.1779944896697998,8
1,29,0.19751977920532227,9
2,59,0.16599678993225098,8
3,108,0.10699915885925293,4
4,44,0.18600034713745117,9
5,64,0.0930030345916748,3
6,41,0.20999836921691895,9
7,24,0.09301638603210449,3
8,66,0.11098885536193848,3
9,114,0.20901179313659668,9
10,84,0.18051695823669434,8
11,89,0.15999984741210938,8
12,52,0.18303227424621582,8
13,72,0.18502402305603027,9
14,69,0.11697030067443848,4
15,51,0.12099719047546387,4
16,47,0.17502069473266602,8
17,50,0.18897700309753418,9
18,200,0.17098426818847656,8
19,41,0.18300175666809082,8
20,59,0.09300017356872559,3
21,65,0.09102249145507812,3
22,25,0.1809675693511963,7
23,50,0.16765451431274414,8
24,34,0.1740272045135498,8
25,71,0.09702634811401367,3
26,200,0.09198141098022461,3
27,58,0.09699797630310059,3
28,59,0.19195866584777832,9
29,82,0.160003662109375,7
30,200,0.15999555587768555,7
31,125,0.10169816017150879,3
32,88,0.09479308128356934,3
33,59,0.17807269096374512,8
34,60,0.16899991035461426,6
35,77,0.09400486946105957,3
36,98,0.18297052383422852,7
37,36,0.11900162696838379,4
38,45,0.1649947166442871,7
39,92,0.20200014114379883,9
40,42,0.17103266716003418,8
41,95,0.09897279739379883,3
42,53,0.21102619171142578,9
43,36,0.1889958381652832,8
44,110,0.10196590423583984,3
45,39,0.20199942588806152,9
46,32,0.15304303169250488,5
47,28,0.10365414619445801,4
48,139,0.11377716064453125,3
49,59,0.15359020233154297,5
50,102,0.09399747848510742,3
51,64,0.1430373191833496,5
52,50,0.2019946575164795,9
53,61,0.11800503730773926,4
54,30,0.10399150848388672,3
55,57,0.1219949722290039,4
56,42,0.07900309562683105,2
57,130,0.13106513023376465,5
58,44,0.1869983673095703,8
59,58,0.17956137657165527,8
60,146,0.08499407768249512,2
61,29,0.13299942016601562,5
62,66,0.1919996738433838,9
63,38,0.16402912139892578,8
64,57,0.1849963665008545,9
65,80,0.08899688720703125,3
66,200,0.1380298137664795,5
67,103,0.1040029525756836,3
68,63,0.19455385208129883,9
69,97,0.12399983406066895,4
70,68,0.0950007438659668,3
71,33,0.09799909591674805,3
72,75,0.12000083923339844,4
73,42,0.0989985466003418,3
74,109,0.1860206127166748,9
75,158,0.09998607635498047,3
76,61,0.12099981307983398,4
77,119,0.0959932804107666,3
78,27,0.1950242519378662,9
79,113,0.08803153038024902,2
80,45,0.19000530242919922,9
81,42,0.2219986915588379,9
82,65,0.190995454788208,8
83,60,0.1230001449584961,3
84,70,0.16700124740600586,8
85,59,0.12200164794921875,4
86,40,0.09511184692382812,3
87,127,0.09598898887634277,3
88,117,0.1850748062133789,8
89,59,0.11699461936950684,4
90,82,0.17801928520202637,7
91,128,0.10999441146850586,4
92,75,0.09999918937683105,3
93,68,0.17502284049987793,8
94,23,0.18899989128112793,8
95,48,0.09400749206542969,3
96,77,0.17801499366760254,8
97,90,0.17555785179138184,8
98,51,0.18096590042114258,8
99,135,0.18699336051940918,8
100,159,0.17500090599060059,7
101,80,0.16302490234375,7
102,66,0.10200023651123047,3
103,29,0.10651850700378418,3
104,89,0.16899919509887695,8
105,82,0.18599748611450195,9
106,93,0.18700170516967773,8
107,68,0.09900355339050293,3
108,53,0.09399700164794922,3
109,27,0.18100881576538086,8
110,51,0.0940103530883789,3
111,42,0.18901443481445312,7
112,23,0.17499661445617676,8
113,156,0.17200160026550293,8
114,67,0.11600971221923828,4
115,68,0.09299921989440918,3
116,141,0.12099695205688477,4
117,47,0.10406875610351562,3
118,112,0.19697022438049316,9
119,40,0.18199706077575684,8
120,200,0.12602734565734863,4
121,80,0.09496688842773438,3
122,44,0.0970005989074707,3
123,98,0.12602019309997559,5
124,54,0.1349952220916748,5
125,45,0.10000061988830566,3
126,60,0.11972284317016602,4
127,101,0.09800267219543457,3
128,47,0.08703160285949707,3
129,174,0.20899629592895508,9
130,200,0.09400177001953125,3
131,80,0.165999174118042,7
132,46,0.10400581359863281,3
133,76,0.17299890518188477,8
134,73,0.1720283031463623,8
135,58,0.11096000671386719,4
136,59,0.07399964332580566,2
137,45,0.1610276699066162,8
138,76,0.18715238571166992,9
139,27,0.07497525215148926,2
140,90,0.1675431728363037,8
141,63,0.19299983978271484,9
142,110,0.18599605560302734,7
143,31,0.177001953125,7
144,143,0.19599580764770508,9
145,62,0.17303466796875,8
146,43,0.10796952247619629,3
147,189,0.17600059509277344,8
148,68,0.09399175643920898,3
149,42,0.20799803733825684,9
150,119,0.16003155708312988,7
151,135,0.16598939895629883,8
152,70,0.0770571231842041,2
153,116,0.08999848365783691,3
154,75,0.14200210571289062,5
155,75,0.20599985122680664,8
156,77,0.19499874114990234,9
157,88,0.19700002670288086,9
158,37,0.1060018539428711,3
159,46,0.10499835014343262,3
160,20,0.21200275421142578,9
161,72,0.18901276588439941,8
162,111,0.10199379920959473,3
163,32,0.09900617599487305,3
164,25,0.1869645118713379,9
165,166,0.08803892135620117,3
166,38,0.14099955558776855,5
167,47,0.09799718856811523,3
168,84,0.1829979419708252,8
169,43,0.20899701118469238,8
170,54,0.08800005912780762,3
171,65,0.1818077564239502,8
172,72,0.10798406600952148,3
173,102,0.10900449752807617,3
174,139,0.18802285194396973,8
175,17,0.1099998950958252,3
176,27,0.19600415229797363,9
177,59,0.18700027465820312,8
178,63,0.17699575424194336,8
179,86,0.19602203369140625,7
180,56,0.11900186538696289,4
181,80,0.19799518585205078,9
182,120,0.07599735260009766,2
183,77,0.1840043067932129,8
184,43,0.09100008010864258,3
185,91,0.09197592735290527,3
186,60,0.15199589729309082,7
187,151,0.18197250366210938,8
188,80,0.10999393463134766,3
189,36,0.18053555488586426,8
190,146,0.09599590301513672,3
191,57,0.11901021003723145,4
192,42,0.11196112632751465,3
193,87,0.0709993839263916,2
194,48,0.06600499153137207,2
195,97,0.10899472236633301,3
196,154,0.06900596618652344,2
197,29,0.1580197811126709,7
198,64,0.17499804496765137,8
199,56,0.17800021171569824,8
200,92,0.10400199890136719,3
201,21,0.11610007286071777,4
202,51,0.17651867866516113,8
203,36,0.1739964485168457,8
204,132,0.07300591468811035,2
205,45,0.13498258590698242,4
206,57,0.15600347518920898,6
207,113,0.18305420875549316,9
208,80,0.1739940643310547,8
209,71,0.12803983688354492,4
210,78,0.13500237464904785,5
211,34,0.19600248336791992,9
212,32,0.1186211109161377,4
213,63,0.18100214004516602,8
214,58,0.17952346801757812,8
215,53,0.18398237228393555,8
216,87,0.12400412559509277,4
217,51,0.18196868896484375,8
218,88,0.19900178909301758,9
219,71,0.18799090385437012,8
220,59,0.1520230770111084,7
221,45,0.10199451446533203,3
222,38,0.10096144676208496,3
223,54,0.15999937057495117,7
224,51,0.06799817085266113,2
225,20,0.18100500106811523,8
226,57,0.12199926376342773,4
227,68,0.20972132682800293,9
228,113,0.19900012016296387,8
229,87,0.12300419807434082,4
230,34,0.09800267219543457,3
231,41,0.17102837562561035,8
232,101,0.17996501922607422,8
233,30,0.10500454902648926,3
234,61,0.16566109657287598,8
235,64,0.09597253799438477,3
236,147,0.10652375221252441,3
237,159,0.10303354263305664,3
238,54,0.09299826622009277,3
239,57,0.09402251243591309,3
240,67,0.0699775218963623,2
241,110,0.17602825164794922,8
242,76,0.16201996803283691,8
243,25,0.1009981632232666,3
244,200,0.17050981521606445,8
245,94,0.19300484657287598,8
246,29,0.18003010749816895,8
247,36,0.11999654769897461,4
248,17,0.1020059585571289,3
249,97,0.13301420211791992,5
250,81,0.19348788261413574,9
251,110,0.08303952217102051,2
252,47,0.1749584674835205,8
253,47,0.16300463676452637,7
254,36,0.11401128768920898,3
255,150,0.08696651458740234,3
256,117,0.18199920654296875,8
257,41,0.09898567199707031,3
258,90,0.11600041389465332,4
259,47,0.17810821533203125,8
260,93,0.0940256118774414,3
261,62,0.20502185821533203,9
262,71,0.10899901390075684,3
263,86,0.16999292373657227,8
264,64,0.10401439666748047,3
265,24,0.09800457954406738,3
266,141,0.13097929954528809,5
267,64,0.0690004825592041,2
268,40,0.09500622749328613,3
269,42,0.17199087142944336,8
270,135,0.10200023651123047,3
271,39,0.12799906730651855,5
272,44,0.20200014114379883,9
273,123,0.1930079460144043,9
274,48,0.19300365447998047,9
275,44,0.16702532768249512,7
276,43,0.11516928672790527,4
277,69,0.1889972686767578,9
278,73,0.07985806465148926,2
279,71,0.10399985313415527,3
280,120,0.15650629997253418,7
281,200,0.10799407958984375,3
282,48,0.18014979362487793,8
283,30,0.11099815368652344,3
284,44,0.08755064010620117,2
285,190,0.08100008964538574,2
286,114,0.09399986267089844,3
287,46,0.11900091171264648,4
288,50,0.06699872016906738,2
289,46,0.09803199768066406,3
290,46,0.17496824264526367,8
291,172,0.1730051040649414,8
292,169,0.17499566078186035,8
293,130,0.09699583053588867,3
294,19,0.10800409317016602,3
295,115,0.16799545288085938,8
296,70,0.1699998378753662,8
297,95,0.11300015449523926,4
298,30,0.1849985122680664,8
299,172,0.10199904441833496,3
300,39,0.19055867195129395,7
301,141,0.10100269317626953,3
302,40,0.1103971004486084,4
303,53,0.09801173210144043,3
304,102,0.14398431777954102,6
305,81,0.19100046157836914,9
306,85,0.11600089073181152,4
307,64,0.09900236129760742,3
308,161,0.10699605941772461,3
309,43,0.1865699291229248,8
310,94,0.175001859664917,8
311,45,0.13351988792419434,5
312,77,0.12199592590332031,4
313,49,0.14100360870361328,5
314,60,0.17499113082885742,7
315,58,0.14012718200683594,5
316,60,0.16700387001037598,8
317,58,0.18556880950927734,8
318,39,0.17999505996704102,8
319,34,0.13854622840881348,5
320,71,0.09396553039550781,3
321,44,0.13100433349609375,5
322,144,0.07402658462524414,2
323,38,0.13002872467041016,4
324,65,0.09200048446655273,3
325,43,0.18600225448608398,8
326,92,0.15199947357177734,6
327,72,0.10299801826477051,3
328,79,0.09400296211242676,3
329,142,0.1009979248046875,3
330,88,0.18300485610961914,8
331,73,0.09900236129760742,3
332,63,0.17699241638183594,8
333,91,0.1659989356994629,7
334,85,0.1679983139038086,8
335,44,0.10100102424621582,3
336,161,0.17200350761413574,7
337,49,0.09097027778625488,3
338,70,0.10804295539855957,3
339,104,0.1999986171722412,9
340,66,0.18561077117919922,9
341,81,0.18950915336608887,9
342,43,0.1640028953552246,8
343,34,0.1770021915435791,8
344,64,0.0749969482421875,2
345,55,0.08899784088134766,3
346,32,0.09400033950805664,3
347,49,0.15201306343078613,7
348,15,0.1449878215789795,5
349,29,0.15399932861328125,7
350,192,0.1230008602142334,4
351,73,0.2080233097076416,9
352,44,0.13299989700317383,4
353,36,0.10351228713989258,3
354,40,0.0990293025970459,3
355,33,0.1849682331085205,8
356,55,0.17599964141845703,8
357,137,0.0890052318572998,3
358,86,0.1800243854522705,8
359,69,0.1809980869293213,9
360,121,0.07399916648864746,2
361,60,0.09303474426269531,3
362,63,0.16196370124816895,8
363,74,0.1010141372680664,3
364,58,0.07528185844421387,2
365,48,0.1915140151977539,8
366,85,0.17900633811950684,8
367,100,0.16999602317810059,8
368,142,0.19200348854064941,9
369,42,0.16899800300598145,7
370,62,0.09199976921081543,3
371,72,0.09599971771240234,3
372,91,0.10100531578063965,3
373,47,0.16899776458740234,7
374,45,0.18898916244506836,8
375,64,0.10399794578552246,3
376,32,0.14800286293029785,6
377,44,0.0989992618560791,3
378,152,0.11802792549133301,3
379,34,0.175673246383667,8
380,47,0.09600305557250977,3
381,23,0.19901633262634277,9
382,137,0.06897664070129395,2
383,127,0.10799932479858398,4
384,120,0.17499995231628418,8
385,76,0.0989995002746582,3
386,94,0.09399890899658203,3
387,64,0.18100357055664062,8
388,113,0.11060595512390137,3
389,65,0.17112374305725098,8
390,56,0.1845414638519287,8
391,37,0.12399435043334961,4
392,27,0.1770017147064209,8
393,33,0.1809990406036377,8
394,54,0.1970047950744629,9
395,83,0.16699743270874023,8
396,58,0.10200166702270508,3
397,49,0.23002004623413086,9
398,28,0.16951274871826172,8
399,85,0.07603764533996582,2
400,115,0.09149456024169922,3
401,75,0.1699995994567871,8
402,75,0.09500384330749512,3
403,123,0.20099520683288574,9
404,113,0.07500433921813965,2
405,22,0.0859994888305664,3
406,30,0.18301033973693848,8
407,42,0.10899662971496582,3
408,107,0.12803077697753906,4
409,40,0.1730194091796875,8
410,115,0.18099236488342285,8
411,89,0.19300055503845215,9
412,60,0.18900012969970703,9
413,74,0.1900181770324707,8
414,87,0.1891615390777588,7
415,34,0.08108735084533691,2
416,128,0.08999824523925781,2
417,119,0.1460127830505371,5
418,54,0.1709918975830078,7
419,100,0.1659986972808838,7
420,57,0.09933614730834961,3
421,90,0.19899511337280273,7
422,56,0.09498286247253418,3
423,32,0.17699623107910156,8
424,84,0.10199952125549316,3
425,53,0.1020045280456543,3
426,23,0.19108295440673828,9
427,80,0.09695935249328613,3
428,65,0.20151400566101074,9
429,30,0.09900093078613281,3
430,164,0.10399889945983887,3
431,85,0.19899940490722656,9
432,26,0.11901354789733887,4
433,47,0.10108256340026855,3
434,64,0.09400272369384766,3
435,55,0.11200094223022461,4
436,70,0.18099617958068848,8
437,28,0.12002301216125488,3
438,66,0.09498071670532227,3
439,54,0.17102456092834473,8
440,25,0.10397481918334961,3
441,56,0.1700305938720703,8
442,26,0.06696152687072754,2
443,32,0.1870274543762207,9
444,63,0.17902445793151855,8
445,114,0.11899328231811523,4
446,91,0.09300065040588379,3
447,15,0.17599987983703613,8
448,200,0.1020042896270752,3
449,134,0.11700034141540527,3
450,23,0.10899853706359863,4
451,23,0.11765623092651367,4
452,43,0.1009969711303711,3
453,82,0.08301258087158203,2
454,39,0.19098377227783203,8
455,180,0.11499810218811035,4
456,74,0.1280043125152588,4
457,200,0.18699932098388672,9
458,70,0.09000587463378906,3
459,70,0.11999392509460449,4
460,70,0.13121390342712402,4
461,104,0.12800097465515137,4
462,34,0.18049168586730957,8
463,52,0.09603309631347656,3
464,35,0.19297242164611816,8
465,27,0.10799789428710938,3
466,43,0.11100006103515625,4
467,40,0.1790013313293457,8
468,17,0.15500712394714355,7
469,102,0.0899956226348877,3
470,102,0.10497069358825684,3
471,51,0.08600068092346191,2
472,40,0.12699580192565918,4
473,66,0.11100411415100098,4
474,101,0.1199951171875,3
475,74,0.13099980354309082,5
476,69,0.16007161140441895,8
477,81,0.10100412368774414,3
478,77,0.09499788284301758,3
479,34,0.10253667831420898,3
480,75,0.07799983024597168,2
481,45,0.18900108337402344,8
482,62,0.1150200366973877,4
483,81,0.1739962100982666,8
484,124,0.1940000057220459,8
485,28,0.18199968338012695,8
486,132,0.19200372695922852,9
487,124,0.13002848625183105,5
488,92,0.09802532196044922,3
489,191,0.1010122299194336,3
490,46,0.11596250534057617,4
491,37,0.09799814224243164,3
492,44,0.10301804542541504,3
493,86,0.1780400276184082,8
494,105,0.09368419647216797,3
495,152,0.18699979782104492,8
496,72,0.173997163772583,8
497,114,0.09600162506103516,3
498,128,0.10511422157287598,3
499,64,0.17009449005126953,8
500,53,0.18199992179870605,8
501,83,0.06000018119812012,2
502,65,0.16300606727600098,6
503,25,0.1809864044189453,8
504,47,0.1810009479522705,8
505,200,0.07803726196289062,2
506,62,0.10800337791442871,3
507,101,0.17298102378845215,8
508,42,0.07299947738647461,2
509,124,0.17900562286376953,7
510,81,0.15900135040283203,8
511,86,0.17903900146484375,8
512,92,0.19595694541931152,8
513,91,0.10500383377075195,3
514,42,0.12108731269836426,4
515,66,0.19999337196350098,9
516,70,0.0960075855255127,3
517,51,0.17701411247253418,8
518,65,0.07498550415039062,2
519,35,0.07499337196350098,2
520,61,0.06699633598327637,2
521,67,0.18100380897521973,8
522,115,0.12803125381469727,4
523,105,0.1779923439025879,8
524,72,0.16702818870544434,6
525,71,0.09798979759216309,3
526,165,0.09400367736816406,3
527,67,0.19901466369628906,9
528,63,0.10099673271179199,3
529,28,0.095001220703125,3
530,41,0.07199859619140625,2
531,129,0.14000511169433594,5
532,83,0.2129993438720703,9
533,85,0.188995361328125,8
534,82,0.16959667205810547,6
535,141,0.19016504287719727,8
536,95,0.11301875114440918,4
537,73,0.18601369857788086,8
538,200,0.09902215003967285,3
539,119,0.17000031471252441,8
540,122,0.19601130485534668,9
541,67,0.1940019130706787,8
542,66,0.13903379440307617,5
543,125,0.17115283012390137,8
544,79,0.09799814224243164,3
545,60,0.19153285026550293,8
546,67,0.11299538612365723,3
547,45,0.09300088882446289,3
548,19,0.1159980297088623,4
549,41,0.1970059871673584,9
550,45,0.07101178169250488,2
551,96,0.12401366233825684,4
552,160,0.16103577613830566,7
553,41,0.20005083084106445,9
554,21,0.1039888858795166,3
555,39,0.10852909088134766,4
556,38,0.10300230979919434,3
557,17,0.15801501274108887,6
558,74,0.20299649238586426,9
559,49,0.16698741912841797,8
560,200,0.1900029182434082,9
561,66,0.17900443077087402,8
562,76,0.20004510879516602,8
563,61,0.07599830627441406,2
564,69,0.18000411987304688,6
565,77,0.1060037612915039,4
566,38,0.15302777290344238,6
567,90,0.14896798133850098,6
568,51,0.1638181209564209,8
569,93,0.07900476455688477,2
570,135,0.2010338306427002,9
571,161,0.171004056930542,8
572,55,0.09796571731567383,3
573,71,0.10900616645812988,3
574,51,0.18601489067077637,9
575,94,0.18199467658996582,8
576,67,0.19300198554992676,9
577,109,0.16800212860107422,8
578,55,0.06700372695922852,2
579,98,0.09399032592773438,3
580,96,0.11600065231323242,3
581,110,0.2099919319152832,8
582,107,0.06999993324279785,2
583,95,0.06900668144226074,2
584,135,0.12299752235412598,4
585,74,0.11954021453857422,4
586,152,0.09400558471679688,3
587,18,0.17002248764038086,8
588,86,0.172987699508667,8
589,86,0.10999393463134766,4
590,97,0.19797754287719727,9
591,45,0.10800361633300781,3
592,57,0.17196917533874512,8
593,93,0.19299650192260742,9
594,33,0.09301376342773438,3
595,39,0.14798688888549805,6
596,70,0.18700194358825684,8
597,67,0.10999941825866699,4
598,53,0.07599639892578125,2
599,76,0.13400506973266602,5
600,82,0.16499686241149902,8
601,30,0.18000507354736328,8
602,80,0.17803096771240234,8
603,75,0.10202908515930176,3
604,66,0.1800382137298584,8
605,175,0.15202069282531738,7
606,41,0.1910107135772705,8
607,49,0.1949765682220459,9
608,71,0.10199546813964844,3
609,65,0.07700610160827637,2
610,36,0.06297802925109863,2
611,61,0.1540060043334961,7
612,34,0.16399717330932617,7
613,113,0.09800267219543457,3
614,77,0.15799570083618164,6
615,31,0.20400071144104004,9
616,68,0.16100692749023438,8
617,62,0.0729978084564209,2
618,32,0.09899544715881348,3
619,37,0.17000579833984375,8
620,50,0.1590874195098877,8
621,20,0.2039937973022461,8
622,84,0.14303994178771973,5
623,47,0.17997431755065918,8
624,78,0.07904815673828125,2
625,31,0.0799560546875,2
626,50,0.19502758979797363,9
627,21,0.10100030899047852,3
628,107,0.09499597549438477,3
629,21,0.08999919891357422,3
630,30,0.1650090217590332,8
631,63,0.08898305892944336,3
632,62,0.19400382041931152,9
633,76,0.17300939559936523,8
634,35,0.1829826831817627,8
635,86,0.1289982795715332,4
636,41,0.18700933456420898,9
637,57,0.20199799537658691,9
638,51,0.08800172805786133,3
639,34,0.14613580703735352,7
640,82,0.1904735565185547,9
641,40,0.19657039642333984,9
642,130,0.0989837646484375,3
643,95,0.11096692085266113,3
644,67,0.1979987621307373,9
645,64,0.18499994277954102,8
646,27,0.08900594711303711,3
647,146,0.1849966049194336,7
648,143,0.15699124336242676,7
649,93,0.19298410415649414,9
650,47,0.18799686431884766,8
651,53,0.0980234146118164,3
652,105,0.10099053382873535,3
653,51,0.12698650360107422,4
654,71,0.07150125503540039,2
655,53,0.09406113624572754,3
656,23,0.14400172233581543,5
657,40,0.06995439529418945,2
658,56,0.21367168426513672,8
659,87,0.18699979782104492,9
660,48,0.0780038833618164,2
661,70,0.06697487831115723,2
662,35,0.17958402633666992,6
663,43,0.190018892288208,8
664,68,0.07996487617492676,2
665,30,0.19196772575378418,8
666,142,0.16000103950500488,8
667,44,0.13300108909606934,5
668,49,0.09604954719543457,3
669,114,0.18656063079833984,8
670,58,0.11598873138427734,4
671,96,0.16099786758422852,7
672,109,0.09199762344360352,3
673,129,0.16997504234313965,8
674,63,0.09899663925170898,3
675,60,0.10304641723632812,3
676,46,0.17861104011535645,8
677,68,0.19599699974060059,9
678,41,0.18099260330200195,8
679,43,0.08999443054199219,3
680,34,0.07903218269348145,2
681,40,0.19397544860839844,9
682,41,0.17899203300476074,8
683,24,0.10599923133850098,3
684,37,0.17700409889221191,8
685,34,0.16699671745300293,7
686,149,0.19100475311279297,9
687,71,0.15399646759033203,7
688,57,0.09200382232666016,3
689,52,0.19300079345703125,8
690,69,0.2061326503753662,9
691,57,0.16299676895141602,8
692,120,0.09599900245666504,3
693,84,0.17400074005126953,9
694,35,0.10900020599365234,3
695,27,0.0970010757446289,3
696,82,0.18146300315856934,8
697,48,0.10600018501281738,3
698,37,0.17902660369873047,8
699,79,0.20200276374816895,9
700,91,0.18097591400146484,8
701,58,0.19100666046142578,8
702,54,0.14000725746154785,6
703,71,0.12199640274047852,4
704,111,0.20708894729614258,9
705,90,0.11099958419799805,3
706,29,0.10300660133361816,3
707,66,0.10974502563476562,3
708,76,0.18403029441833496,8
709,38,0.11400079727172852,4
710,39,0.11902809143066406,4
711,112,0.09799981117248535,3
712,43,0.11199212074279785,3
713,87,0.14699506759643555,5
714,189,0.09400057792663574,3
715,39,0.13800406455993652,4
716,78,0.10799574851989746,4
717,60,0.18300390243530273,8
718,55,0.17999744415283203,8
719,77,0.06799960136413574,2
720,59,0.1510176658630371,7
721,100,0.18299531936645508,8
722,73,0.16700291633605957,8
723,29,0.08800601959228516,3
724,48,0.0699913501739502,2
725,102,0.09296679496765137,3
726,103,0.18210339546203613,9
727,47,0.17796850204467773,8
728,35,0.1770007610321045,8
729,83,0.18799901008605957,9
730,72,0.09500384330749512,3
731,25,0.06900572776794434,2
732,200,0.19899940490722656,9
733,73,0.20408010482788086,9
734,68,0.1855154037475586,8
735,72,0.1640322208404541,8
736,52,0.15100359916687012,6
737,67,0.10199546813964844,3
738,44,0.10000061988830566,3
739,68,0.0820000171661377,2
740,61,0.16899847984313965,7
741,53,0.17800211906433105,8
742,79,0.20499682426452637,9
743,31,0.16099834442138672,8
744,56,0.17746710777282715,8
745,25,0.14400482177734375,5
746,41,0.09599542617797852,3
747,63,0.07401394844055176,2
748,97,0.0740363597869873,2
749,32,0.1830000877380371,8
750,129,0.1700141429901123,8
751,53,0.12399816513061523,5
752,76,0.09400081634521484,3
753,162,0.1040034294128418,4
754,113,0.18103289604187012,9
755,139,0.13899683952331543,4
756,70,0.09599995613098145,3
757,60,0.10500240325927734,3
758,58,0.1139986515045166,3
759,50,0.10500955581665039,3
760,63,0.16899561882019043,8
761,74,0.09305596351623535,3
762,46,0.1600332260131836,8
763,56,0.10796046257019043,4
764,40,0.17499947547912598,8
765,13,0.13103866577148438,4
766,45,0.19396495819091797,9
767,70,0.09799575805664062,3
768,132,0.09902048110961914,3
769,41,0.0969858169555664,3
770,28,0.10603070259094238,3
771,37,0.1699833869934082,8
772,86,0.09598541259765625,3
773,81,0.0968785285949707,3
774,15,0.2191481590270996,9
775,39,0.17999672889709473,8
776,59,0.09152984619140625,3
777,42,0.1069936752319336,3
778,20,0.1881256103515625,9
779,67,0.22800016403198242,9
780,34,0.16257286071777344,8
781,35,0.18358325958251953,8
782,83,0.1865096092224121,8
783,42,0.08803915977478027,3
784,51,0.10599827766418457,3
785,50,0.19251465797424316,9
786,38,0.17399978637695312,8
787,82,0.17000412940979004,8
788,42,0.08102154731750488,2
789,117,0.09999537467956543,3
790,33,0.07102155685424805,2
791,77,0.11299896240234375,4
792,95,0.18300294876098633,8
793,43,0.09701991081237793,3
794,91,0.11296749114990234,3
795,107,0.11199522018432617,4
796,56,0.09500360488891602,3
797,82,0.07400012016296387,2
798,78,0.09002280235290527,3
799,33,0.1860044002532959,9
800,50,0.09401273727416992,3
801,53,0.18654394149780273,8
802,97,0.1320037841796875,5
803,56,0.10899758338928223,3
804,31,0.10600042343139648,3
805,48,0.17099905014038086,8
806,27,0.11601519584655762,4
807,36,0.17098593711853027,8
808,136,0.20200324058532715,9
809,78,0.1087336540222168,3
810,121,0.1785290241241455,8
811,56,0.08896374702453613,3
812,37,0.18400335311889648,9
813,70,0.11499738693237305,4
814,64,0.09800505638122559,3
815,72,0.09700179100036621,3
816,95,0.11799025535583496,4
817,64,0.0966341495513916,3
818,71,0.1920485496520996,8
819,104,0.20003962516784668,9
820,100,0.18708133697509766,9
821,75,0.1851358413696289,8
822,64,0.09899640083312988,3
823,40,0.10758638381958008,3
824,107,0.14699816703796387,5
825,77,0.18700146675109863,9
826,25,0.1139683723449707,4
827,83,0.11200213432312012,3
828,88,0.11500310897827148,4
829,81,0.14197921752929688,5
830,49,0.10599684715270996,3
831,38,0.12000536918640137,4
832,66,0.06999897956848145,2
833,37,0.07601046562194824,2
834,58,0.19801688194274902,9
835,78,0.17313146591186523,8
836,46,0.18199944496154785,8
837,33,0.11602306365966797,3
838,90,0.0910043716430664,3
839,119,0.10496759414672852,3
840,78,0.10003852844238281,3
841,49,0.10799551010131836,3
842,76,0.09000182151794434,3
843,33,0.18500900268554688,8
844,89,0.1909935474395752,7
845,43,0.09899425506591797,3
846,71,0.17200851440429688,8
847,131,0.17996883392333984,8
848,49,0.16099929809570312,7
849,58,0.14504718780517578,6
850,62,0.1590285301208496,7
851,58,0.18998289108276367,9
852,116,0.1029970645904541,3
853,122,0.20080971717834473,8
854,89,0.1660175323486328,8
855,76,0.17849969863891602,9
856,50,0.1710219383239746,8
857,92,0.17299151420593262,8
858,42,0.1979968547821045,9
859,156,0.17603278160095215,8
860,46,0.09699821472167969,3
861,128,0.12299990653991699,4
862,79,0.0729978084564209,2
863,103,0.17399978637695312,8
864,78,0.19500350952148438,9
865,33,0.09597587585449219,3
866,55,0.16500401496887207,8
867,200,0.17701053619384766,8
868,45,0.10998082160949707,4
869,61,0.09714579582214355,3
870,67,0.16499590873718262,8
871,51,0.17901611328125,9
872,49,0.06796550750732422,2
873,15,0.14800310134887695,6
874,36,0.09399962425231934,3
875,54,0.16800928115844727,8
876,42,0.17799019813537598,8
877,63,0.10097885131835938,4
878,50,0.1139993667602539,4
879,136,0.09600663185119629,3
880,85,0.1830158233642578,8
881,134,0.16501164436340332,8
882,58,0.16098451614379883,7
883,60,0.17423057556152344,8
884,52,0.18400192260742188,8
885,197,0.17751073837280273,8
886,98,0.188004732131958,9
887,37,0.17903399467468262,8
888,62,0.09101653099060059,3
889,34,0.115997314453125,3
890,59,0.1825563907623291,8
891,109,0.18099546432495117,8
892,99,0.09104442596435547,3
893,92,0.175001859664917,7
894,30,0.13897323608398438,5
895,61,0.12099385261535645,4
896,33,0.16903924942016602,8
897,66,0.15896105766296387,6
898,52,0.10300040245056152,3
899,39,0.1580343246459961,7
900,47,0.19402217864990234,9
901,65,0.20347809791564941,9
902,67,0.09599900245666504,3
903,42,0.11400175094604492,4
904,60,0.19299745559692383,8
905,118,0.10200381278991699,3
906,39,0.09499526023864746,3
907,72,0.1930065155029297,9
908,106,0.11398768424987793,3
909,70,0.16699576377868652,8
910,46,0.1810004711151123,8
911,44,0.09400129318237305,3
912,75,0.17702293395996094,8
913,52,0.07101893424987793,2
914,37,0.11802005767822266,4
915,19,0.10102200508117676,3
916,155,0.07452011108398438,2
917,43,0.10204052925109863,3
918,45,0.16199421882629395,7
919,46,0.06701326370239258,2
920,70,0.1524946689605713,7
921,97,0.19058895111083984,8
922,50,0.18998408317565918,8
923,60,0.15556740760803223,6
924,33,0.1779944896697998,8
925,56,0.17252516746520996,6
926,34,0.19103384017944336,9
927,103,0.10196566581726074,3
928,56,0.17899751663208008,8
929,117,0.09799742698669434,3
930,39,0.10100150108337402,3
931,81,0.19599652290344238,9
932,73,0.11500000953674316,4
933,101,0.1970076560974121,9
934,48,0.16602849960327148,8
935,179,0.1209716796875,4
936,125,0.1119680404663086,3
937,143,0.16899657249450684,6
938,21,0.15691137313842773,8
939,31,0.09999775886535645,3
940,149,0.0890195369720459,3
941,43,0.10799145698547363,3
942,51,0.08100152015686035,2
943,68,0.1969914436340332,9
944,94,0.07600092887878418,2
945,73,0.17499685287475586,8
946,40,0.15100502967834473,7
947,111,0.10299944877624512,3
948,110,0.17401576042175293,8
949,105,0.18100333213806152,8
950,53,0.15598845481872559,6
951,34,0.1679997444152832,8
952,187,0.10399603843688965,3
953,62,0.1620192527770996,6
954,72,0.218994140625,9
955,56,0.17882609367370605,8
956,137,0.17600035667419434,9
957,139,0.1291062831878662,4
958,54,0.07500433921813965,2
959,72,0.13798069953918457,6
960,44,0.17555928230285645,9
961,64,0.09899425506591797,3
962,34,0.17603421211242676,9
963,51,0.18796610832214355,8
964,41,0.09704351425170898,3
965,86,0.17099285125732422,8
966,95,0.09500336647033691,3
967,44,0.19702839851379395,9
968,86,0.1709606647491455,8
969,200,0.19300055503845215,9
970,117,0.14100122451782227,5
971,115,0.10599780082702637,3
972,63,0.11005878448486328,3
973,25,0.0949711799621582,3
974,189,0.09499979019165039,3
975,80,0.11951470375061035,4
976,38,0.17999815940856934,9
977,161,0.07100319862365723,2
978,71,0.16708874702453613,7
979,39,0.0859975814819336,2
980,68,0.09456849098205566,3
981,90,0.18497729301452637,9
982,55,0.09699511528015137,3
983,98,0.09400200843811035,3
984,50,0.17701339721679688,8
985,121,0.10099458694458008,3
986,137,0.06800556182861328,2
987,54,0.19299888610839844,9
988,172,0.17600154876708984,8
989,110,0.12901544570922852,5
990,41,0.1970043182373047,9
991,50,0.12201881408691406,4
992,49,0.1370389461517334,5
993,57,0.17698431015014648,5
994,108,0.1105186939239502,2
995,166,0.08499813079833984,2
996,81,0.19800019264221191,7
997,100,0.08800387382507324,2
998,17,0.20155739784240723,9
999,12,0.09199929237365723,3
