Episode,Steps,Time,Converged at Iterations
0,74,0.23351407051086426,9
1,37,0.1960303783416748,8
2,186,0.1379997730255127,4
3,58,0.22404241561889648,9
4,52,0.0989992618560791,3
5,30,0.10899949073791504,3
6,54,0.11700248718261719,4
7,137,0.17799663543701172,8
8,70,0.08700180053710938,2
9,94,0.11800026893615723,3
10,25,0.11599969863891602,3
11,88,0.09803295135498047,3
12,94,0.19200992584228516,8
13,33,0.12700605392456055,4
14,41,0.12800002098083496,4
15,85,0.1140451431274414,3
16,53,0.14004230499267578,4
17,42,0.10199975967407227,2
18,80,0.21554899215698242,9
19,62,0.19651269912719727,7
20,74,0.21200084686279297,8
21,37,0.11797761917114258,3
22,61,0.25099873542785645,9
23,25,0.20506739616394043,8
24,199,0.1920177936553955,8
25,87,0.22605466842651367,9
26,47,0.11958861351013184,3
27,82,0.21699762344360352,8
28,98,0.12300586700439453,3
29,39,0.18204188346862793,8
30,54,0.1049966812133789,3
31,98,0.08200597763061523,2
32,47,0.21110296249389648,8
33,38,0.2045426368713379,9
34,73,0.11499714851379395,3
35,65,0.08199644088745117,2
36,52,0.0820012092590332,2
37,66,0.12500667572021484,3
38,33,0.2219991683959961,9
39,42,0.09900188446044922,3
40,58,0.19800233840942383,8
41,81,0.11999773979187012,3
42,95,0.1910076141357422,6
43,114,0.1340928077697754,4
44,51,0.2005605697631836,8
45,76,0.23600220680236816,9
46,52,0.08699893951416016,2
47,81,0.13299989700317383,5
48,78,0.1770009994506836,7
49,120,0.1380000114440918,4
50,96,0.11502647399902344,3
51,62,0.1809825897216797,7
52,78,0.14802956581115723,4
53,180,0.10999941825866699,3
54,59,0.22101569175720215,9
55,75,0.22001242637634277,9
56,67,0.14904284477233887,4
57,82,0.18200039863586426,5
58,36,0.14202642440795898,5
59,59,0.21152162551879883,8
60,65,0.22806262969970703,8
61,133,0.11110401153564453,3
62,103,0.11099505424499512,3
63,127,0.23600006103515625,9
64,57,0.20798397064208984,8
65,37,0.19153046607971191,8
66,61,0.20003199577331543,7
67,51,0.22800230979919434,9
68,128,0.20200276374816895,8
69,139,0.18999886512756348,7
70,113,0.17699790000915527,5
71,67,0.15199923515319824,5
72,39,0.08300304412841797,2
73,45,0.18199944496154785,6
74,30,0.0950322151184082,3
75,29,0.1809864044189453,8
76,60,0.08000397682189941,2
77,60,0.12506461143493652,4
78,37,0.1950993537902832,8
79,66,0.19959521293640137,9
80,55,0.1925029754638672,8
81,63,0.0939931869506836,2
82,73,0.14000248908996582,4
83,108,0.21356821060180664,9
84,89,0.20499658584594727,8
85,128,0.1119999885559082,3
86,23,0.21158480644226074,8
87,108,0.10399818420410156,3
88,53,0.09400367736816406,3
89,182,0.07900738716125488,2
90,95,0.23299789428710938,9
91,42,0.2469944953918457,9
92,75,0.19902706146240234,7
93,71,0.22699642181396484,9
94,44,0.22851347923278809,8
95,42,0.12003588676452637,3
96,48,0.218461275100708,8
97,94,0.19499635696411133,8
98,45,0.10600471496582031,3
99,55,0.06899905204772949,2
100,48,0.10799598693847656,3
101,49,0.11603069305419922,3
102,85,0.17100071907043457,8
103,61,0.21004009246826172,9
104,200,0.1669905185699463,5
105,45,0.20499897003173828,9
106,34,0.21699738502502441,9
107,20,0.10301327705383301,3
108,84,0.12598466873168945,4
109,79,0.18209123611450195,8
110,106,0.1895139217376709,8
111,145,0.19600296020507812,9
112,72,0.07999849319458008,2
113,32,0.22004055976867676,8
114,97,0.14205694198608398,3
115,31,0.1589946746826172,4
116,25,0.09599828720092773,2
117,41,0.2690012454986572,7
118,112,0.28156590461730957,9
119,53,0.23803186416625977,8
120,59,0.21500349044799805,8
121,78,0.13899970054626465,3
122,47,0.2760910987854004,9
123,98,0.20802569389343262,9
124,200,0.23199963569641113,9
125,28,0.2090754508972168,8
126,63,0.20800232887268066,9
127,83,0.10599684715270996,3
128,41,0.1130363941192627,4
129,104,0.23357415199279785,9
130,55,0.08399248123168945,2
131,42,0.2240581512451172,8
132,38,0.24351739883422852,8
133,59,0.14100098609924316,3
134,55,0.10099959373474121,2
135,102,0.0920252799987793,2
136,31,0.20154094696044922,7
137,50,0.0880272388458252,2
138,75,0.13399934768676758,3
139,51,0.22407984733581543,8
140,97,0.10899901390075684,3
141,85,0.21651840209960938,8
142,63,0.2070019245147705,8
143,62,0.20199942588806152,7
144,187,0.2320542335510254,8
145,117,0.23050856590270996,7
146,77,0.22905683517456055,8
147,43,0.15550589561462402,4
148,63,0.1490025520324707,4
149,36,0.21351981163024902,8
150,24,0.23451018333435059,9
151,41,0.22805356979370117,8
152,200,0.20302963256835938,8
153,129,0.21500396728515625,8
154,76,0.08600187301635742,2
155,40,0.2059953212738037,8
156,39,0.11500263214111328,3
157,60,0.221998929977417,8
158,74,0.22400188446044922,8
159,56,0.11100149154663086,3
160,143,0.24104046821594238,8
161,47,0.18200063705444336,4
162,34,0.23352503776550293,5
163,99,0.19300007820129395,7
164,70,0.17500019073486328,7
165,41,0.11699962615966797,3
166,117,0.09701848030090332,3
167,41,0.20196938514709473,9
168,58,0.1970386505126953,9
169,111,0.19299530982971191,9
170,66,0.06999921798706055,2
171,66,0.13205528259277344,4
172,25,0.18200016021728516,6
173,52,0.2100529670715332,9
174,60,0.10152864456176758,3
175,52,0.1250004768371582,4
176,80,0.11899995803833008,3
177,71,0.12203097343444824,3
178,68,0.12200117111206055,3
179,82,0.12204098701477051,4
180,57,0.09999895095825195,3
181,47,0.11157631874084473,3
182,40,0.11500668525695801,3
183,24,0.18899273872375488,8
184,135,0.16100430488586426,5
185,56,0.06899595260620117,2
186,144,0.1230018138885498,3
187,50,0.12299489974975586,3
188,31,0.22006845474243164,8
189,83,0.2560446262359619,8
190,48,0.23451638221740723,7
191,54,0.08700013160705566,2
192,43,0.2219991683959961,8
193,60,0.10200095176696777,3
194,135,0.12700533866882324,4
195,81,0.2440321445465088,9
196,159,0.20399808883666992,8
197,67,0.11402559280395508,3
198,53,0.19906330108642578,8
199,30,0.2115175724029541,8
200,44,0.20499849319458008,8
201,154,0.1860029697418213,8
202,47,0.15004277229309082,4
203,58,0.17952537536621094,4
204,69,0.33899521827697754,9
205,66,0.14303994178771973,3
206,110,0.2421736717224121,8
207,103,0.1270005702972412,3
208,200,0.2450275421142578,8
209,100,0.11202597618103027,3
210,136,0.1265401840209961,3
211,54,0.12399578094482422,3
212,24,0.24356484413146973,8
213,87,0.3020014762878418,9
214,130,0.2669956684112549,8
215,129,0.08900022506713867,2
216,29,0.22603869438171387,8
217,68,0.11599922180175781,2
218,40,0.12200784683227539,3
219,73,0.13299989700317383,3
220,53,0.07899785041809082,2
221,38,0.21100306510925293,9
222,70,0.22100186347961426,9
223,87,0.2109971046447754,9
224,85,0.08900189399719238,2
225,47,0.23102951049804688,9
226,47,0.19199919700622559,8
227,65,0.20451927185058594,9
228,30,0.12000346183776855,3
229,92,0.20600008964538574,7
230,50,0.12099456787109375,3
231,57,0.20959019660949707,8
232,36,0.2275223731994629,8
233,81,0.22960519790649414,8
234,47,0.11904406547546387,3
235,110,0.1999974250793457,8
236,67,0.16702985763549805,5
237,35,0.2360384464263916,8
238,58,0.1510028839111328,3
239,81,0.1980268955230713,8
240,81,0.14005804061889648,4
241,95,0.15099644660949707,4
242,46,0.2055191993713379,8
243,119,0.07900333404541016,2
244,134,0.10399723052978516,3
245,94,0.12500238418579102,4
246,61,0.2019939422607422,9
247,34,0.1300032138824463,4
248,49,0.1219789981842041,3
249,51,0.2299966812133789,8
250,53,0.2449970245361328,9
251,107,0.21501779556274414,8
252,126,0.19200515747070312,7
253,33,0.20998692512512207,9
254,83,0.186997652053833,8
255,130,0.15600156784057617,5
256,76,0.24204730987548828,9
257,62,0.099029541015625,3
258,50,0.11803793907165527,4
259,159,0.09897112846374512,3
260,139,0.11299991607666016,3
261,58,0.2030010223388672,8
262,58,0.10300064086914062,3
263,79,0.19000720977783203,8
264,69,0.17202448844909668,4
265,82,0.23399782180786133,8
266,146,0.20700836181640625,8
267,37,0.16651177406311035,5
268,47,0.18599939346313477,7
269,66,0.19800734519958496,8
270,39,0.10299444198608398,3
271,65,0.1450033187866211,4
272,31,0.12251710891723633,3
273,33,0.12200188636779785,3
274,138,0.22099804878234863,9
275,63,0.1310422420501709,3
276,192,0.11000394821166992,3
277,77,0.10299563407897949,3
278,35,0.1140282154083252,3
279,35,0.10698866844177246,3
280,63,0.1589949131011963,5
281,51,0.14100313186645508,4
282,97,0.25705504417419434,9
283,99,0.2200331687927246,8
284,52,0.13199806213378906,4
285,36,0.19500064849853516,8
286,68,0.11502909660339355,4
287,153,0.11399722099304199,3
288,188,0.08304738998413086,2
289,25,0.1210014820098877,3
290,38,0.20806264877319336,9
291,73,0.19971585273742676,8
292,47,0.09196829795837402,2
293,74,0.07599687576293945,2
294,132,0.19952726364135742,9
295,25,0.2080385684967041,9
296,26,0.17502260208129883,6
297,16,0.18399906158447266,8
298,66,0.17903947830200195,8
299,108,0.09397649765014648,3
300,49,0.07300996780395508,2
301,35,0.20106935501098633,9
302,34,0.11602020263671875,3
303,24,0.11299848556518555,3
304,66,0.10401439666748047,3
305,145,0.20000123977661133,9
306,55,0.10548901557922363,3
307,62,0.07499456405639648,2
308,35,0.12055325508117676,4
309,111,0.10199785232543945,3
310,63,0.17700624465942383,7
311,117,0.18210577964782715,8
312,56,0.1569993495941162,5
313,104,0.17251276969909668,5
314,52,0.18801140785217285,8
315,150,0.07597827911376953,2
316,63,0.11700892448425293,3
317,117,0.17698335647583008,8
318,200,0.12902617454528809,4
319,45,0.09699892997741699,3
320,26,0.12651848793029785,4
321,90,0.1920020580291748,8
322,53,0.1240086555480957,3
323,53,0.11299824714660645,3
324,27,0.07500028610229492,2
325,29,0.07300257682800293,2
326,40,0.11302304267883301,3
327,77,0.14103078842163086,4
328,158,0.17599177360534668,7
329,97,0.0989995002746582,3
330,64,0.12604188919067383,4
331,39,0.18700313568115234,8
332,66,0.12000107765197754,4
333,26,0.1999950408935547,8
334,22,0.10100412368774414,3
335,135,0.1230003833770752,4
336,145,0.1680433750152588,8
337,44,0.1565837860107422,5
338,97,0.11696338653564453,3
339,40,0.14399933815002441,4
340,95,0.13500022888183594,4
341,84,0.09805011749267578,3
342,70,0.11500215530395508,4
343,72,0.07505464553833008,2
344,79,0.19399428367614746,8
345,46,0.18703413009643555,8
346,114,0.19900989532470703,9
347,31,0.2050001621246338,9
348,71,0.19499754905700684,9
349,58,0.17304706573486328,8
350,99,0.11002516746520996,3
351,14,0.1940140724182129,8
352,39,0.11199665069580078,3
353,62,0.18900108337402344,9
354,179,0.0950002670288086,3
355,87,0.1820073127746582,8
356,39,0.17899489402770996,7
357,49,0.18903112411499023,8
358,38,0.20207667350769043,9
359,110,0.17347455024719238,8
360,61,0.10699915885925293,3
361,38,0.07200217247009277,2
362,108,0.10500001907348633,3
363,49,0.10000276565551758,3
364,50,0.14701318740844727,5
365,87,0.19500112533569336,8
366,60,0.23807740211486816,9
367,41,0.2090311050415039,8
368,72,0.20101451873779297,8
369,59,0.15303564071655273,5
370,85,0.1999964714050293,9
371,27,0.18200469017028809,8
372,134,0.11401128768920898,3
373,18,0.10599756240844727,3
374,28,0.0970008373260498,3
375,42,0.19557881355285645,8
376,52,0.10054731369018555,3
377,14,0.10499978065490723,3
378,56,0.17599987983703613,8
379,49,0.18800020217895508,9
380,92,0.15100622177124023,5
381,19,0.14099836349487305,5
382,63,0.18203067779541016,7
383,76,0.10807013511657715,3
384,64,0.1120004653930664,3
385,64,0.12503695487976074,4
386,59,0.1920309066772461,8
387,83,0.10202932357788086,3
388,84,0.21002411842346191,9
389,93,0.14498353004455566,5
390,54,0.19300103187561035,8
391,78,0.11200404167175293,3
392,40,0.10099411010742188,3
393,52,0.1149909496307373,4
394,60,0.19305777549743652,8
395,81,0.19650959968566895,9
396,58,0.11703276634216309,3
397,29,0.11799192428588867,3
398,23,0.10797953605651855,3
399,29,0.06899785995483398,2
400,51,0.19501638412475586,9
401,132,0.18898844718933105,8
402,45,0.20201516151428223,9
403,71,0.17503118515014648,8
404,102,0.09099936485290527,2
405,71,0.19506359100341797,8
406,104,0.1740255355834961,8
407,56,0.19800019264221191,9
408,164,0.12499451637268066,4
409,57,0.16500115394592285,6
410,64,0.18799996376037598,8
411,38,0.17804479598999023,7
412,67,0.12600469589233398,3
413,30,0.20206046104431152,9
414,45,0.18201613426208496,8
415,58,0.1329944133758545,4
416,98,0.10700559616088867,3
417,96,0.12199950218200684,4
418,58,0.08323955535888672,2
419,55,0.0930018424987793,3
420,44,0.21100211143493652,8
421,91,0.19797945022583008,8
422,148,0.09899759292602539,3
423,129,0.10299849510192871,3
424,79,0.22400641441345215,9
425,26,0.17498993873596191,8
426,141,0.20299887657165527,9
427,95,0.17999744415283203,8
428,61,0.17800569534301758,8
429,45,0.1250629425048828,4
430,136,0.21551799774169922,8
431,56,0.08699941635131836,2
432,23,0.16899991035461426,5
433,20,0.2000410556793213,8
434,39,0.18956327438354492,8
435,41,0.19951534271240234,8
436,77,0.1800389289855957,7
437,40,0.12099623680114746,3
438,65,0.1600027084350586,5
439,91,0.2060079574584961,9
440,42,0.11998915672302246,4
441,72,0.09899616241455078,3
442,148,0.13100218772888184,4
443,60,0.19401192665100098,9
444,78,0.19098401069641113,8
445,44,0.2170271873474121,8
446,70,0.24102067947387695,9
447,48,0.1920032501220703,8
448,52,0.06902289390563965,2
449,42,0.08399677276611328,2
450,141,0.18900012969970703,8
451,40,0.1829981803894043,8
452,200,0.18500423431396484,9
453,89,0.12200188636779785,3
454,155,0.12308168411254883,3
455,48,0.1945040225982666,8
456,53,0.18999052047729492,8
457,83,0.2129974365234375,9
458,33,0.09300661087036133,3
459,44,0.10599493980407715,3
460,110,0.18199825286865234,7
461,111,0.18899989128112793,9
462,62,0.13056564331054688,4
463,17,0.11400294303894043,3
464,61,0.1305556297302246,3
465,88,0.19805407524108887,9
466,78,0.1135551929473877,4
467,27,0.1230001449584961,3
468,85,0.17099523544311523,8
469,93,0.15900278091430664,7
470,152,0.18100380897521973,7
471,81,0.16699504852294922,8
472,40,0.18346953392028809,8
473,71,0.1195368766784668,4
474,120,0.17599940299987793,8
475,32,0.17400336265563965,7
476,58,0.11999773979187012,4
477,54,0.10700392723083496,3
478,75,0.11304497718811035,3
479,39,0.11100029945373535,3
480,90,0.18700098991394043,8
481,115,0.09799981117248535,3
482,54,0.09900331497192383,3
483,72,0.2109982967376709,9
484,200,0.17099952697753906,7
485,59,0.1020047664642334,3
486,52,0.18402409553527832,8
487,51,0.17799854278564453,8
488,72,0.18799996376037598,9
489,53,0.09399795532226562,3
490,87,0.12803387641906738,4
491,113,0.1699984073638916,6
492,33,0.12103414535522461,3
493,74,0.12199807167053223,4
494,126,0.11700034141540527,3
495,74,0.20399975776672363,9
496,43,0.140000581741333,5
497,79,0.06899857521057129,2
498,118,0.11100435256958008,3
499,70,0.1380164623260498,5
500,159,0.18553376197814941,8
501,68,0.11300134658813477,3
502,107,0.1560049057006836,5
503,59,0.11600160598754883,3
504,69,0.09399771690368652,3
505,35,0.09200215339660645,3
506,42,0.18000197410583496,7
507,94,0.1289961338043213,4
508,37,0.07899832725524902,2
509,86,0.17902851104736328,7
510,43,0.2200300693511963,9
511,35,0.1990339756011963,8
512,22,0.08903789520263672,2
513,29,0.1705176830291748,7
514,45,0.15500473976135254,5
515,159,0.1090247631072998,3
516,86,0.11855745315551758,3
517,43,0.1335139274597168,3
518,122,0.1990189552307129,9
519,59,0.16795682907104492,7
520,24,0.09800052642822266,3
521,59,0.18806099891662598,8
522,32,0.07198262214660645,2
523,65,0.10400104522705078,3
524,37,0.0815122127532959,2
525,15,0.11900138854980469,3
526,52,0.10100102424621582,3
527,44,0.11004757881164551,3
528,49,0.14599990844726562,5
529,97,0.1965477466583252,8
530,83,0.10802030563354492,3
531,34,0.21457219123840332,9
532,117,0.2009727954864502,9
533,27,0.1029965877532959,3
534,50,0.15099763870239258,5
535,109,0.11602163314819336,3
536,116,0.186553955078125,8
537,59,0.12899398803710938,3
538,168,0.20900487899780273,9
539,91,0.18704938888549805,8
540,152,0.19552230834960938,7
541,65,0.11499667167663574,3
542,38,0.07800078392028809,2
543,35,0.19200372695922852,8
544,29,0.10103511810302734,3
545,88,0.10996007919311523,3
546,69,0.16100621223449707,7
547,38,0.1400012969970703,5
548,101,0.13499903678894043,4
549,61,0.17799878120422363,8
550,61,0.08499741554260254,2
551,119,0.08099985122680664,2
552,23,0.16899943351745605,8
553,47,0.10500311851501465,3
554,66,0.09599542617797852,3
555,85,0.19904732704162598,9
556,148,0.15400028228759766,7
557,52,0.09699749946594238,3
558,166,0.19299745559692383,8
559,120,0.06599998474121094,2
560,101,0.19500041007995605,8
561,28,0.16900253295898438,6
562,50,0.16900897026062012,7
563,52,0.08901596069335938,2
564,161,0.12296175956726074,4
565,57,0.20503568649291992,9
566,101,0.10697793960571289,3
567,75,0.19403529167175293,7
568,106,0.18256688117980957,8
569,27,0.0825202465057373,2
570,40,0.22103619575500488,9
571,53,0.12461256980895996,3
572,88,0.07999944686889648,2
573,22,0.08601570129394531,2
574,80,0.1069798469543457,3
575,200,0.16100287437438965,5
576,75,0.19999980926513672,8
577,92,0.21602749824523926,9
578,80,0.14153599739074707,4
579,54,0.20799851417541504,9
580,81,0.09499573707580566,3
581,34,0.1390068531036377,4
582,33,0.15702056884765625,6
583,159,0.07297992706298828,2
584,29,0.0749971866607666,2
585,121,0.1999986171722412,8
586,80,0.10500097274780273,3
587,41,0.09502744674682617,3
588,42,0.1986241340637207,9
589,66,0.10297918319702148,3
590,50,0.1120004653930664,3
591,28,0.11799979209899902,3
592,47,0.20199823379516602,8
593,50,0.27551984786987305,9
594,63,0.23651504516601562,9
595,39,0.12303519248962402,3
596,36,0.20203471183776855,8
597,101,0.1300032138824463,3
598,54,0.11499691009521484,3
599,90,0.12099528312683105,3
600,77,0.25600099563598633,9
601,121,0.08200240135192871,2
602,27,0.21799683570861816,8
603,51,0.11702656745910645,3
604,123,0.22500157356262207,9
605,117,0.13602137565612793,3
606,72,0.22499608993530273,8
607,38,0.14100241661071777,5
608,89,0.12700271606445312,4
609,59,0.11099910736083984,3
610,177,0.1289975643157959,3
611,78,0.23400187492370605,8
612,37,0.12899494171142578,3
613,96,0.1270008087158203,3
614,108,0.21399998664855957,9
615,50,0.13599753379821777,4
616,74,0.10600018501281738,3
617,63,0.22100043296813965,8
618,101,0.20709633827209473,8
619,66,0.11900067329406738,4
620,200,0.1399986743927002,4
621,34,0.22699928283691406,9
622,147,0.10500025749206543,3
623,47,0.1876075267791748,8
624,69,0.2531285285949707,9
625,63,0.18204665184020996,7
626,25,0.23403072357177734,9
627,22,0.15703845024108887,5
628,87,0.11400079727172852,3
629,35,0.22103261947631836,8
630,44,0.15702342987060547,4
631,71,0.11702990531921387,3
632,18,0.22803235054016113,9
633,74,0.1140449047088623,3
634,196,0.11852192878723145,3
635,61,0.12299966812133789,3
636,98,0.10900020599365234,3
637,60,0.23303580284118652,9
638,38,0.19804835319519043,8
639,66,0.07699894905090332,2
640,42,0.18399643898010254,8
641,88,0.07399964332580566,2
642,56,0.13251757621765137,3
643,33,0.12751531600952148,4
644,198,0.12505221366882324,3
645,33,0.12599611282348633,3
646,196,0.11700081825256348,3
647,111,0.11501836776733398,3
648,113,0.18454670906066895,6
649,52,0.2149949073791504,9
650,175,0.2650022506713867,9
651,118,0.10100126266479492,3
652,71,0.20900511741638184,8
653,54,0.1995837688446045,8
654,39,0.19200515747070312,8
655,71,0.13399767875671387,4
656,55,0.11399054527282715,3
657,121,0.20755553245544434,8
658,30,0.2110309600830078,8
659,89,0.11402773857116699,3
660,29,0.1235342025756836,3
661,112,0.20293807983398438,7
662,42,0.2180488109588623,8
663,50,0.126997709274292,3
664,30,0.1530475616455078,6
665,84,0.08202457427978516,2
666,27,0.12000060081481934,4
667,41,0.19202041625976562,8
668,91,0.2129983901977539,8
669,99,0.1160423755645752,4
670,51,0.20849847793579102,8
671,159,0.15153098106384277,5
672,64,0.1139988899230957,3
673,46,0.06900334358215332,2
674,18,0.20105385780334473,8
675,58,0.14297127723693848,4
676,39,0.1159970760345459,3
677,50,0.15200018882751465,7
678,32,0.1080026626586914,3
679,21,0.08499693870544434,2
680,64,0.1130063533782959,3
681,73,0.11754083633422852,3
682,75,0.2065122127532959,8
683,76,0.14551281929016113,4
684,167,0.22800421714782715,9
685,94,0.10399627685546875,3
686,95,0.108001708984375,3
687,77,0.2090139389038086,8
688,87,0.19702672958374023,7
689,36,0.187025785446167,7
690,100,0.1100003719329834,3
691,53,0.1949903964996338,9
692,28,0.09799599647521973,3
693,80,0.10101771354675293,3
694,50,0.14997482299804688,5
695,24,0.11700248718261719,3
696,34,0.10699892044067383,3
697,69,0.21622276306152344,9
698,123,0.11151719093322754,3
699,40,0.18704628944396973,4
700,31,0.20701313018798828,7
701,101,0.21799993515014648,9
702,28,0.18400001525878906,8
703,25,0.16899991035461426,5
704,46,0.07699775695800781,2
705,19,0.18000435829162598,7
706,68,0.10999608039855957,3
707,97,0.18700122833251953,8
708,150,0.11003851890563965,3
709,24,0.23511219024658203,9
710,12,0.21298909187316895,8
711,42,0.22152328491210938,9
712,58,0.11901021003723145,3
713,26,0.18204092979431152,8
714,162,0.24799895286560059,9
715,46,0.20010757446289062,8
716,72,0.21100091934204102,8
717,79,0.2070024013519287,8
718,36,0.15699982643127441,4
719,36,0.09000062942504883,2
720,69,0.11502861976623535,3
721,59,0.1790475845336914,5
722,79,0.11399126052856445,3
723,73,0.21202754974365234,8
724,73,0.15398287773132324,5
725,68,0.20699810981750488,9
726,22,0.20799779891967773,9
727,126,0.1870436668395996,8
728,98,0.141998291015625,4
729,65,0.11208295822143555,3
730,37,0.21299409866333008,8
731,25,0.13805007934570312,4
732,126,0.19312620162963867,7
733,33,0.20899438858032227,8
734,58,0.12500548362731934,4
735,59,0.21799230575561523,9
736,71,0.1829996109008789,8
737,136,0.10400009155273438,3
738,40,0.2239985466003418,9
739,42,0.13204026222229004,4
740,11,0.19700407981872559,8
741,95,0.11299872398376465,3
742,39,0.19999909400939941,9
743,62,0.20871376991271973,8
744,46,0.2075188159942627,8
745,29,0.20902752876281738,8
746,51,0.14410400390625,4
747,19,0.19600319862365723,8
748,95,0.2200024127960205,9
749,78,0.14696955680847168,4
750,30,0.2050001621246338,9
751,119,0.14983391761779785,4
752,38,0.20708250999450684,8
753,91,0.08400392532348633,2
754,96,0.1930551528930664,8
755,23,0.10300397872924805,3
756,45,0.13403654098510742,4
757,50,0.19299936294555664,8
758,59,0.10699725151062012,3
759,71,0.1960008144378662,8
760,120,0.11999940872192383,3
761,67,0.10600161552429199,3
762,172,0.2010185718536377,8
763,75,0.17708063125610352,8
764,87,0.10399532318115234,3
765,66,0.12223935127258301,3
766,103,0.12401890754699707,3
767,38,0.20401310920715332,8
768,72,0.18199396133422852,8
769,62,0.10400605201721191,3
770,52,0.08598566055297852,2
771,96,0.1910262107849121,8
772,37,0.1090242862701416,3
773,192,0.10800600051879883,3
774,20,0.10699796676635742,3
775,62,0.1715104579925537,5
776,82,0.20000600814819336,8
777,22,0.18500113487243652,7
778,65,0.2399897575378418,9
779,67,0.17400193214416504,6
780,127,0.11599612236022949,3
781,44,0.07599854469299316,2
782,58,0.23599791526794434,9
783,116,0.12800002098083496,3
784,84,0.2270033359527588,9
785,65,0.10599851608276367,3
786,67,0.18603968620300293,5
787,43,0.13855552673339844,3
788,94,0.1660449504852295,3
789,72,0.26192641258239746,8
790,76,0.14799737930297852,4
791,97,0.09900259971618652,2
792,71,0.23556137084960938,8
793,55,0.210540771484375,7
794,48,0.21999692916870117,8
795,80,0.12400078773498535,4
796,61,0.13399934768676758,3
797,33,0.219818115234375,9
798,98,0.14899969100952148,4
799,29,0.13499712944030762,4
800,75,0.12152886390686035,3
801,114,0.0789947509765625,2
802,71,0.10402321815490723,3
803,200,0.14600181579589844,5
804,36,0.08600354194641113,2
805,93,0.11102604866027832,3
806,63,0.07597994804382324,2
807,124,0.10598015785217285,3
808,45,0.19900226593017578,9
809,47,0.2115321159362793,9
810,73,0.25899744033813477,9
811,91,0.13599467277526855,3
812,15,0.24800348281860352,9
813,69,0.20700931549072266,8
814,54,0.12799811363220215,3
815,47,0.21302437782287598,8
816,112,0.1360006332397461,3
817,145,0.14500045776367188,3
818,95,0.21000146865844727,8
819,52,0.1840059757232666,8
820,63,0.1290130615234375,4
821,144,0.18500089645385742,8
822,47,0.19602441787719727,8
823,12,0.11503791809082031,3
824,109,0.21950984001159668,8
825,88,0.1960277557373047,8
826,20,0.1009986400604248,3
827,124,0.20600008964538574,8
828,177,0.19000458717346191,8
829,116,0.2129983901977539,9
830,37,0.13303828239440918,5
831,38,0.06999397277832031,2
832,80,0.2120208740234375,9
833,49,0.07399702072143555,2
834,61,0.20903563499450684,9
835,42,0.18803858757019043,8
836,35,0.1145317554473877,3
837,156,0.21398377418518066,8
838,58,0.16800308227539062,6
839,112,0.1180269718170166,3
840,39,0.0930030345916748,2
841,14,0.18801498413085938,8
842,53,0.10598349571228027,3
843,92,0.18599748611450195,8
844,45,0.09299945831298828,3
845,110,0.13100051879882812,3
846,52,0.21601319313049316,9
847,85,0.20598506927490234,9
848,64,0.1796095371246338,8
849,61,0.18799495697021484,8
850,125,0.21551966667175293,8
851,59,0.1295454502105713,4
852,94,0.20403647422790527,8
853,78,0.21000242233276367,8
854,53,0.20703125,8
855,49,0.12399721145629883,4
856,62,0.1890239715576172,8
857,60,0.19300127029418945,8
858,74,0.12399768829345703,4
859,40,0.12400293350219727,4
860,63,0.10900163650512695,3
861,88,0.14299535751342773,4
862,45,0.19229674339294434,7
863,27,0.18851351737976074,8
864,41,0.15501856803894043,4
865,28,0.2720057964324951,8
866,63,0.09099531173706055,2
867,88,0.15202903747558594,4
868,44,0.14001989364624023,3
869,33,0.12169456481933594,3
870,29,0.22002100944519043,9
871,77,0.19400358200073242,8
872,53,0.11101388931274414,3
873,96,0.1159968376159668,3
874,108,0.21300101280212402,9
875,65,0.18200278282165527,8
876,59,0.10900020599365234,3
877,30,0.1730353832244873,8
878,48,0.11351180076599121,3
879,48,0.15299677848815918,4
880,33,0.08207345008850098,2
881,57,0.1549997329711914,6
882,82,0.1966075897216797,8
883,42,0.13798046112060547,4
884,75,0.11299848556518555,3
885,43,0.18752312660217285,8
886,44,0.20699644088745117,9
887,98,0.13100099563598633,5
888,59,0.11000180244445801,3
889,105,0.13199758529663086,4
890,45,0.0780034065246582,2
891,115,0.17698216438293457,8
892,24,0.1939995288848877,8
893,62,0.12200689315795898,3
894,68,0.19297194480895996,8
895,51,0.2180032730102539,9
896,36,0.13802433013916016,4
897,54,0.12599682807922363,3
898,137,0.10800337791442871,3
899,43,0.21799516677856445,8
900,53,0.24085617065429688,8
901,88,0.17053008079528809,5
902,116,0.14904284477233887,4
903,64,0.12699484825134277,3
904,84,0.36067748069763184,9
905,50,0.23302650451660156,8
906,161,0.2240312099456787,9
907,35,0.22800397872924805,9
908,29,0.1825416088104248,8
909,57,0.10402607917785645,3
910,33,0.16602826118469238,6
911,60,0.22101283073425293,9
912,62,0.11600327491760254,3
913,94,0.21706891059875488,9
914,29,0.1289997100830078,3
915,33,0.12804436683654785,3
916,195,0.21399402618408203,9
917,76,0.10400223731994629,3
918,89,0.17499971389770508,3
919,51,0.1320497989654541,3
920,130,0.1920032501220703,8
921,134,0.14299821853637695,4
922,27,0.12299752235412598,3
923,21,0.13701868057250977,4
924,18,0.10851883888244629,3
925,44,0.11300516128540039,3
926,47,0.12705564498901367,3
927,54,0.18599700927734375,7
928,72,0.14999818801879883,5
929,84,0.1740431785583496,7
930,36,0.19205284118652344,8
931,36,0.10299849510192871,3
932,20,0.11005258560180664,3
933,44,0.12099528312683105,4
934,25,0.18300437927246094,8
935,39,0.20000076293945312,9
936,109,0.18199443817138672,8
937,66,0.178999662399292,8
938,42,0.10900139808654785,3
939,86,0.19499969482421875,9
940,43,0.09599828720092773,2
941,28,0.11700248718261719,3
942,51,0.18700075149536133,8
943,38,0.22699880599975586,7
944,47,0.18304729461669922,5
945,26,0.21551728248596191,8
946,22,0.2669980525970459,9
947,41,0.21399974822998047,8
948,54,0.13000130653381348,3
949,59,0.21504592895507812,8
950,145,0.22603368759155273,8
951,103,0.21199822425842285,8
952,111,0.12899351119995117,3
953,65,0.09100532531738281,2
954,88,0.20199799537658691,6
955,51,0.24300289154052734,9
956,39,0.20299673080444336,8
957,18,0.17905974388122559,3
958,33,0.17400026321411133,4
959,83,0.21299982070922852,8
960,80,0.19503211975097656,8
961,39,0.17351484298706055,6
962,30,0.12099719047546387,3
963,75,0.22302961349487305,8
964,89,0.19752740859985352,5
965,79,0.13599753379821777,3
966,176,0.23202824592590332,8
967,115,0.18450522422790527,5
968,124,0.12303543090820312,3
969,91,0.2135937213897705,8
970,47,0.2486286163330078,8
971,61,0.2700331211090088,9
972,39,0.27500152587890625,8
973,44,0.27299952507019043,9
974,72,0.17999649047851562,4
975,89,0.2300572395324707,8
976,38,0.17100048065185547,5
977,87,0.22706174850463867,9
978,67,0.20799756050109863,8
979,141,0.07899641990661621,2
980,64,0.11199450492858887,3
981,66,0.2200007438659668,8
982,40,0.1790008544921875,6
983,60,0.13611435890197754,4
984,36,0.12798142433166504,4
985,22,0.19805097579956055,8
986,118,0.19902539253234863,8
987,143,0.19899439811706543,8
988,57,0.22899675369262695,9
989,83,0.11700105667114258,4
990,51,0.214005708694458,8
991,14,0.19699883460998535,8
992,66,0.19500112533569336,8
993,94,0.18999552726745605,6
994,60,0.20299816131591797,8
995,72,0.17505908012390137,8
996,26,0.21471595764160156,9
997,79,0.1315479278564453,4
998,21,0.2179868221282959,8
999,148,0.20199966430664062,9
