Episode,Steps,Time,Converged at Iterations
0,71,0.13410449028015137,117
1,33,0.13300371170043945,117
2,109,0.13604736328125,117
3,49,0.13700366020202637,117
4,65,0.12799763679504395,117
5,92,0.12800264358520508,117
6,35,0.12698745727539062,117
7,99,0.12205719947814941,117
8,102,0.12099814414978027,117
9,57,0.12611055374145508,117
10,50,0.12498617172241211,117
11,59,0.1290431022644043,117
12,55,0.1199955940246582,117
13,117,0.12552213668823242,117
14,76,0.12100696563720703,117
15,77,0.12598109245300293,117
16,56,0.12799811363220215,117
17,30,0.12400341033935547,117
18,122,0.12899208068847656,117
19,128,0.12500715255737305,117
20,13,0.12702322006225586,117
21,58,0.12200021743774414,117
22,52,0.1250009536743164,117
23,62,0.12400412559509277,117
24,39,0.12798738479614258,117
25,87,0.11600565910339355,117
26,75,0.13299965858459473,117
27,161,0.12099528312683105,117
28,38,0.12000060081481934,117
29,48,0.1309974193572998,117
30,200,0.12798571586608887,117
31,128,0.1356520652770996,117
32,47,0.12441325187683105,117
33,124,0.12500953674316406,117
34,13,0.1259748935699463,117
35,74,0.12799882888793945,117
36,153,0.1269996166229248,117
37,70,0.12598228454589844,117
38,74,0.1290283203125,117
39,199,0.12155556678771973,117
40,50,0.12600064277648926,117
41,124,0.12549066543579102,117
42,113,0.12999892234802246,117
43,32,0.1159977912902832,117
44,77,0.11699724197387695,117
45,88,0.12900590896606445,117
46,190,0.11896920204162598,117
47,28,0.13604474067687988,117
48,121,0.11999869346618652,117
49,80,0.11901974678039551,117
50,34,0.1320040225982666,117
51,43,0.1249856948852539,117
52,80,0.12299919128417969,117
53,48,0.14401626586914062,117
54,44,0.13398265838623047,117
55,57,0.13100433349609375,117
56,83,0.12505793571472168,117
57,84,0.1240386962890625,117
58,78,0.11802315711975098,117
59,80,0.157057523727417,117
60,44,0.12599992752075195,117
61,40,0.12900114059448242,117
62,89,0.12700128555297852,117
63,23,0.12598681449890137,117
64,51,0.1230015754699707,117
65,103,0.13101601600646973,117
66,45,0.12554192543029785,117
67,69,0.11847424507141113,117
68,32,0.12656593322753906,117
69,62,0.12800121307373047,117
70,56,0.12652111053466797,117
71,42,0.1295793056488037,117
72,80,0.126997709274292,117
73,57,0.12308454513549805,117
74,118,0.12600207328796387,117
75,38,0.12200927734375,117
76,63,0.12298965454101562,117
77,98,0.12800359725952148,117
78,71,0.12406587600708008,117
79,57,0.11999821662902832,117
80,61,0.1260390281677246,117
81,44,0.1210012435913086,117
82,37,0.12800192832946777,117
83,43,0.12299656867980957,117
84,55,0.11699914932250977,117
85,155,0.12702131271362305,117
86,181,0.12696146965026855,117
87,75,0.1250009536743164,117
88,100,0.12403750419616699,117
89,46,0.12104129791259766,117
90,122,0.12150979042053223,117
91,57,0.12002968788146973,117
92,187,0.12396979331970215,117
93,114,0.12499713897705078,117
94,30,0.12200546264648438,117
95,46,0.1199948787689209,117
96,168,0.1250157356262207,117
97,71,0.1179952621459961,117
98,17,0.13100361824035645,117
99,51,0.12399888038635254,117
100,95,0.1269974708557129,117
101,69,0.12500238418579102,117
102,168,0.1269991397857666,117
103,31,0.12199926376342773,117
104,64,0.11698579788208008,117
105,77,0.12800931930541992,117
106,200,0.12204694747924805,117
107,49,0.13702797889709473,117
108,55,0.11997604370117188,117
109,25,0.12801337242126465,117
110,61,0.12598419189453125,117
111,41,0.12099575996398926,117
112,180,0.12700176239013672,117
113,63,0.13399934768676758,117
114,65,0.11999940872192383,117
115,46,0.13399958610534668,117
116,38,0.12700319290161133,117
117,200,0.12900185585021973,117
118,91,0.12422347068786621,117
119,63,0.13358426094055176,117
120,46,0.12400126457214355,117
121,42,0.12863850593566895,117
122,83,0.12399792671203613,117
123,79,0.11710667610168457,117
124,46,0.12799692153930664,117
125,72,0.12554073333740234,117
126,38,0.12399625778198242,117
127,110,0.11700248718261719,117
128,90,0.12398529052734375,117
129,38,0.12798595428466797,117
130,60,0.12903165817260742,117
131,42,0.12199807167053223,117
132,58,0.12397456169128418,117
133,21,0.1555178165435791,117
134,55,0.12600326538085938,117
135,43,0.12303996086120605,117
136,57,0.12099814414978027,117
137,108,0.12000179290771484,117
138,117,0.13105511665344238,117
139,70,0.12202644348144531,117
140,65,0.11907839775085449,117
141,129,0.1339588165283203,117
142,91,0.12600302696228027,117
143,132,0.12900328636169434,117
144,64,0.12599563598632812,117
145,63,0.15300297737121582,117
146,60,0.13046813011169434,117
147,53,0.1209859848022461,117
148,83,0.12253785133361816,117
149,44,0.13698649406433105,117
150,124,0.12309408187866211,117
151,98,0.12901663780212402,117
152,83,0.12550687789916992,117
153,56,0.1230006217956543,117
154,65,0.12202715873718262,117
155,43,0.12749552726745605,117
156,39,0.11998200416564941,117
157,128,0.12806320190429688,117
158,23,0.12612080574035645,117
159,60,0.13903355598449707,117
160,42,0.11853575706481934,117
161,47,0.12099671363830566,117
162,95,0.12900042533874512,117
163,55,0.13299965858459473,117
164,62,0.12600183486938477,117
165,80,0.13100385665893555,117
166,110,0.12203097343444824,117
167,93,0.12099742889404297,117
168,43,0.1229867935180664,117
169,58,0.12199759483337402,117
170,53,0.13712859153747559,117
171,148,0.11699342727661133,117
172,74,0.12426209449768066,117
173,109,0.13297581672668457,117
174,44,0.12900161743164062,117
175,33,0.12999868392944336,117
176,36,0.1280655860900879,117
177,39,0.1329963207244873,117
178,46,0.12600016593933105,117
179,58,0.11957526206970215,117
180,93,0.1308450698852539,117
181,31,0.12999486923217773,117
182,150,0.13267827033996582,117
183,85,0.1399989128112793,117
184,70,0.13808584213256836,117
185,24,0.1219942569732666,117
186,38,0.11851024627685547,117
187,138,0.11471176147460938,117
188,59,0.13101410865783691,117
189,36,0.1209878921508789,117
190,19,0.12803053855895996,117
191,62,0.13009166717529297,117
192,196,0.12698578834533691,117
193,70,0.1419970989227295,117
194,76,0.1260085105895996,117
195,49,0.12307453155517578,117
196,105,0.12497711181640625,117
197,65,0.12207555770874023,117
198,112,0.12400484085083008,117
199,69,0.1160268783569336,117
200,63,0.12097501754760742,117
201,40,0.1279923915863037,117
202,48,0.12262272834777832,117
203,73,0.1269831657409668,117
204,24,0.13399958610534668,117
205,62,0.12700271606445312,117
206,66,0.12701988220214844,117
207,63,0.13201260566711426,117
208,78,0.12507104873657227,117
209,79,0.13300061225891113,117
210,107,0.12799382209777832,117
211,66,0.12600016593933105,117
212,22,0.12633299827575684,117
213,72,0.12799954414367676,117
214,89,0.11595940589904785,117
215,60,0.11950969696044922,117
216,74,0.12702488899230957,117
217,29,0.13100147247314453,117
218,38,0.12701010704040527,117
219,159,0.13509035110473633,117
220,168,0.13155436515808105,117
221,60,0.12196874618530273,117
222,66,0.12900304794311523,117
223,40,0.11899781227111816,117
224,31,0.12500882148742676,117
225,144,0.1259934902191162,117
226,69,0.12999963760375977,117
227,40,0.139756441116333,117
228,45,0.12400174140930176,117
229,76,0.12103772163391113,117
230,56,0.12900114059448242,117
231,123,0.11950564384460449,117
232,63,0.12703204154968262,117
233,93,0.11799740791320801,117
234,83,0.11799931526184082,117
235,148,0.12308454513549805,117
236,86,0.12895965576171875,117
237,48,0.12607383728027344,117
238,122,0.12256646156311035,117
239,33,0.12999486923217773,117
240,58,0.1280524730682373,117
241,19,0.12399721145629883,117
242,135,0.12351202964782715,117
243,200,0.12300348281860352,117
244,66,0.12297868728637695,117
245,68,0.12413549423217773,117
246,32,0.12955021858215332,117
247,63,0.12099504470825195,117
248,84,0.12908625602722168,117
249,139,0.1200098991394043,117
250,30,0.12147998809814453,117
251,40,0.12299871444702148,117
252,32,0.11799979209899902,117
253,112,0.12001943588256836,117
254,31,0.11899971961975098,117
255,37,0.12301993370056152,117
256,78,0.1199948787689209,117
257,94,0.11600375175476074,117
258,120,0.12900400161743164,117
259,56,0.12998318672180176,117
260,175,0.12500429153442383,117
261,99,0.12299966812133789,117
262,69,0.12105488777160645,117
263,73,0.12798023223876953,117
264,68,0.12505054473876953,117
265,70,0.12399649620056152,117
266,33,0.12102699279785156,117
267,53,0.12400674819946289,117
268,125,0.1289989948272705,117
269,31,0.12697815895080566,117
270,65,0.12000131607055664,117
271,40,0.12001228332519531,117
272,35,0.12198352813720703,117
273,46,0.11703896522521973,117
274,32,0.12596797943115234,117
275,38,0.12453436851501465,117
276,33,0.12299251556396484,117
277,71,0.12401843070983887,117
278,141,0.12499308586120605,117
279,121,0.12213683128356934,117
280,80,0.12102460861206055,117
281,52,0.12396812438964844,117
282,172,0.1250307559967041,117
283,125,0.1300036907196045,117
284,53,0.13103032112121582,117
285,55,0.12499690055847168,117
286,49,0.12353897094726562,117
287,113,0.1239926815032959,117
288,37,0.12900018692016602,117
289,173,0.11500024795532227,117
290,40,0.12801337242126465,117
291,116,0.11800122261047363,117
292,126,0.12551140785217285,117
293,29,0.1269979476928711,117
294,87,0.1230020523071289,117
295,137,0.12599635124206543,117
296,62,0.12499833106994629,117
297,163,0.12000203132629395,117
298,54,0.134995698928833,117
299,43,0.13100218772888184,117
300,95,0.12799906730651855,117
301,50,0.12399983406066895,117
302,92,0.12201666831970215,117
303,118,0.1250009536743164,117
304,57,0.1229853630065918,117
305,92,0.12096953392028809,117
306,61,0.13302016258239746,117
307,71,0.12651920318603516,117
308,97,0.13399672508239746,117
309,90,0.12800073623657227,117
310,49,0.11801028251647949,117
311,100,0.12199020385742188,117
312,82,0.12301039695739746,117
313,42,0.12398719787597656,117
314,52,0.13300085067749023,117
315,94,0.13299989700317383,117
316,58,0.12100648880004883,117
317,45,0.12901091575622559,117
318,94,0.12555170059204102,117
319,53,0.12298846244812012,117
320,47,0.13000035285949707,117
321,53,0.12799811363220215,117
322,41,0.13700056076049805,117
323,48,0.1290287971496582,117
324,121,0.12514615058898926,117
325,54,0.12402129173278809,117
326,122,0.12747550010681152,117
327,73,0.11900067329406738,117
328,86,0.11900520324707031,117
329,168,0.12199711799621582,117
330,69,0.1270003318786621,117
331,54,0.1210012435913086,117
332,51,0.12001872062683105,117
333,57,0.1239771842956543,117
334,109,0.13301610946655273,117
335,40,0.1179964542388916,117
336,109,0.12101459503173828,117
337,69,0.12001752853393555,117
338,30,0.12300467491149902,117
339,50,0.12399411201477051,117
340,46,0.1230471134185791,117
341,62,0.13100171089172363,117
342,42,0.12951445579528809,117
343,44,0.1210176944732666,117
344,33,0.12099909782409668,117
345,57,0.12100005149841309,117
346,28,0.12800025939941406,117
347,51,0.13499712944030762,117
348,57,0.12400960922241211,117
349,97,0.12702703475952148,117
350,15,0.1229698657989502,117
351,61,0.11700606346130371,117
352,34,0.13001418113708496,117
353,74,0.1259908676147461,117
354,57,0.13559460639953613,117
355,90,0.13999676704406738,117
356,98,0.1230001449584961,117
357,43,0.12397909164428711,117
358,98,0.12805652618408203,117
359,82,0.12703466415405273,117
360,76,0.12507367134094238,117
361,57,0.1210012435913086,117
362,168,0.13100147247314453,117
363,96,0.12300515174865723,117
364,99,0.12497258186340332,117
365,31,0.12505769729614258,117
366,39,0.12804365158081055,117
367,59,0.12600326538085938,117
368,70,0.12699556350708008,117
369,54,0.12499523162841797,117
370,108,0.12855005264282227,117
371,61,0.12199997901916504,117
372,52,0.12754130363464355,117
373,144,0.1300032138824463,117
374,137,0.12302541732788086,117
375,51,0.1250145435333252,117
376,150,0.11700105667114258,117
377,149,0.12252068519592285,117
378,36,0.13202881813049316,117
379,65,0.12496662139892578,117
380,28,0.1335773468017578,117
381,85,0.12550067901611328,117
382,40,0.12816262245178223,117
383,159,0.13299822807312012,117
384,65,0.12600040435791016,117
385,59,0.1250009536743164,117
386,64,0.12200117111206055,117
387,112,0.12499856948852539,117
388,122,0.11801528930664062,117
389,23,0.12896013259887695,117
390,142,0.1269989013671875,117
391,41,0.12599968910217285,117
392,64,0.11900496482849121,117
393,36,0.1309964656829834,117
394,58,0.1260089874267578,117
395,62,0.11998987197875977,117
396,63,0.13203954696655273,117
397,72,0.12701058387756348,117
398,111,0.12499499320983887,117
399,63,0.1255786418914795,117
400,59,0.12403082847595215,117
401,90,0.12299871444702148,117
402,53,0.1269979476928711,117
403,74,0.12204480171203613,117
404,41,0.12299633026123047,117
405,61,0.12457156181335449,117
406,65,0.1269989013671875,117
407,65,0.13599896430969238,117
408,28,0.12305998802185059,117
409,129,0.13152480125427246,117
410,120,0.12300944328308105,117
411,76,0.11899924278259277,117
412,128,0.12000823020935059,117
413,130,0.1279892921447754,117
414,76,0.12099695205688477,117
415,47,0.12399816513061523,117
416,144,0.12002444267272949,117
417,39,0.13400006294250488,117
418,70,0.13202261924743652,117
419,51,0.12197279930114746,117
420,52,0.1230001449584961,117
421,43,0.13098931312561035,117
422,29,0.13200139999389648,117
423,50,0.125016450881958,117
424,87,0.11899185180664062,117
425,43,0.12771821022033691,117
426,40,0.12852716445922852,117
427,44,0.12398862838745117,117
428,37,0.15199804306030273,117
429,76,0.12801218032836914,117
430,57,0.13061118125915527,117
431,38,0.1289994716644287,117
432,77,0.12901806831359863,117
433,32,0.12400126457214355,117
434,41,0.12400174140930176,117
435,33,0.1286909580230713,117
436,30,0.12600111961364746,117
437,33,0.12407183647155762,117
438,45,0.12797069549560547,117
439,74,0.11902809143066406,117
440,27,0.12197446823120117,117
441,34,0.12401151657104492,117
442,61,0.12308526039123535,117
443,42,0.12499451637268066,117
444,52,0.1201028823852539,117
445,118,0.1279895305633545,117
446,105,0.12100911140441895,117
447,133,0.12799549102783203,117
448,144,0.13199687004089355,117
449,17,0.12998080253601074,117
450,50,0.12300300598144531,117
451,75,0.1269981861114502,117
452,47,0.13100194931030273,117
453,47,0.12601804733276367,117
454,65,0.13109254837036133,117
455,51,0.12653017044067383,117
456,41,0.11800026893615723,117
457,89,0.13600564002990723,117
458,60,0.11899423599243164,117
459,200,0.12900447845458984,117
460,58,0.12500214576721191,117
461,60,0.1259753704071045,117
462,78,0.12703299522399902,117
463,152,0.12697649002075195,117
464,122,0.12699151039123535,117
465,28,0.13400912284851074,117
466,37,0.12309002876281738,117
467,98,0.1320042610168457,117
468,37,0.12200069427490234,117
469,47,0.1249990463256836,117
470,38,0.12400698661804199,117
471,35,0.12299442291259766,117
472,16,0.12401008605957031,117
473,73,0.1340343952178955,117
474,55,0.12199902534484863,117
475,45,0.1204977035522461,117
476,41,0.12400317192077637,117
477,40,0.12055397033691406,117
478,79,0.1999971866607666,117
479,69,0.13100552558898926,117
480,44,0.13202238082885742,117
481,78,0.12302350997924805,117
482,99,0.13197946548461914,117
483,78,0.12402462959289551,117
484,33,0.1340162754058838,117
485,86,0.13797903060913086,117
486,83,0.11899805068969727,117
487,78,0.13899755477905273,117
488,29,0.11999988555908203,117
489,61,0.13305354118347168,117
490,168,0.12499880790710449,117
491,29,0.11954212188720703,117
492,69,0.1270444393157959,117
493,68,0.12698888778686523,117
494,35,0.13503408432006836,117
495,200,0.1269676685333252,117
496,65,0.12201833724975586,117
497,42,0.12498068809509277,117
498,88,0.13700294494628906,117
499,51,0.11999845504760742,117
500,56,0.1260521411895752,117
501,86,0.12599921226501465,117
502,44,0.13100147247314453,117
503,57,0.11499905586242676,117
504,65,0.12997961044311523,117
505,176,0.11400341987609863,117
506,42,0.12599468231201172,117
507,13,0.12801599502563477,117
508,86,0.1209864616394043,117
509,48,0.12400412559509277,117
510,112,0.12499475479125977,117
511,44,0.12198233604431152,117
512,124,0.12303638458251953,117
513,91,0.11998844146728516,117
514,66,0.12850403785705566,117
515,65,0.11699700355529785,117
516,39,0.13152551651000977,117
517,17,0.12500929832458496,117
518,76,0.12402558326721191,117
519,27,0.12600207328796387,117
520,52,0.12952446937561035,117
521,66,0.12899446487426758,117
522,71,0.1280050277709961,117
523,47,0.12600088119506836,117
524,159,0.12194132804870605,117
525,36,0.1309986114501953,117
526,57,0.12259936332702637,117
527,39,0.13097381591796875,117
528,63,0.1269981861114502,117
529,39,0.1275620460510254,117
530,37,0.12600207328796387,117
531,51,0.12214326858520508,117
532,23,0.12202215194702148,117
533,93,0.1290121078491211,117
534,74,0.12299489974975586,117
535,42,0.13102197647094727,117
536,36,0.1369781494140625,117
537,64,0.1281428337097168,117
538,49,0.11953949928283691,117
539,164,0.13100433349609375,117
540,57,0.11897397041320801,117
541,59,0.1309986114501953,117
542,115,0.1270122528076172,117
543,36,0.1280045509338379,117
544,91,0.11997652053833008,117
545,55,0.1380000114440918,117
546,49,0.12200260162353516,117
547,27,0.12799787521362305,117
548,20,0.12200522422790527,117
549,87,0.12807130813598633,117
550,200,0.13100123405456543,117
551,59,0.13701605796813965,117
552,65,0.12300324440002441,117
553,136,0.12900876998901367,117
554,39,0.12900400161743164,117
555,78,0.1235356330871582,117
556,12,0.1214754581451416,117
557,57,0.12551236152648926,117
558,76,0.12401413917541504,117
559,67,0.12601995468139648,117
560,56,0.1289656162261963,117
561,46,0.12701010704040527,117
562,92,0.11999058723449707,117
563,124,0.12903666496276855,117
564,27,0.13100194931030273,117
565,62,0.11953997611999512,117
566,45,0.11999726295471191,117
567,75,0.1300034523010254,117
568,49,0.13399815559387207,117
569,60,0.12600135803222656,117
570,39,0.11699080467224121,117
571,18,0.127000093460083,117
572,48,0.12402772903442383,117
573,200,0.1199800968170166,117
574,46,0.1255934238433838,117
575,52,0.12199950218200684,117
576,19,0.120513916015625,117
577,97,0.1179962158203125,117
578,107,0.12200427055358887,117
579,22,0.12499880790710449,117
580,114,0.12200140953063965,117
581,71,0.12197327613830566,117
582,84,0.12400221824645996,117
583,61,0.1279926300048828,117
584,47,0.13001561164855957,117
585,37,0.12700486183166504,117
586,50,0.12451791763305664,117
587,32,0.13003826141357422,117
588,15,0.12796998023986816,117
589,59,0.11999344825744629,117
590,50,0.12999653816223145,117
591,62,0.13103389739990234,117
592,55,0.1200103759765625,117
593,60,0.12799382209777832,117
594,98,0.12000036239624023,117
595,200,0.12354016304016113,117
596,49,0.1189720630645752,117
597,42,0.12099814414978027,117
598,200,0.12403035163879395,117
599,47,0.1239933967590332,117
600,83,0.11801719665527344,117
601,45,0.12283492088317871,117
602,42,0.12201476097106934,117
603,33,0.12805461883544922,117
604,38,0.12204647064208984,117
605,66,0.1219782829284668,117
606,130,0.12252402305603027,117
607,51,0.12100005149841309,117
608,85,0.12400031089782715,117
609,68,0.12000250816345215,117
610,42,0.1250011920928955,117
611,46,0.12699437141418457,117
612,75,0.13299846649169922,117
613,45,0.12601971626281738,117
614,102,0.12699532508850098,117
615,107,0.12299728393554688,117
616,34,0.12458515167236328,117
617,79,0.12400293350219727,117
618,30,0.11952710151672363,117
619,102,0.12900447845458984,117
620,38,0.13857030868530273,117
621,50,0.12898683547973633,117
622,106,0.12604761123657227,117
623,84,0.12699604034423828,117
624,62,0.12500286102294922,117
625,37,0.1189870834350586,117
626,102,0.1249997615814209,117
627,137,0.11699247360229492,117
628,136,0.12200498580932617,117
629,43,0.1199800968170166,117
630,35,0.11600303649902344,117
631,77,0.12300634384155273,117
632,89,0.12196993827819824,117
633,73,0.13111138343811035,117
634,150,0.12102699279785156,117
635,107,0.12899518013000488,117
636,34,0.12754011154174805,117
637,68,0.12999606132507324,117
638,73,0.1255016326904297,117
639,62,0.13397431373596191,117
640,45,0.12299728393554688,117
641,37,0.12498688697814941,117
642,30,0.1210775375366211,117
643,26,0.12599825859069824,117
644,40,0.1265249252319336,117
645,153,0.11699676513671875,117
646,77,0.12103700637817383,117
647,200,0.125962495803833,117
648,43,0.12100386619567871,117
649,83,0.12699365615844727,117
650,200,0.12700200080871582,117
651,27,0.13302230834960938,117
652,44,0.1259772777557373,117
653,94,0.12399792671203613,117
654,61,0.11999940872192383,117
655,122,0.1250004768371582,117
656,69,0.12098097801208496,117
657,71,0.12102675437927246,117
658,40,0.12996554374694824,117
659,75,0.12900233268737793,117
660,120,0.1342761516571045,117
661,90,0.12598490715026855,117
662,89,0.13899707794189453,117
663,71,0.12800168991088867,117
664,48,0.1250457763671875,117
665,99,0.12299823760986328,117
666,111,0.12055850028991699,117
667,67,0.1229853630065918,117
668,41,0.1270008087158203,117
669,51,0.13200879096984863,117
670,26,0.12799906730651855,117
671,34,0.1290273666381836,117
672,88,0.14504027366638184,117
673,65,0.12302255630493164,117
674,192,0.12298846244812012,117
675,67,0.1260387897491455,117
676,62,0.12198591232299805,117
677,128,0.12297582626342773,117
678,87,0.12452054023742676,117
679,49,0.12003087997436523,117
680,52,0.12001991271972656,117
681,101,0.12599849700927734,117
682,49,0.1299760341644287,117
683,64,0.11599564552307129,117
684,52,0.12303590774536133,117
685,67,0.13372492790222168,117
686,80,0.12700605392456055,117
687,89,0.13104867935180664,117
688,58,0.1190023422241211,117
689,92,0.12500405311584473,117
690,63,0.1250307559967041,117
691,72,0.12202954292297363,117
692,109,0.1199955940246582,117
693,39,0.12914586067199707,117
694,45,0.12797760963439941,117
695,44,0.12550115585327148,117
696,117,0.12500429153442383,117
697,53,0.12599992752075195,117
698,61,0.12699437141418457,117
699,95,0.13000082969665527,117
700,104,0.14800405502319336,117
701,31,0.13599729537963867,117
702,121,0.1260242462158203,117
703,69,0.13107609748840332,117
704,54,0.12700343132019043,117
705,45,0.1300196647644043,117
706,29,0.11900782585144043,117
707,117,0.12999415397644043,117
708,43,0.12302231788635254,117
709,32,0.12398290634155273,117
710,36,0.12299561500549316,117
711,45,0.12702322006225586,117
712,57,0.12851214408874512,117
713,46,0.1260066032409668,117
714,105,0.11851716041564941,117
715,56,0.12200379371643066,117
716,68,0.12453937530517578,117
717,35,0.12197065353393555,117
718,65,0.12499713897705078,117
719,53,0.11803340911865234,117
720,44,0.12098836898803711,117
721,54,0.11596226692199707,117
722,49,0.12299227714538574,117
723,55,0.12200260162353516,117
724,50,0.12399983406066895,117
725,73,0.1250772476196289,117
726,64,0.12897038459777832,117
727,89,0.12550687789916992,117
728,70,0.1250002384185791,117
729,54,0.13300418853759766,117
730,21,0.12999582290649414,117
731,25,0.12799644470214844,117
732,170,0.1309981346130371,117
733,64,0.12801551818847656,117
734,50,0.1289668083190918,117
735,21,0.126068115234375,117
736,42,0.12400197982788086,117
737,103,0.1289975643157959,117
738,74,0.11616182327270508,117
739,64,0.13500285148620605,117
740,85,0.13000035285949707,117
741,58,0.12799787521362305,117
742,40,0.13300037384033203,117
743,75,0.11800336837768555,117
744,42,0.12400054931640625,117
745,17,0.12399578094482422,117
746,62,0.12001800537109375,117
747,68,0.12653470039367676,117
748,90,0.1300063133239746,117
749,87,0.1259167194366455,117
750,43,0.13103866577148438,117
751,58,0.13100123405456543,117
752,64,0.12200546264648438,117
753,54,0.12352871894836426,117
754,62,0.12299585342407227,117
755,54,0.12401676177978516,117
756,200,0.12401461601257324,117
757,106,0.12296700477600098,117
758,52,0.1230001449584961,117
759,82,0.12698149681091309,117
760,54,0.12115621566772461,117
761,51,0.12555193901062012,117
762,62,0.12097358703613281,117
763,156,0.12701845169067383,117
764,73,0.13399600982666016,117
765,112,0.1260063648223877,117
766,24,0.12300801277160645,117
767,44,0.1319901943206787,117
768,78,0.12508726119995117,117
769,39,0.11600017547607422,117
770,49,0.12350893020629883,117
771,60,0.1280050277709961,117
772,61,0.12299752235412598,117
773,81,0.1290292739868164,117
774,36,0.12000393867492676,117
775,133,0.13099884986877441,117
776,44,0.13299989700317383,117
777,43,0.12499690055847168,117
778,59,0.125,117
779,37,0.12411665916442871,117
780,52,0.12398695945739746,117
781,50,0.12749433517456055,117
782,56,0.12807703018188477,117
783,51,0.12300682067871094,117
784,44,0.1260390281677246,117
785,51,0.12600183486938477,117
786,34,0.1230013370513916,117
787,37,0.12599658966064453,117
788,63,0.1230010986328125,117
789,47,0.12206864356994629,117
790,110,0.12094879150390625,117
791,20,0.1270606517791748,117
792,80,0.13156819343566895,117
793,108,0.13051605224609375,117
794,111,0.1379992961883545,117
795,194,0.1270005702972412,117
796,35,0.12800240516662598,117
797,104,0.13097906112670898,117
798,39,0.1340634822845459,117
799,29,0.12299656867980957,117
800,123,0.13004565238952637,117
801,200,0.11801791191101074,117
802,32,0.13399362564086914,117
803,56,0.12301254272460938,117
804,36,0.13298368453979492,117
805,52,0.12100434303283691,117
806,159,0.13204050064086914,117
807,34,0.12552428245544434,117
808,73,0.12399482727050781,117
809,30,0.11900544166564941,117
810,103,0.12400174140930176,117
811,44,0.12299346923828125,117
812,41,0.12800002098083496,117
813,85,0.13100385665893555,117
814,43,0.12305450439453125,117
815,184,0.12198734283447266,117
816,35,0.11956548690795898,117
817,48,0.12000203132629395,117
818,46,0.12299990653991699,117
819,49,0.12701964378356934,117
820,26,0.11997723579406738,117
821,71,0.125,117
822,77,0.12910819053649902,117
823,63,0.12599658966064453,117
824,55,0.12302803993225098,117
825,123,0.11900687217712402,117
826,60,0.12297391891479492,117
827,17,0.12299919128417969,117
828,36,0.129974365234375,117
829,47,0.1199946403503418,117
830,58,0.12605929374694824,117
831,93,0.12202310562133789,117
832,19,0.12198114395141602,117
833,121,0.12799453735351562,117
834,89,0.1260056495666504,117
835,68,0.13200068473815918,117
836,58,0.12600040435791016,117
837,92,0.12199711799621582,117
838,30,0.12700128555297852,117
839,121,0.13000226020812988,117
840,45,0.12397170066833496,117
841,63,0.12000131607055664,117
842,59,0.1150047779083252,117
843,66,0.12298226356506348,117
844,43,0.1269986629486084,117
845,110,0.1270005702972412,117
846,200,0.12557125091552734,117
847,82,0.12752985954284668,117
848,94,0.143998384475708,117
849,59,0.12601661682128906,117
850,73,0.11799860000610352,117
851,48,0.12999844551086426,117
852,56,0.12600111961364746,117
853,64,0.13701534271240234,117
854,67,0.11699223518371582,117
855,71,0.12800002098083496,117
856,65,0.1209871768951416,117
857,59,0.12200474739074707,117
858,133,0.11998772621154785,117
859,40,0.11902379989624023,117
860,17,0.12900066375732422,117
861,52,0.12400007247924805,117
862,55,0.11800146102905273,117
863,174,0.12203645706176758,117
864,82,0.11900591850280762,117
865,49,0.12198972702026367,117
866,87,0.12799692153930664,117
867,57,0.1190037727355957,117
868,85,0.1249990463256836,117
869,56,0.1269993782043457,117
870,71,0.11801958084106445,117
871,61,0.12109899520874023,117
872,16,0.12453937530517578,117
873,41,0.13101816177368164,117
874,39,0.12199926376342773,117
875,24,0.13300251960754395,117
876,25,0.12799596786499023,117
877,38,0.1220238208770752,117
878,76,0.12900400161743164,117
879,54,0.1225438117980957,117
880,89,0.12800335884094238,117
881,51,0.13300395011901855,117
882,45,0.11799383163452148,117
883,122,0.1199953556060791,117
884,36,0.11903047561645508,117
885,43,0.12497901916503906,117
886,113,0.12298846244812012,117
887,164,0.11499714851379395,117
888,54,0.1309828758239746,117
889,80,0.12098526954650879,117
890,102,0.12800049781799316,117
891,183,0.12500596046447754,117
892,51,0.13200592994689941,117
893,54,0.12200307846069336,117
894,66,0.12199211120605469,117
895,22,0.12579059600830078,117
896,111,0.12100100517272949,117
897,27,0.13001513481140137,117
898,41,0.1189734935760498,117
899,70,0.12201333045959473,117
900,93,0.1270129680633545,117
901,42,0.12400126457214355,117
902,88,0.1309967041015625,117
903,34,0.12400293350219727,117
904,150,0.1320357322692871,117
905,131,0.11700201034545898,117
906,57,0.12499690055847168,117
907,56,0.12000560760498047,117
908,95,0.12600493431091309,117
909,46,0.12798595428466797,117
910,36,0.12095046043395996,117
911,48,0.12755632400512695,117
912,62,0.12242293357849121,117
913,48,0.11899948120117188,117
914,87,0.14700627326965332,117
915,86,0.12299156188964844,117
916,63,0.12500333786010742,117
917,57,0.14099621772766113,117
918,84,0.12155795097351074,117
919,55,0.12098264694213867,117
920,36,0.1230013370513916,117
921,29,0.12499880790710449,117
922,19,0.12400484085083008,117
923,66,0.12599730491638184,117
924,50,0.12902140617370605,117
925,38,0.13375425338745117,117
926,93,0.1209726333618164,117
927,58,0.11754107475280762,117
928,96,0.12900280952453613,117
929,57,0.11899662017822266,117
930,50,0.12702226638793945,117
931,145,0.12699460983276367,117
932,43,0.12299489974975586,117
933,120,0.13101601600646973,117
934,61,0.11598920822143555,117
935,59,0.12398552894592285,117
936,42,0.12699604034423828,117
937,37,0.11798310279846191,117
938,48,0.1249995231628418,117
939,116,0.1199958324432373,117
940,83,0.1289994716644287,117
941,37,0.12501239776611328,117
942,67,0.12298870086669922,117
943,90,0.11614561080932617,117
944,72,0.1250300407409668,117
945,36,0.12099695205688477,117
946,29,0.12200260162353516,117
947,78,0.12199831008911133,117
948,97,0.12599968910217285,117
949,37,0.12199878692626953,117
950,33,0.12800002098083496,117
951,32,0.12402772903442383,117
952,56,0.1229250431060791,117
953,116,0.11800551414489746,117
954,137,0.12800049781799316,117
955,101,0.12755680084228516,117
956,150,0.12099552154541016,117
957,64,0.12860822677612305,117
958,43,0.12199592590332031,117
959,59,0.1265401840209961,117
960,75,0.14204859733581543,117
961,47,0.12799882888793945,117
962,27,0.1240541934967041,117
963,90,0.12555480003356934,117
964,177,0.13900017738342285,117
965,53,0.13152360916137695,117
966,87,0.12400007247924805,117
967,83,0.12500357627868652,117
968,65,0.12599587440490723,117
969,89,0.12301516532897949,117
970,94,0.1179666519165039,117
971,45,0.13199830055236816,117
972,64,0.11899876594543457,117
973,62,0.1249997615814209,117
974,45,0.1320478916168213,117
975,121,0.11600065231323242,117
976,163,0.12904810905456543,117
977,44,0.12100100517272949,117
978,112,0.11954331398010254,117
979,70,0.14496707916259766,117
980,48,0.13204336166381836,117
981,49,0.11899662017822266,117
982,47,0.12016987800598145,117
983,40,0.12398219108581543,117
984,32,0.12298321723937988,117
985,46,0.11507844924926758,117
986,48,0.12998604774475098,117
987,34,0.12900066375732422,117
988,33,0.12000298500061035,117
989,56,0.12600326538085938,117
990,74,0.12199807167053223,117
991,118,0.11900687217712402,117
992,87,0.1300187110900879,117
993,66,0.12018227577209473,117
994,45,0.11999392509460449,117
995,36,0.1260216236114502,117
996,13,0.12897825241088867,117
997,35,0.12067317962646484,117
998,47,0.12900900840759277,117
999,16,0.12708473205566406,117
