Episode,Steps,Time,Converged at Iterations
0,14,0.02001166343688965,2
1,15,0.026999950408935547,5
2,27,0.022016048431396484,3
3,39,0.02698659896850586,3
4,22,0.01902294158935547,2
5,9,0.030970335006713867,4
6,45,0.03400421142578125,5
7,54,0.025995731353759766,5
8,53,0.023001670837402344,2
9,100,0.02306532859802246,2
10,100,0.03399658203125,5
11,37,0.032085418701171875,5
12,13,0.026000261306762695,5
13,55,0.016997814178466797,2
14,48,0.026004552841186523,5
15,9,0.017991304397583008,2
16,10,0.025000333786010742,2
17,11,0.028000354766845703,5
18,52,0.02500152587890625,3
19,12,0.03050971031188965,5
20,21,0.02551579475402832,3
21,25,0.017998695373535156,2
22,58,0.022998571395874023,3
23,79,0.025998830795288086,2
24,13,0.01699972152709961,2
25,63,0.025029659271240234,5
26,21,0.022031307220458984,2
27,100,0.027962923049926758,4
28,28,0.016028881072998047,2
29,37,0.025997161865234375,5
30,40,0.02099323272705078,3
31,32,0.024000167846679688,3
32,19,0.025005102157592773,4
33,42,0.037001609802246094,4
34,25,0.027993202209472656,4
35,48,0.024999618530273438,5
36,43,0.01599907875061035,2
37,42,0.02603912353515625,5
38,25,0.024963855743408203,2
39,58,0.03199958801269531,4
40,22,0.020998716354370117,3
41,22,0.02099919319152832,4
42,11,0.03200125694274902,5
43,25,0.024998188018798828,5
44,45,0.032006025314331055,4
45,35,0.02584695816040039,3
46,26,0.0270235538482666,5
47,40,0.02797675132751465,5
48,31,0.02900409698486328,5
49,13,0.028998613357543945,5
50,24,0.020999670028686523,3
51,10,0.020999908447265625,4
52,20,0.023000478744506836,3
53,12,0.021532535552978516,3
54,16,0.026998043060302734,4
55,30,0.027001619338989258,5
56,58,0.02102184295654297,3
57,20,0.026975154876708984,4
58,16,0.023003339767456055,3
59,37,0.026996374130249023,5
60,47,0.020013093948364258,3
61,47,0.016974925994873047,2
62,72,0.02501511573791504,3
63,76,0.019975900650024414,3
64,12,0.024978160858154297,3
65,81,0.019020557403564453,2
66,44,0.012002706527709961,1
67,12,0.019000530242919922,2
68,26,0.02100205421447754,2
69,77,0.028998374938964844,3
70,97,0.04103422164916992,5
71,38,0.031983375549316406,5
72,47,0.0240020751953125,4
73,86,0.023006439208984375,4
74,48,0.02797532081604004,5
75,26,0.02902388572692871,5
76,24,0.029004812240600586,5
77,7,0.026995182037353516,4
78,46,0.024526357650756836,3
79,54,0.03999686241149902,5
80,44,0.021028995513916016,2
81,13,0.02699112892150879,3
82,22,0.020999431610107422,3
83,28,0.026003122329711914,3
84,26,0.02299809455871582,4
85,15,0.024000883102416992,2
86,47,0.030002117156982422,5
87,23,0.01600027084350586,2
88,60,0.015996932983398438,1
89,14,0.018998146057128906,2
90,58,0.026005268096923828,5
91,20,0.021974802017211914,2
92,10,0.021999359130859375,3
93,32,0.031005859375,3
94,11,0.023994922637939453,3
95,76,0.017002344131469727,2
96,100,0.02703094482421875,3
97,25,0.01699376106262207,2
98,18,0.026000022888183594,5
99,24,0.031003475189208984,5
100,57,0.04202675819396973,5
101,40,0.0240020751953125,2
102,52,0.02299809455871582,2
103,48,0.023018598556518555,2
104,19,0.01706528663635254,2
105,90,0.0209352970123291,3
106,17,0.0180208683013916,2
107,47,0.028998374938964844,4
108,34,0.026010751724243164,5
109,48,0.01597452163696289,2
110,58,0.03899955749511719,4
111,100,0.030995845794677734,4
112,78,0.019014358520507812,2
113,24,0.026992321014404297,5
114,35,0.024999380111694336,3
115,21,0.024002790451049805,3
116,24,0.024994373321533203,3
117,12,0.025023460388183594,5
118,80,0.029013633728027344,5
119,41,0.022999286651611328,4
120,9,0.023003339767456055,2
121,82,0.028995275497436523,5
122,31,0.025002241134643555,4
123,40,0.02900075912475586,5
124,34,0.021000146865844727,3
125,29,0.023982524871826172,4
126,100,0.02300238609313965,3
127,17,0.027492046356201172,5
128,22,0.026000261306762695,3
129,33,0.019040822982788086,2
130,53,0.03099846839904785,5
131,13,0.02602529525756836,5
132,14,0.01598334312438965,2
133,32,0.021996021270751953,3
134,60,0.017014265060424805,2
135,18,0.024987220764160156,2
136,76,0.024997711181640625,5
137,10,0.019002437591552734,3
138,37,0.019999265670776367,3
139,50,0.03199458122253418,5
140,42,0.022015094757080078,3
141,26,0.016986846923828125,2
142,40,0.010001182556152344,1
143,34,0.023000001907348633,4
144,51,0.02300119400024414,4
145,100,0.017985820770263672,2
146,12,0.023995399475097656,3
147,58,0.03399968147277832,5
148,49,0.029002666473388672,2
149,28,0.0169827938079834,2
150,12,0.025987625122070312,3
151,20,0.016005516052246094,2
152,17,0.02497386932373047,4
153,47,0.02500009536743164,5
154,23,0.016998767852783203,2
155,30,0.025004148483276367,5
156,28,0.010967493057250977,1
157,15,0.015999555587768555,2
158,68,0.024001598358154297,3
159,35,0.017998933792114258,2
160,30,0.025002241134643555,3
161,32,0.03299832344055176,5
162,29,0.020000934600830078,3
163,38,0.025996923446655273,5
164,40,0.03200721740722656,3
165,18,0.027995824813842773,5
166,20,0.012995719909667969,1
167,20,0.030000686645507812,5
168,31,0.012027740478515625,1
169,19,0.011003255844116211,1
170,33,0.02499675750732422,3
171,15,0.02199554443359375,2
172,43,0.023998022079467773,2
173,68,0.023005247116088867,3
174,58,0.013995885848999023,2
175,51,0.029999494552612305,4
176,19,0.02900075912475586,3
177,10,0.032029151916503906,5
178,13,0.023998260498046875,5
179,18,0.0280001163482666,4
180,100,0.01901078224182129,2
181,12,0.021998882293701172,3
182,22,0.02399730682373047,3
183,100,0.020999431610107422,2
184,35,0.02299666404724121,3
185,15,0.01900315284729004,3
186,17,0.023085832595825195,3
187,75,0.03200101852416992,5
188,23,0.02899765968322754,4
189,19,0.02700042724609375,5
190,15,0.0299990177154541,3
191,8,0.026004552841186523,5
192,48,0.01701974868774414,2
193,14,0.0259857177734375,5
194,55,0.015955448150634766,2
195,29,0.015999794006347656,2
196,24,0.03299689292907715,5
197,34,0.019997596740722656,3
198,47,0.03200244903564453,5
199,24,0.02599930763244629,5
200,83,0.022999286651611328,4
201,10,0.024001121520996094,3
202,74,0.02500176429748535,4
203,17,0.010042428970336914,1
204,15,0.0279996395111084,5
205,39,0.022001028060913086,2
206,36,0.015997886657714844,2
207,8,0.01800394058227539,2
208,10,0.020999908447265625,3
209,23,0.02499556541442871,3
210,25,0.026005029678344727,3
211,21,0.02799844741821289,5
212,13,0.02999734878540039,5
213,25,0.021000385284423828,3
214,14,0.027002811431884766,3
215,29,0.02500748634338379,5
216,79,0.020983457565307617,4
217,100,0.0199892520904541,2
218,13,0.024998188018798828,4
219,10,0.03104686737060547,5
220,100,0.030025482177734375,5
221,11,0.012000799179077148,1
222,68,0.02201390266418457,4
223,44,0.017998695373535156,2
224,19,0.018995285034179688,2
225,43,0.0200045108795166,2
226,58,0.02199578285217285,2
227,9,0.02399587631225586,2
228,24,0.020006179809570312,2
229,40,0.02055644989013672,2
230,14,0.023000240325927734,3
231,73,0.03099989891052246,4
232,15,0.020998239517211914,2
233,98,0.024558305740356445,2
234,34,0.016542911529541016,2
235,27,0.020978450775146484,4
236,54,0.018999099731445312,2
237,30,0.021999835968017578,4
238,12,0.023998737335205078,4
239,31,0.021002769470214844,2
240,10,0.021996498107910156,2
241,24,0.029030323028564453,5
242,31,0.017974138259887695,2
243,38,0.023012876510620117,4
244,36,0.010999441146850586,1
245,14,0.020999670028686523,3
246,25,0.03502917289733887,4
247,11,0.025995254516601562,5
248,16,0.010975837707519531,1
249,100,0.024030685424804688,3
250,26,0.027967214584350586,3
251,22,0.03605031967163086,5
252,73,0.03099966049194336,5
253,28,0.02099609375,2
254,49,0.03800034523010254,5
255,43,0.02799844741821289,3
256,65,0.01599907875061035,2
257,12,0.025005817413330078,2
258,73,0.01902008056640625,2
259,48,0.0379941463470459,5
260,41,0.017003297805786133,1
261,31,0.016000747680664062,2
262,80,0.024000883102416992,3
263,63,0.019968271255493164,3
264,45,0.021004199981689453,2
265,54,0.010995626449584961,1
266,87,0.023003101348876953,3
267,23,0.028028011322021484,5
268,37,0.020993709564208984,3
269,100,0.015002250671386719,2
270,75,0.020998001098632812,3
271,20,0.015999317169189453,2
272,55,0.02599811553955078,3
273,21,0.027994632720947266,3
274,19,0.020999908447265625,3
275,20,0.02300119400024414,3
276,45,0.028000831604003906,4
277,67,0.02201986312866211,3
278,10,0.0209810733795166,4
279,54,0.02600383758544922,3
280,10,0.03199887275695801,5
281,20,0.0180356502532959,2
282,45,0.021966218948364258,4
283,19,0.012026548385620117,2
284,80,0.010997772216796875,1
285,28,0.024998188018798828,3
286,25,0.016996383666992188,2
287,14,0.022003889083862305,2
288,46,0.03700113296508789,5
289,56,0.012999773025512695,1
290,35,0.019996166229248047,4
291,79,0.016000032424926758,2
292,25,0.017002582550048828,2
293,43,0.02211451530456543,4
294,15,0.020979642868041992,3
295,34,0.01601862907409668,2
296,16,0.020958662033081055,4
297,60,0.021042585372924805,2
298,70,0.026999235153198242,5
299,21,0.020032882690429688,4
300,32,0.024964570999145508,3
301,100,0.03299999237060547,5
302,12,0.016999483108520508,2
303,40,0.02205181121826172,4
304,15,0.03000640869140625,3
305,46,0.024962902069091797,5
306,12,0.024002552032470703,3
307,44,0.02599787712097168,5
308,36,0.018965721130371094,3
309,39,0.026973724365234375,5
310,39,0.03199577331542969,5
311,26,0.028003454208374023,5
312,38,0.01999974250793457,3
313,32,0.025996923446655273,3
314,31,0.025003910064697266,5
315,23,0.02899646759033203,3
316,74,0.011993885040283203,1
317,13,0.018999576568603516,3
318,100,0.026002168655395508,5
319,12,0.018998146057128906,3
320,9,0.022000789642333984,3
321,8,0.018998146057128906,2
322,25,0.027019023895263672,4
323,54,0.02798604965209961,5
324,24,0.02599477767944336,5
325,100,0.017019271850585938,2
326,100,0.018987655639648438,2
327,10,0.0299990177154541,4
328,60,0.019006013870239258,2
329,25,0.023998737335205078,3
330,30,0.026996612548828125,5
331,68,0.019999980926513672,2
332,12,0.020998716354370117,3
333,47,0.013000011444091797,2
334,33,0.02100372314453125,3
335,32,0.025000810623168945,3
336,11,0.02699732780456543,5
337,34,0.0299985408782959,5
338,10,0.0260012149810791,5
339,22,0.021998167037963867,4
340,6,0.026002168655395508,3
341,61,0.021004199981689453,3
342,29,0.030994176864624023,5
343,73,0.023005962371826172,3
344,14,0.021000146865844727,3
345,41,0.024995088577270508,3
346,37,0.02499866485595703,3
347,39,0.022003650665283203,3
348,80,0.01600027084350586,1
349,24,0.028995037078857422,4
350,65,0.022529125213623047,3
351,25,0.02852630615234375,4
352,80,0.019997596740722656,3
353,12,0.01700282096862793,2
354,11,0.019993305206298828,2
355,40,0.018033504486083984,2
356,52,0.02700495719909668,5
357,27,0.02601313591003418,3
358,10,0.01596856117248535,2
359,31,0.018019914627075195,2
360,72,0.022014856338500977,2
361,34,0.022426366806030273,3
362,37,0.013967275619506836,2
363,19,0.028998851776123047,4
364,32,0.023003339767456055,4
365,48,0.02299976348876953,2
366,11,0.022991418838500977,3
367,48,0.01599907875061035,2
368,51,0.023001670837402344,2
369,20,0.008998632431030273,1
370,36,0.02499675750732422,5
371,35,0.02800130844116211,3
372,36,0.019002676010131836,2
373,27,0.01703500747680664,2
374,77,0.01596856117248535,2
375,100,0.017989158630371094,2
376,33,0.016999483108520508,2
377,16,0.024997234344482422,3
378,16,0.02600240707397461,4
379,21,0.019998550415039062,3
380,61,0.02399897575378418,4
381,16,0.02300262451171875,3
382,11,0.014002084732055664,1
383,32,0.02799677848815918,5
384,25,0.0260012149810791,2
385,100,0.03499650955200195,4
386,23,0.023995161056518555,5
387,21,0.019008636474609375,2
388,21,0.0189969539642334,2
389,24,0.0169680118560791,2
390,26,0.016028881072998047,2
391,11,0.01598811149597168,2
392,89,0.02601933479309082,3
393,100,0.02199387550354004,4
394,13,0.022004365921020508,3
395,11,0.016002178192138672,2
396,17,0.025983572006225586,4
397,11,0.026051044464111328,3
398,88,0.032999515533447266,3
399,36,0.02700948715209961,5
400,100,0.024979352951049805,5
401,9,0.024004220962524414,3
402,20,0.018038034439086914,2
403,51,0.019958019256591797,3
404,44,0.02899956703186035,4
405,19,0.03100442886352539,5
406,29,0.03875303268432617,5
407,14,0.028981924057006836,3
408,80,0.018003463745117188,2
409,64,0.016574859619140625,2
410,38,0.02604198455810547,5
411,53,0.0300140380859375,3
412,73,0.032015085220336914,3
413,86,0.02598261833190918,5
414,19,0.02200007438659668,4
415,100,0.03200268745422363,3
416,53,0.026994705200195312,3
417,16,0.02552485466003418,2
418,47,0.025005578994750977,4
419,32,0.032994747161865234,5
420,16,0.024033308029174805,4
421,37,0.023997783660888672,3
422,21,0.030997753143310547,5
423,12,0.02300238609313965,2
424,100,0.02300882339477539,3
425,22,0.02898240089416504,5
426,49,0.03299903869628906,5
427,20,0.01702094078063965,2
428,22,0.025978803634643555,5
429,14,0.03802323341369629,4
430,41,0.021982431411743164,2
431,34,0.036994218826293945,5
432,58,0.021000385284423828,3
433,9,0.026034116744995117,4
434,29,0.021970272064208984,4
435,93,0.04000043869018555,5
436,8,0.03000044822692871,5
437,100,0.019995450973510742,2
438,34,0.024005889892578125,4
439,12,0.011038541793823242,1
440,39,0.025990962982177734,5
441,26,0.03399920463562012,4
442,13,0.015999317169189453,2
443,12,0.025002002716064453,5
444,38,0.01599860191345215,2
445,15,0.037003517150878906,5
446,91,0.021996259689331055,4
447,27,0.0260159969329834,5
448,40,0.026986122131347656,5
449,35,0.022038936614990234,2
450,100,0.017004728317260742,2
451,100,0.01600170135498047,2
452,15,0.031983375549316406,3
453,42,0.026999473571777344,5
454,74,0.029033422470092773,5
455,31,0.024956703186035156,3
456,46,0.025026321411132812,5
457,48,0.022958040237426758,4
458,74,0.01800394058227539,2
459,16,0.0280001163482666,5
460,100,0.021007776260375977,4
461,20,0.018032550811767578,2
462,19,0.03100132942199707,5
463,55,0.026017189025878906,5
464,29,0.018985986709594727,3
465,6,0.017003774642944336,2
466,15,0.022998571395874023,2
467,30,0.020018577575683594,3
468,100,0.025980710983276367,5
469,41,0.023007631301879883,4
470,26,0.011008977890014648,1
471,28,0.020984649658203125,3
472,25,0.025999069213867188,3
473,35,0.02399921417236328,3
474,16,0.017000198364257812,2
475,66,0.016007661819458008,2
476,96,0.02398085594177246,5
477,46,0.03097057342529297,4
478,100,0.025001049041748047,3
479,44,0.03304004669189453,5
480,46,0.031996726989746094,5
481,12,0.02500295639038086,3
482,12,0.010999679565429688,1
483,23,0.014997243881225586,1
484,22,0.025002717971801758,4
485,28,0.02700066566467285,5
486,14,0.022997140884399414,4
487,100,0.026000261306762695,5
488,77,0.021023988723754883,2
489,83,0.009979248046875,1
490,11,0.022017955780029297,2
491,32,0.023003101348876953,3
492,43,0.011008501052856445,1
493,41,0.019973039627075195,2
494,28,0.019997835159301758,3
495,43,0.021999597549438477,3
496,32,0.017024993896484375,2
497,26,0.01298975944519043,2
498,34,0.01297760009765625,2
499,21,0.026008129119873047,3
500,34,0.026029348373413086,5
501,14,0.022962570190429688,3
502,60,0.025025129318237305,5
503,24,0.024970054626464844,5
504,100,0.015001058578491211,1
505,16,0.03800344467163086,5
506,14,0.02800917625427246,4
507,86,0.025989532470703125,5
508,22,0.025998353958129883,3
509,24,0.010030984878540039,1
510,100,0.016967296600341797,2
511,68,0.028996944427490234,5
512,35,0.021999359130859375,3
513,21,0.02100539207458496,3
514,18,0.024995803833007812,3
515,71,0.021001100540161133,3
516,15,0.009996414184570312,1
517,100,0.0260467529296875,5
518,32,0.01699995994567871,2
519,39,0.02200007438659668,4
520,83,0.02099442481994629,3
521,100,0.02500009536743164,5
522,97,0.020997285842895508,3
523,9,0.02002239227294922,3
524,20,0.024980545043945312,5
525,86,0.020002126693725586,2
526,31,0.02496027946472168,3
527,24,0.02503514289855957,5
528,97,0.016008377075195312,2
529,88,0.009972572326660156,1
530,14,0.02700352668762207,3
531,85,0.02700042724609375,5
532,35,0.010030984878540039,1
533,40,0.03195381164550781,5
534,14,0.028996706008911133,3
535,15,0.027004241943359375,3
536,19,0.026999711990356445,3
537,8,0.02099609375,2
538,24,0.022999048233032227,3
539,15,0.023006200790405273,3
540,38,0.01799488067626953,2
541,12,0.018000125885009766,2
542,26,0.02400517463684082,4
543,100,0.023022174835205078,3
544,11,0.027996301651000977,5
545,51,0.02300286293029785,2
546,9,0.021999359130859375,2
547,13,0.030999422073364258,5
548,20,0.025995731353759766,5
549,17,0.02200007438659668,4
550,46,0.03000164031982422,5
551,14,0.022002458572387695,2
552,10,0.016009807586669922,2
553,39,0.022986650466918945,3
554,26,0.02403092384338379,5
555,21,0.031967878341674805,5
556,59,0.023001909255981445,2
557,24,0.02099895477294922,3
558,42,0.021999835968017578,3
559,19,0.010999679565429688,1
560,93,0.022002458572387695,4
561,71,0.02499532699584961,5
562,58,0.021001338958740234,3
563,100,0.021999359130859375,3
564,8,0.027974605560302734,3
565,57,0.010999202728271484,1
566,100,0.03702044486999512,5
567,38,0.0169980525970459,2
568,12,0.02899622917175293,5
569,47,0.02000570297241211,2
570,24,0.02503371238708496,5
571,60,0.028047800064086914,3
572,71,0.03200197219848633,5
573,82,0.02496504783630371,5
574,20,0.02499866485595703,5
575,64,0.020999908447265625,4
576,27,0.028005361557006836,5
577,58,0.026021957397460938,5
578,17,0.016973257064819336,2
579,100,0.025066137313842773,5
580,15,0.01651930809020996,2
581,53,0.016011476516723633,2
582,72,0.031034469604492188,5
583,47,0.015976905822753906,2
584,12,0.020994901657104492,3
585,100,0.01399993896484375,2
586,48,0.01800227165222168,2
587,52,0.022028684616088867,4
588,9,0.02197098731994629,3
589,23,0.016027212142944336,2
590,10,0.024959564208984375,5
591,24,0.02300739288330078,4
592,100,0.021991968154907227,3
593,77,0.028000593185424805,5
594,30,0.010999679565429688,1
595,13,0.023994922637939453,3
596,30,0.023988008499145508,4
597,21,0.023004531860351562,4
598,37,0.033994436264038086,5
599,48,0.01900005340576172,3
600,71,0.026999473571777344,5
601,16,0.029003381729125977,5
602,19,0.031003713607788086,5
603,18,0.03000187873840332,5
604,72,0.023995637893676758,4
605,78,0.025005817413330078,5
606,38,0.016997814178466797,2
607,15,0.02500772476196289,3
608,51,0.029026031494140625,5
609,100,0.016017675399780273,2
610,73,0.015971660614013672,2
611,97,0.02501201629638672,5
612,32,0.023003339767456055,2
613,74,0.017000198364257812,2
614,20,0.021027326583862305,4
615,47,0.024966001510620117,5
616,21,0.00997781753540039,1
617,21,0.013998985290527344,1
618,32,0.026993751525878906,5
619,100,0.020015716552734375,3
620,33,0.023990869522094727,3
621,51,0.028989315032958984,5
622,10,0.025004148483276367,3
623,100,0.023988723754882812,4
624,40,0.027998685836791992,5
625,54,0.015001058578491211,2
626,63,0.03600120544433594,3
627,14,0.029000282287597656,3
628,79,0.019034147262573242,3
629,48,0.02527451515197754,4
630,23,0.026033878326416016,5
631,22,0.02300238609313965,4
632,33,0.01199960708618164,2
633,38,0.02499699592590332,2
634,100,0.02500128746032715,3
635,19,0.022999048233032227,3
636,21,0.022996902465820312,3
637,10,0.01900482177734375,2
638,94,0.0189974308013916,2
639,13,0.024512052536010742,5
640,74,0.023000478744506836,4
641,52,0.0390009880065918,5
642,25,0.024005413055419922,3
643,8,0.01799798011779785,2
644,25,0.023996591567993164,3
645,15,0.023003339767456055,4
646,48,0.025030851364135742,4
647,90,0.012984275817871094,1
648,45,0.020004987716674805,3
649,88,0.02699565887451172,5
650,40,0.0410006046295166,5
651,51,0.03600120544433594,5
652,25,0.027005910873413086,5
653,43,0.0240020751953125,3
654,31,0.0269930362701416,5
655,50,0.03600025177001953,5
656,33,0.017002105712890625,2
657,26,0.02702641487121582,4
658,37,0.021967649459838867,3
659,52,0.016002893447875977,2
660,17,0.03000020980834961,5
661,30,0.028011560440063477,3
662,63,0.021996498107910156,2
663,20,0.018027782440185547,2
664,41,0.020969390869140625,3
665,24,0.02200007438659668,3
666,32,0.020002365112304688,3
667,20,0.025998353958129883,5
668,12,0.02201557159423828,3
669,19,0.014983415603637695,2
670,50,0.021002769470214844,4
671,42,0.0210263729095459,4
672,55,0.015000104904174805,2
673,95,0.01596999168395996,2
674,32,0.025003671646118164,5
675,100,0.02500295639038086,2
676,43,0.02798628807067871,5
677,25,0.028000593185424805,3
678,12,0.02700185775756836,5
679,23,0.026000022888183594,3
680,39,0.02700185775756836,2
681,25,0.030027151107788086,5
682,65,0.019016504287719727,2
683,22,0.023056507110595703,2
684,60,0.023950576782226562,3
685,100,0.0260012149810791,5
686,35,0.009000062942504883,1
687,24,0.030004024505615234,5
688,24,0.01799774169921875,2
689,69,0.028001070022583008,5
690,100,0.031995296478271484,5
691,28,0.014996051788330078,2
692,10,0.02399921417236328,3
693,28,0.016094207763671875,2
694,100,0.021983861923217773,3
695,40,0.025972604751586914,4
696,21,0.024003028869628906,4
697,6,0.01803135871887207,2
698,24,0.01796889305114746,2
699,18,0.016994953155517578,2
700,16,0.022001028060913086,2
701,44,0.015035629272460938,2
702,58,0.025016069412231445,3
703,27,0.03196239471435547,5
704,33,0.032004594802856445,5
705,25,0.02100205421447754,4
706,54,0.022993087768554688,3
707,36,0.018997907638549805,2
708,51,0.01900196075439453,2
709,45,0.03699493408203125,5
710,31,0.02453160285949707,4
711,29,0.026529788970947266,5
712,37,0.028000593185424805,4
713,55,0.019998550415039062,3
714,44,0.02499985694885254,3
715,19,0.02899646759033203,5
716,14,0.02500009536743164,5
717,64,0.020999908447265625,2
718,42,0.023005008697509766,3
719,50,0.024994373321533203,5
720,23,0.014021873474121094,2
721,64,0.033977508544921875,4
722,40,0.02500176429748535,4
723,31,0.018018722534179688,2
724,21,0.02101302146911621,2
725,12,0.024973392486572266,5
726,32,0.028994083404541016,5
727,23,0.018989086151123047,2
728,33,0.016016483306884766,2
729,23,0.020993947982788086,3
730,26,0.01598954200744629,2
731,30,0.027034997940063477,4
732,51,0.017000198364257812,2
733,12,0.022995948791503906,2
734,42,0.022002220153808594,3
735,68,0.019994258880615234,3
736,79,0.024999141693115234,5
737,47,0.01700115203857422,2
738,39,0.021003007888793945,3
739,22,0.025998592376708984,5
740,80,0.028033733367919922,5
741,43,0.0250241756439209,3
742,29,0.015010356903076172,2
743,31,0.025992631912231445,3
744,72,0.020984888076782227,2
745,68,0.021006345748901367,3
746,12,0.020995378494262695,3
747,60,0.03200078010559082,5
748,45,0.024997472763061523,5
749,69,0.019998788833618164,4
750,52,0.023001909255981445,3
751,100,0.02700328826904297,5
752,19,0.011999130249023438,1
753,57,0.01699542999267578,2
754,42,0.020005226135253906,3
755,23,0.018033981323242188,2
756,18,0.028961658477783203,3
757,18,0.017004013061523438,2
758,26,0.013994932174682617,2
759,17,0.023004770278930664,4
760,32,0.02399611473083496,5
761,34,0.021126508712768555,2
762,55,0.02797532081604004,5
763,43,0.022997379302978516,3
764,18,0.01700592041015625,2
765,10,0.023998737335205078,5
766,22,0.010013341903686523,1
767,46,0.017004728317260742,2
768,17,0.02496480941772461,3
769,23,0.028002262115478516,3
770,9,0.02200007438659668,4
771,17,0.027514219284057617,3
772,27,0.01799917221069336,2
773,17,0.03799939155578613,5
774,71,0.035002708435058594,5
775,64,0.023028135299682617,4
776,100,0.02799510955810547,5
777,43,0.024962663650512695,5
778,64,0.023005247116088867,4
779,17,0.015996694564819336,2
780,22,0.015004634857177734,2
781,26,0.022023439407348633,2
782,13,0.029000282287597656,5
783,12,0.011001110076904297,1
784,19,0.01403045654296875,2
785,13,0.017968416213989258,2
786,100,0.026966094970703125,5
787,91,0.019005537033081055,2
788,73,0.030996084213256836,5
789,65,0.023031234741210938,3
790,41,0.020967721939086914,3
791,30,0.014997005462646484,2
792,62,0.017999887466430664,2
793,28,0.016001462936401367,2
794,43,0.023999452590942383,5
795,17,0.015999794006347656,2
796,37,0.016998767852783203,2
797,61,0.027004480361938477,5
798,71,0.01800251007080078,2
799,46,0.02998948097229004,5
800,18,0.021005630493164062,4
801,80,0.02099919319152832,2
802,20,0.010999917984008789,1
803,21,0.023998737335205078,3
804,36,0.03199648857116699,5
805,74,0.021004676818847656,3
806,33,0.017999649047851562,2
807,47,0.02699565887451172,5
808,50,0.021999835968017578,4
809,40,0.03000807762145996,5
810,62,0.027011632919311523,5
811,40,0.02398204803466797,3
812,63,0.018998146057128906,2
813,15,0.0260007381439209,5
814,34,0.03200244903564453,5
815,11,0.0260012149810791,5
816,34,0.0229952335357666,3
817,20,0.0200042724609375,2
818,12,0.018973350524902344,2
819,26,0.026999711990356445,3
820,35,0.023999452590942383,3
821,93,0.027001619338989258,3
822,32,0.024002790451049805,4
823,53,0.028995752334594727,4
824,27,0.02899789810180664,5
825,12,0.012001752853393555,1
826,29,0.02199721336364746,3
827,19,0.023003816604614258,3
828,24,0.027998685836791992,5
829,10,0.015996456146240234,2
830,100,0.033004045486450195,3
831,43,0.026000022888183594,5
832,66,0.023035287857055664,4
833,25,0.024990558624267578,5
834,31,0.020002126693725586,3
835,18,0.02500629425048828,3
836,10,0.01597118377685547,2
837,23,0.023993492126464844,5
838,9,0.017003297805786133,2
839,31,0.029015779495239258,5
840,72,0.020960092544555664,2
841,50,0.028003931045532227,3
842,33,0.02897477149963379,4
843,24,0.020022153854370117,3
844,61,0.022019386291503906,2
845,16,0.027963638305664062,3
846,84,0.017999887466430664,2
847,95,0.01703190803527832,2
848,25,0.02596259117126465,2
849,46,0.012004613876342773,1
850,18,0.030997276306152344,3
851,15,0.021998882293701172,4
852,10,0.0230255126953125,4
853,79,0.0250241756439209,2
854,97,0.0219881534576416,2
855,29,0.029003620147705078,4
856,35,0.01899862289428711,2
857,25,0.022001266479492188,2
858,48,0.028996944427490234,2
859,13,0.02699899673461914,5
860,56,0.028999805450439453,3
861,22,0.021564483642578125,3
862,48,0.015010833740234375,1
863,51,0.029010295867919922,5
864,33,0.02099442481994629,3
865,50,0.02499985694885254,5
866,100,0.02300238609313965,3
867,66,0.026998519897460938,5
868,79,0.025008201599121094,5
869,22,0.01898503303527832,3
870,15,0.028534650802612305,4
871,13,0.03001260757446289,3
872,25,0.01900959014892578,2
873,44,0.016965627670288086,2
874,20,0.021026611328125,4
875,57,0.03099513053894043,3
876,36,0.015008211135864258,2
877,30,0.015996456146240234,2
878,9,0.021001100540161133,3
879,51,0.026976823806762695,5
880,25,0.010039567947387695,1
881,18,0.022975683212280273,2
882,33,0.03197145462036133,3
883,99,0.0239715576171875,3
884,77,0.026993513107299805,3
885,100,0.012028217315673828,1
886,24,0.018997669219970703,3
887,29,0.017035245895385742,2
888,19,0.02896571159362793,5
889,41,0.025994539260864258,5
890,26,0.008999347686767578,1
891,16,0.025022029876708984,5
892,29,0.022014141082763672,4
893,68,0.027968645095825195,5
894,46,0.029000043869018555,5
895,11,0.017995119094848633,2
896,65,0.02300405502319336,4
897,34,0.02699875831604004,3
898,45,0.01899576187133789,3
899,47,0.024000167846679688,5
900,13,0.027000904083251953,3
901,15,0.022999286651611328,3
902,9,0.021001100540161133,3
903,36,0.020996809005737305,3
904,36,0.016993999481201172,2
905,8,0.03099679946899414,3
906,100,0.028003692626953125,5
907,28,0.025979042053222656,5
908,32,0.02604079246520996,5
909,34,0.026990652084350586,3
910,35,0.031047821044921875,3
911,35,0.027999162673950195,5
912,10,0.02700066566467285,5
913,45,0.02500772476196289,4
914,58,0.0269925594329834,3
915,72,0.018982410430908203,3
916,31,0.028002023696899414,3
917,23,0.02900409698486328,3
918,38,0.03199410438537598,5
919,64,0.025000333786010742,3
920,12,0.023038387298583984,4
921,27,0.01897263526916504,3
922,72,0.019989967346191406,3
923,20,0.0350034236907959,5
924,20,0.022998571395874023,4
925,17,0.0250089168548584,5
926,28,0.014981508255004883,2
927,27,0.01800394058227539,2
928,44,0.014000654220581055,1
929,14,0.02914738655090332,3
930,100,0.02696681022644043,5
931,45,0.025966644287109375,5
932,21,0.02700042724609375,5
933,39,0.024994850158691406,5
934,96,0.023998737335205078,5
935,31,0.01600337028503418,2
936,27,0.0240018367767334,4
937,63,0.02656269073486328,3
938,11,0.0229799747467041,3
939,27,0.021001815795898438,4
940,81,0.01599407196044922,2
941,83,0.018004894256591797,2
942,21,0.025995969772338867,5
943,16,0.029002666473388672,2
944,66,0.019002676010131836,2
945,43,0.020000934600830078,3
946,66,0.02897930145263672,2
947,96,0.0210115909576416,3
948,10,0.01700615882873535,2
949,10,0.025025367736816406,5
950,9,0.026969432830810547,3
951,72,0.03502941131591797,4
952,76,0.02099895477294922,3
953,48,0.024995803833007812,5
954,12,0.021033525466918945,3
955,45,0.016987085342407227,2
956,33,0.017003774642944336,2
957,10,0.03501486778259277,5
958,51,0.018984556198120117,2
959,88,0.020997285842895508,3
960,62,0.025000810623168945,5
961,38,0.02499699592590332,5
962,73,0.03200030326843262,5
963,51,0.024999141693115234,5
964,18,0.02100086212158203,2
965,32,0.02000284194946289,2
966,17,0.013978719711303711,2
967,48,0.025003433227539062,5
968,61,0.023000717163085938,3
969,20,0.019019603729248047,1
970,24,0.025027751922607422,5
971,12,0.028982162475585938,5
972,100,0.028987884521484375,5
973,64,0.01600050926208496,2
974,31,0.02199411392211914,2
975,34,0.021005868911743164,3
976,62,0.015993833541870117,2
977,19,0.03200221061706543,5
978,64,0.01200103759765625,1
979,58,0.020999908447265625,4
980,51,0.020002365112304688,3
981,50,0.021034717559814453,3
982,30,0.023967742919921875,5
983,19,0.015028715133666992,2
984,13,0.02099466323852539,4
985,18,0.012003660202026367,1
986,67,0.0260012149810791,3
987,50,0.022000551223754883,3
988,31,0.0359954833984375,5
989,57,0.019002914428710938,2
990,100,0.019999265670776367,2
991,30,0.019002199172973633,2
992,19,0.0170135498046875,2
993,100,0.013004302978515625,1
994,100,0.027003049850463867,5
995,35,0.02502894401550293,4
996,75,0.021005868911743164,2
997,7,0.011972665786743164,1
998,36,0.025037527084350586,3
999,76,0.019980907440185547,4
