Episode,Steps,Time,Converged at Iterations
0,22,0.02700662612915039,3
1,53,0.029018402099609375,5
2,77,0.020968198776245117,3
3,55,0.026018381118774414,5
4,96,0.024982452392578125,5
5,12,0.0330047607421875,5
6,21,0.025027036666870117,2
7,33,0.012969970703125,1
8,86,0.0250089168548584,2
9,100,0.02899003028869629,4
10,47,0.019991636276245117,2
11,18,0.030002832412719727,5
12,26,0.02599310874938965,3
13,14,0.022000551223754883,2
14,75,0.02299952507019043,3
15,27,0.026999235153198242,3
16,10,0.019010066986083984,2
17,28,0.022990703582763672,3
18,32,0.03200101852416992,3
19,100,0.02099752426147461,4
20,25,0.023998498916625977,5
21,19,0.024023056030273438,2
22,47,0.023970365524291992,5
23,68,0.01699995994567871,2
24,41,0.013021707534790039,1
25,93,0.02497100830078125,5
26,41,0.024030447006225586,5
27,12,0.01699376106262207,2
28,47,0.016976356506347656,2
29,10,0.018033504486083984,2
30,19,0.021987199783325195,4
31,74,0.022978544235229492,3
32,79,0.0220034122467041,4
33,27,0.022021770477294922,4
34,35,0.01899886131286621,2
35,17,0.02199554443359375,3
36,27,0.015000104904174805,2
37,42,0.01600027084350586,2
38,73,0.02100968360900879,2
39,53,0.025971651077270508,5
40,25,0.025555849075317383,5
41,22,0.023546218872070312,2
42,39,0.02299976348876953,2
43,100,0.01900029182434082,3
44,63,0.018999576568603516,2
45,27,0.016002416610717773,2
46,18,0.016000032424926758,2
47,46,0.027003765106201172,5
48,100,0.007998466491699219,1
49,27,0.0200042724609375,3
50,25,0.015001773834228516,2
51,71,0.025041818618774414,3
52,6,0.021938562393188477,2
53,9,0.030997037887573242,5
54,100,0.010000467300415039,1
55,16,0.017000198364257812,2
56,21,0.020007610321044922,2
57,8,0.020995140075683594,4
58,43,0.026010990142822266,5
59,82,0.0159909725189209,2
60,23,0.015984773635864258,2
61,11,0.02202439308166504,3
62,28,0.018967866897583008,2
63,19,0.037024736404418945,5
64,23,0.0280001163482666,3
65,20,0.03702282905578613,5
66,14,0.04097604751586914,5
67,11,0.031000614166259766,3
68,70,0.024999380111694336,3
69,8,0.034998416900634766,5
70,29,0.03100299835205078,4
71,61,0.03600144386291504,5
72,39,0.02099752426147461,2
73,27,0.034002065658569336,5
74,71,0.03900027275085449,3
75,31,0.03499913215637207,3
76,47,0.030997276306152344,2
77,100,0.029001712799072266,2
78,16,0.02399420738220215,2
79,100,0.049002647399902344,5
80,11,0.03799939155578613,5
81,18,0.02400040626525879,1
82,42,0.016999483108520508,1
83,19,0.04900026321411133,5
84,35,0.03399944305419922,2
85,38,0.047998905181884766,5
86,62,0.025998830795288086,1
87,18,0.037996768951416016,2
88,18,0.04100203514099121,4
89,15,0.02099609375,1
90,100,0.03900408744812012,5
91,17,0.024004697799682617,2
92,100,0.025997400283813477,3
93,37,0.027996301651000977,4
94,41,0.03499865531921387,5
95,15,0.026001453399658203,3
96,22,0.029024600982666016,4
97,24,0.037978172302246094,5
98,15,0.017997264862060547,2
99,12,0.02600407600402832,3
100,16,0.034995317459106445,5
101,47,0.02899956703186035,5
102,27,0.026002168655395508,2
103,56,0.019997835159301758,2
104,10,0.019001245498657227,2
105,43,0.026999950408935547,5
106,39,0.03102254867553711,5
107,43,0.020000696182250977,2
108,27,0.02700066566467285,4
109,26,0.02499985694885254,3
110,100,0.03199887275695801,5
111,17,0.02900242805480957,5
112,18,0.024997472763061523,4
113,100,0.028001070022583008,5
114,13,0.020032644271850586,3
115,30,0.026968002319335938,3
116,81,0.025004148483276367,3
117,24,0.038982391357421875,3
118,14,0.029996633529663086,5
119,14,0.025998830795288086,3
120,55,0.030000925064086914,5
121,18,0.018999814987182617,2
122,58,0.02200174331665039,3
123,44,0.02099919319152832,2
124,15,0.02399921417236328,4
125,16,0.015999555587768555,2
126,42,0.024999141693115234,3
127,46,0.02300095558166504,3
128,15,0.023999929428100586,4
129,15,0.030007362365722656,4
130,100,0.017992019653320312,2
131,19,0.020001649856567383,2
132,18,0.02800464630126953,3
133,12,0.025994539260864258,3
134,100,0.025036096572875977,2
135,22,0.021972179412841797,3
136,24,0.024997472763061523,2
137,72,0.026998281478881836,5
138,22,0.0260159969329834,2
139,87,0.025002717971801758,3
140,41,0.019983530044555664,3
141,100,0.016991138458251953,2
142,19,0.012021541595458984,1
143,35,0.024019241333007812,4
144,15,0.03301286697387695,5
145,35,0.026987314224243164,3
146,37,0.0149993896484375,2
147,33,0.019002676010131836,2
148,33,0.022995948791503906,3
149,25,0.04300546646118164,5
150,59,0.027040958404541016,3
151,33,0.023000240325927734,3
152,47,0.018999338150024414,2
153,91,0.016995906829833984,2
154,31,0.02500295639038086,4
155,21,0.018001794815063477,2
156,58,0.031995534896850586,5
157,27,0.031001806259155273,3
158,15,0.025998353958129883,3
159,11,0.03601956367492676,5
160,36,0.02698040008544922,5
161,13,0.021000385284423828,3
162,41,0.022005796432495117,3
163,49,0.02300119400024414,4
164,51,0.02702188491821289,5
165,10,0.011966943740844727,2
166,77,0.022997140884399414,4
167,38,0.017846345901489258,2
168,36,0.030033588409423828,4
169,35,0.022967815399169922,3
170,13,0.01599597930908203,1
171,23,0.022003889083862305,2
172,35,0.021996259689331055,3
173,94,0.028996706008911133,3
174,26,0.02799820899963379,5
175,58,0.028999805450439453,3
176,47,0.026998519897460938,2
177,31,0.03500103950500488,3
178,42,0.034998178482055664,5
179,20,0.02700209617614746,3
180,100,0.029998779296875,3
181,11,0.01700305938720703,2
182,79,0.03302645683288574,5
183,23,0.016970157623291016,2
184,15,0.02704477310180664,5
185,10,0.03000497817993164,4
186,23,0.022994518280029297,2
187,10,0.016005277633666992,2
188,13,0.023998737335205078,3
189,8,0.017002105712890625,2
190,28,0.02599787712097168,5
191,43,0.020002126693725586,2
192,7,0.02401447296142578,4
193,8,0.015993833541870117,2
194,23,0.015005826950073242,2
195,88,0.02999424934387207,5
196,42,0.0265200138092041,5
197,55,0.019511938095092773,3
198,45,0.015002012252807617,2
199,25,0.024997711181640625,5
200,12,0.02499985694885254,5
201,62,0.01700282096862793,2
202,29,0.03299760818481445,5
203,41,0.016000032424926758,2
204,28,0.026004552841186523,3
205,22,0.0229947566986084,4
206,44,0.027034997940063477,3
207,20,0.016002178192138672,2
208,54,0.02799844741821289,5
209,81,0.010028362274169922,1
210,100,0.029993295669555664,3
211,73,0.02000260353088379,3
212,41,0.027004718780517578,3
213,23,0.02699565887451172,3
214,44,0.019000768661499023,2
215,31,0.017001867294311523,2
216,57,0.029999732971191406,5
217,30,0.03299665451049805,5
218,13,0.03604698181152344,5
219,14,0.02295517921447754,4
220,10,0.022003173828125,2
221,11,0.02602362632751465,5
222,28,0.023006677627563477,3
223,75,0.023963451385498047,3
224,45,0.016005277633666992,2
225,13,0.022037267684936523,3
226,17,0.0169827938079834,2
227,36,0.02197408676147461,4
228,14,0.02500462532043457,5
229,36,0.03500723838806152,5
230,50,0.018994569778442383,2
231,56,0.022000551223754883,3
232,21,0.0220034122467041,4
233,23,0.02402043342590332,3
234,48,0.022980690002441406,3
235,53,0.022977113723754883,3
236,51,0.029992341995239258,5
237,23,0.019995689392089844,3
238,16,0.019003868103027344,3
239,28,0.025002241134643555,5
240,41,0.027009963989257812,5
241,22,0.02100825309753418,2
242,64,0.024004459381103516,5
243,64,0.01500248908996582,2
244,71,0.014993906021118164,2
245,24,0.02900528907775879,5
246,51,0.025025367736816406,3
247,12,0.01901721954345703,2
248,40,0.021015167236328125,3
249,23,0.02496051788330078,3
250,29,0.017989158630371094,2
251,30,0.0229799747467041,3
252,10,0.029996633529663086,3
253,36,0.021014690399169922,3
254,100,0.009989500045776367,1
255,65,0.018000364303588867,2
256,50,0.022035837173461914,3
257,55,0.031028032302856445,5
258,36,0.03197193145751953,5
259,53,0.020973682403564453,4
260,16,0.02701735496520996,5
261,22,0.02599477767944336,3
262,64,0.024015188217163086,5
263,67,0.015994548797607422,2
264,30,0.017630815505981445,2
265,23,0.01099395751953125,1
266,13,0.018004655838012695,2
267,15,0.03499650955200195,5
268,31,0.01799917221069336,2
269,66,0.01802372932434082,2
270,100,0.020999431610107422,3
271,9,0.018000125885009766,2
272,41,0.016997098922729492,2
273,19,0.024026155471801758,5
274,55,0.019995927810668945,2
275,11,0.020063400268554688,3
276,70,0.01601433753967285,2
277,75,0.020966529846191406,4
278,59,0.02600264549255371,5
279,67,0.01898980140686035,2
280,29,0.017993927001953125,2
281,30,0.019004344940185547,2
282,28,0.025995969772338867,3
283,58,0.027002573013305664,3
284,11,0.023030996322631836,2
285,24,0.019962072372436523,3
286,15,0.018004179000854492,2
287,53,0.014030933380126953,1
288,14,0.025002717971801758,5
289,24,0.02700042724609375,5
290,96,0.02200031280517578,3
291,11,0.016000032424926758,2
292,100,0.021996021270751953,3
293,25,0.01800370216369629,2
294,52,0.016995906829833984,2
295,32,0.025005817413330078,5
296,30,0.02497124671936035,4
297,70,0.021001100540161133,3
298,73,0.01799917221069336,2
299,71,0.014005184173583984,2
300,20,0.025023937225341797,3
301,43,0.02597784996032715,5
302,100,0.02403545379638672,3
303,49,0.0249941349029541,2
304,14,0.025005578994750977,5
305,17,0.028966188430786133,5
306,70,0.020998716354370117,2
307,30,0.028043031692504883,5
308,37,0.01895451545715332,2
309,34,0.024024009704589844,5
310,78,0.01299595832824707,1
311,17,0.021031856536865234,2
312,23,0.021964550018310547,3
313,16,0.025003433227539062,5
314,23,0.016028642654418945,2
315,14,0.024967432022094727,5
316,67,0.01602005958557129,2
317,17,0.023022890090942383,3
318,34,0.018956422805786133,3
319,9,0.02400517463684082,5
320,8,0.018002748489379883,2
321,47,0.02400493621826172,5
322,89,0.02197575569152832,3
323,27,0.024007558822631836,2
324,29,0.023992538452148438,2
325,47,0.025997161865234375,5
326,20,0.017009735107421875,2
327,64,0.02398967742919922,5
328,16,0.015003204345703125,2
329,40,0.024994850158691406,3
330,100,0.02802729606628418,5
331,8,0.017997026443481445,2
332,20,0.022995948791503906,3
333,40,0.023005962371826172,4
334,56,0.027999401092529297,3
335,58,0.016994714736938477,2
336,76,0.028010845184326172,2
337,23,0.027000904083251953,5
338,56,0.013001203536987305,1
339,17,0.026648521423339844,5
340,41,0.03145885467529297,5
341,65,0.025964021682739258,4
342,34,0.025998830795288086,5
343,12,0.025005578994750977,3
344,15,0.02199554443359375,2
345,12,0.020003080368041992,3
346,100,0.02500009536743164,5
347,18,0.016995668411254883,2
348,26,0.025019407272338867,5
349,15,0.018999576568603516,3
350,28,0.016026973724365234,2
351,41,0.015988826751708984,2
352,24,0.019002676010131836,2
353,14,0.028087615966796875,5
354,20,0.02799391746520996,5
355,92,0.023998260498046875,3
356,14,0.03198051452636719,5
357,16,0.017995834350585938,2
358,13,0.027021169662475586,3
359,47,0.015983104705810547,2
360,59,0.0249941349029541,2
361,23,0.024004220962524414,5
362,22,0.018996477127075195,3
363,24,0.020004987716674805,3
364,48,0.024997472763061523,3
365,69,0.02599811553955078,5
366,52,0.020998716354370117,3
367,59,0.026999473571777344,4
368,33,0.009000062942504883,1
369,47,0.027001142501831055,3
370,61,0.021998882293701172,3
371,26,0.016000032424926758,2
372,19,0.022000551223754883,3
373,7,0.02000117301940918,2
374,19,0.027001380920410156,2
375,14,0.018002033233642578,2
376,71,0.02200937271118164,3
377,22,0.021991491317749023,4
378,83,0.03200078010559082,5
379,51,0.017984628677368164,2
380,52,0.023998737335205078,4
381,41,0.012000560760498047,1
382,62,0.02599501609802246,5
383,57,0.025027036666870117,3
384,34,0.018032073974609375,2
385,39,0.015961647033691406,2
386,100,0.016000032424926758,2
387,44,0.0220029354095459,4
388,20,0.021001815795898438,2
389,41,0.02402353286743164,5
390,13,0.021001577377319336,4
391,22,0.016000747680664062,2
392,14,0.019031524658203125,3
393,31,0.01196908950805664,1
394,36,0.028999805450439453,5
395,30,0.025994539260864258,5
396,15,0.023003816604614258,4
397,37,0.024001359939575195,2
398,28,0.024994611740112305,4
399,51,0.015030384063720703,1
400,21,0.025974035263061523,5
401,12,0.023998498916625977,5
402,100,0.02799844741821289,3
403,44,0.022998332977294922,3
404,83,0.02500462532043457,3
405,89,0.014027595520019531,1
406,31,0.019996166229248047,3
407,13,0.02399611473083496,3
408,43,0.02200460433959961,3
409,20,0.023021697998046875,3
410,11,0.027978181838989258,3
411,95,0.02700018882751465,5
412,8,0.024980545043945312,4
413,26,0.0240020751953125,3
414,61,0.023999929428100586,5
415,100,0.02400040626525879,3
416,12,0.017004728317260742,2
417,100,0.019006729125976562,3
418,99,0.025965213775634766,5
419,61,0.01900625228881836,2
420,25,0.008997917175292969,1
421,30,0.020996570587158203,4
422,16,0.02100539207458496,3
423,24,0.023977994918823242,5
424,15,0.023996591567993164,4
425,42,0.02504134178161621,5
426,13,0.023993253707885742,3
427,61,0.00899958610534668,1
428,100,0.015999555587768555,2
429,33,0.016022920608520508,2
430,34,0.024979829788208008,3
431,13,0.028044462203979492,4
432,50,0.021002769470214844,3
433,11,0.00997614860534668,1
434,28,0.02499842643737793,3
435,12,0.029996633529663086,4
436,14,0.009999275207519531,1
437,28,0.03600597381591797,5
438,30,0.026994943618774414,2
439,37,0.016999244689941406,2
440,31,0.011000871658325195,1
441,24,0.019516468048095703,3
442,90,0.01703810691833496,2
443,11,0.025043964385986328,3
444,80,0.00998830795288086,1
445,93,0.02699899673461914,3
446,64,0.020973920822143555,2
447,28,0.03099799156188965,5
448,40,0.015005826950073242,2
449,12,0.013962507247924805,2
450,40,0.029041051864624023,5
451,21,0.017974138259887695,2
452,100,0.01298832893371582,2
453,10,0.02099609375,2
454,65,0.026000261306762695,3
455,28,0.024999141693115234,5
456,27,0.022002696990966797,3
457,23,0.028031587600708008,5
458,28,0.018001079559326172,2
459,17,0.015996217727661133,2
460,50,0.02797389030456543,3
461,100,0.016994237899780273,2
462,51,0.021026134490966797,3
463,15,0.02100849151611328,2
464,61,0.024963855743408203,5
465,73,0.02300286293029785,3
466,54,0.02699899673461914,5
467,38,0.01601433753967285,2
468,36,0.02401900291442871,5
469,40,0.03099536895751953,5
470,16,0.019999265670776367,2
471,13,0.031998634338378906,5
472,24,0.027001142501831055,3
473,15,0.016005277633666992,2
474,41,0.013993978500366211,2
475,93,0.022000551223754883,2
476,13,0.02608942985534668,4
477,28,0.026998281478881836,5
478,100,0.027010202407836914,5
479,24,0.01098179817199707,1
480,65,0.02699732780456543,3
481,89,0.028003215789794922,5
482,79,0.01699972152709961,2
483,52,0.03199458122253418,5
484,42,0.022005081176757812,3
485,38,0.018998384475708008,2
486,9,0.021999835968017578,3
487,43,0.02399897575378418,4
488,100,0.013997316360473633,2
489,15,0.02200007438659668,3
490,14,0.020004749298095703,2
491,52,0.029996633529663086,3
492,27,0.02500152587890625,5
493,39,0.0320429801940918,5
494,18,0.018995285034179688,2
495,44,0.028000354766845703,5
496,25,0.01100015640258789,1
497,30,0.019030094146728516,2
498,17,0.019978761672973633,2
499,17,0.017006397247314453,2
500,20,0.011989593505859375,1
501,67,0.020003795623779297,3
502,32,0.01199650764465332,1
503,85,0.020028352737426758,2
504,12,0.02597498893737793,5
505,69,0.02400040626525879,5
506,53,0.021004676818847656,4
507,45,0.0199735164642334,3
508,26,0.025003671646118164,3
509,35,0.016000032424926758,2
510,19,0.023998498916625977,4
511,29,0.025997400283813477,5
512,82,0.016002416610717773,2
513,21,0.021997690200805664,3
514,20,0.03099966049194336,5
515,61,0.02100348472595215,3
516,19,0.017000198364257812,2
517,8,0.021997690200805664,2
518,14,0.018999338150024414,2
519,31,0.022000789642333984,3
520,12,0.0200192928314209,2
521,45,0.02198314666748047,3
522,9,0.022995948791503906,4
523,100,0.02200937271118164,3
524,53,0.01497030258178711,2
525,36,0.02700185775756836,5
526,61,0.024004697799682617,3
527,43,0.019973278045654297,3
528,43,0.03399515151977539,5
529,43,0.03000497817993164,5
530,22,0.02699899673461914,5
531,7,0.01299595832824707,2
532,32,0.01700282096862793,2
533,14,0.02302837371826172,3
534,21,0.017997264862060547,2
535,21,0.016025304794311523,2
536,52,0.02097463607788086,3
537,31,0.02704000473022461,5
538,21,0.02500176429748535,3
539,8,0.023030519485473633,2
540,47,0.019965410232543945,2
541,35,0.01799798011779785,2
542,41,0.03304433822631836,5
543,31,0.027103900909423828,4
544,20,0.01697087287902832,2
545,48,0.020987749099731445,4
546,39,0.026002883911132812,5
547,31,0.023993730545043945,5
548,36,0.012006282806396484,1
549,88,0.017998695373535156,2
550,100,0.012995004653930664,1
551,44,0.026000499725341797,3
552,19,0.024007558822631836,3
553,23,0.02799844741821289,5
554,28,0.016996383666992188,2
555,24,0.018999099731445312,2
556,56,0.02400040626525879,4
557,79,0.025017738342285156,4
558,45,0.024997949600219727,5
559,61,0.02299976348876953,4
560,29,0.01899552345275879,3
561,34,0.02499985694885254,5
562,72,0.025043010711669922,2
563,56,0.02496790885925293,3
564,35,0.02859187126159668,5
565,34,0.02698540687561035,5
566,38,0.014999628067016602,2
567,42,0.026000499725341797,2
568,73,0.011002063751220703,1
569,24,0.02799701690673828,2
570,18,0.02499866485595703,3
571,10,0.029999971389770508,5
572,100,0.020006418228149414,3
573,64,0.02402520179748535,3
574,19,0.028005361557006836,5
575,14,0.019994020462036133,2
576,40,0.021006107330322266,2
577,29,0.03699636459350586,5
578,35,0.017004728317260742,2
579,41,0.02000284194946289,2
580,26,0.031995534896850586,3
581,15,0.020005226135253906,3
582,51,0.02400994300842285,5
583,28,0.022997140884399414,3
584,91,0.0309903621673584,5
585,9,0.024997711181640625,5
586,38,0.021003246307373047,3
587,57,0.015002012252807617,2
588,61,0.02197098731994629,3
589,31,0.019002437591552734,2
590,61,0.015996217727661133,2
591,36,0.016006946563720703,2
592,19,0.014993906021118164,2
593,31,0.027003049850463867,3
594,99,0.024016857147216797,5
595,41,0.023000001907348633,3
596,100,0.02703690528869629,5
597,100,0.02597951889038086,3
598,21,0.00899958610534668,1
599,19,0.021038532257080078,4
600,27,0.026032209396362305,4
601,23,0.02396416664123535,3
602,19,0.024004220962524414,3
603,9,0.022991657257080078,3
604,27,0.03000497817993164,5
605,14,0.026000261306762695,4
606,17,0.021996259689331055,4
607,24,0.027005672454833984,5
608,100,0.027974367141723633,5
609,17,0.020003318786621094,3
610,49,0.02800726890563965,4
611,20,0.014968395233154297,2
612,6,0.02200007438659668,3
613,14,0.018002748489379883,2
614,35,0.03602123260498047,5
615,69,0.016013622283935547,2
616,31,0.020987510681152344,2
617,57,0.008992910385131836,1
618,53,0.027998924255371094,3
619,22,0.0279996395111084,4
620,12,0.022004127502441406,4
621,100,0.02400040626525879,5
622,100,0.031999826431274414,5
623,13,0.019996166229248047,3
624,25,0.022999048233032227,5
625,78,0.016003847122192383,2
626,10,0.028003692626953125,5
627,19,0.0270383358001709,4
628,12,0.02697896957397461,4
629,43,0.016011476516723633,1
630,32,0.01803112030029297,2
631,23,0.011992692947387695,1
632,52,0.027985811233520508,5
633,22,0.03303194046020508,3
634,39,0.031980037689208984,5
635,26,0.027555227279663086,4
636,28,0.028000831604003906,5
637,48,0.030981779098510742,5
638,17,0.01899862289428711,2
639,43,0.026001453399658203,5
640,27,0.017000198364257812,2
641,100,0.02099895477294922,3
642,50,0.026003360748291016,5
643,18,0.028009414672851562,5
644,28,0.009985923767089844,1
645,54,0.02600383758544922,5
646,16,0.01599597930908203,2
647,28,0.02100396156311035,3
648,100,0.019989490509033203,3
649,23,0.025037527084350586,5
650,89,0.02399420738220215,3
651,23,0.02599954605102539,5
652,37,0.01699972152709961,2
653,57,0.0240018367767334,3
654,13,0.029001235961914062,3
655,100,0.014995098114013672,2
656,100,0.02603316307067871,5
657,28,0.020998001098632812,4
658,21,0.026017189025878906,3
659,21,0.020979881286621094,4
660,76,0.02102518081665039,4
661,19,0.014995574951171875,2
662,53,0.024995803833007812,5
663,16,0.02902984619140625,3
664,27,0.025002241134643555,2
665,16,0.028996706008911133,5
666,9,0.017993927001953125,2
667,39,0.02301645278930664,4
668,10,0.025983810424804688,5
669,88,0.023999691009521484,5
670,53,0.025999784469604492,5
671,34,0.024028301239013672,5
672,48,0.020978689193725586,4
673,15,0.025000810623168945,5
674,48,0.021034955978393555,2
675,48,0.014007806777954102,2
676,18,0.01800060272216797,2
677,26,0.021025419235229492,3
678,30,0.012001514434814453,2
679,38,0.021988868713378906,3
680,72,0.01600480079650879,2
681,38,0.018972396850585938,2
682,9,0.0249941349029541,3
683,81,0.02999591827392578,3
684,66,0.01900196075439453,2
685,100,0.02210235595703125,3
686,37,0.021021127700805664,4
687,15,0.024990081787109375,5
688,19,0.02199387550354004,3
689,26,0.021996736526489258,2
690,17,0.021004915237426758,3
691,12,0.019997596740722656,3
692,36,0.015019893646240234,2
693,18,0.016008853912353516,2
694,27,0.030989646911621094,5
695,52,0.02954721450805664,5
696,35,0.012983322143554688,2
697,19,0.016000032424926758,2
698,45,0.026998281478881836,5
699,20,0.025002717971801758,5
700,30,0.023997783660888672,4
701,73,0.01800060272216797,2
702,79,0.01601243019104004,2
703,94,0.01701188087463379,2
704,31,0.02899646759033203,3
705,13,0.008995532989501953,1
706,100,0.017032623291015625,2
707,12,0.018967628479003906,3
708,47,0.02500748634338379,4
709,85,0.020992755889892578,3
710,90,0.03003835678100586,5
711,27,0.023960351943969727,5
712,10,0.011998176574707031,1
713,99,0.020999431610107422,4
714,43,0.029003620147705078,4
715,12,0.019982576370239258,4
716,45,0.021971464157104492,3
717,46,0.022999048233032227,3
718,30,0.024998903274536133,5
719,45,0.026998519897460938,5
720,100,0.02700018882751465,3
721,12,0.019002199172973633,2
722,51,0.024039506912231445,3
723,66,0.022992372512817383,3
724,34,0.014974117279052734,2
725,44,0.02300238609313965,4
726,17,0.024000167846679688,4
727,43,0.02601456642150879,5
728,45,0.028003215789794922,4
729,29,0.0169980525970459,2
730,25,0.018000125885009766,2
731,55,0.02199721336364746,3
732,43,0.01700425148010254,2
733,62,0.03199958801269531,5
734,36,0.027005434036254883,3
735,100,0.03398585319519043,5
736,35,0.015996217727661133,2
737,19,0.016000032424926758,2
738,43,0.02700185775756836,5
739,32,0.025019407272338867,4
740,55,0.022983074188232422,3
741,20,0.025004148483276367,5
742,97,0.020992755889892578,3
743,12,0.009999990463256836,1
744,19,0.02599954605102539,3
745,18,0.0260007381439209,5
746,50,0.026000022888183594,4
747,55,0.0280001163482666,3
748,100,0.029996395111083984,5
749,56,0.03000187873840332,3
750,100,0.024004459381103516,5
751,22,0.020000696182250977,4
752,11,0.023998022079467773,4
753,24,0.026000499725341797,5
754,54,0.018029451370239258,2
755,28,0.015017032623291016,2
756,19,0.028977632522583008,3
757,17,0.031995534896850586,5
758,37,0.019003868103027344,2
759,80,0.023006439208984375,3
760,26,0.022977352142333984,3
761,79,0.010019063949584961,1
762,7,0.01599884033203125,2
763,79,0.018004179000854492,2
764,67,0.009009838104248047,1
765,96,0.03296303749084473,5
766,32,0.02101445198059082,3
767,33,0.020965099334716797,3
768,39,0.01602482795715332,2
769,37,0.025980472564697266,5
770,25,0.017009258270263672,2
771,26,0.025966882705688477,3
772,53,0.021001577377319336,3
773,68,0.029999732971191406,3
774,32,0.030036211013793945,5
775,98,0.02896714210510254,5
776,70,0.0259706974029541,3
777,16,0.022000789642333984,3
778,52,0.024997472763061523,5
779,41,0.015519142150878906,2
780,42,0.01851940155029297,2
781,35,0.0319979190826416,4
782,47,0.014001607894897461,1
783,100,0.01599907875061035,2
784,38,0.02299356460571289,3
785,51,0.022002220153808594,2
786,76,0.021996021270751953,3
787,70,0.02700328826904297,3
788,24,0.028002023696899414,5
789,14,0.02099919319152832,3
790,91,0.020996809005737305,3
791,59,0.02199864387512207,4
792,69,0.027016639709472656,5
793,6,0.012996196746826172,2
794,10,0.022535324096679688,3
795,7,0.016971588134765625,2
796,57,0.025002479553222656,4
797,90,0.020005226135253906,3
798,100,0.024969100952148438,4
799,80,0.027998685836791992,5
800,17,0.03200054168701172,5
801,100,0.010001420974731445,1
802,38,0.025001049041748047,5
803,43,0.024998903274536133,5
804,43,0.023999452590942383,5
805,44,0.025001049041748047,5
806,100,0.029002666473388672,5
807,13,0.023998260498046875,4
808,28,0.02700066566467285,5
809,34,0.020003557205200195,3
810,22,0.01999974250793457,3
811,25,0.01900196075439453,3
812,29,0.02199411392211914,4
813,20,0.027999401092529297,5
814,8,0.011005163192749023,1
815,14,0.02499675750732422,3
816,18,0.020003080368041992,2
817,37,0.02799844741821289,5
818,14,0.023002147674560547,2
819,83,0.01899433135986328,2
820,20,0.016032695770263672,2
821,31,0.02497386932373047,3
822,18,0.02403545379638672,3
823,63,0.025973081588745117,3
824,12,0.025980472564697266,4
825,25,0.021001100540161133,4
826,22,0.020001888275146484,2
827,38,0.029037952423095703,5
828,64,0.022966861724853516,3
829,57,0.021020889282226562,3
830,52,0.015979766845703125,2
831,11,0.01699233055114746,2
832,41,0.01601099967956543,2
833,14,0.02599787712097168,5
834,33,0.02400040626525879,5
835,11,0.013998985290527344,2
836,8,0.021996736526489258,4
837,77,0.02399921417236328,5
838,27,0.031017780303955078,5
839,27,0.020979642868041992,3
840,55,0.021016836166381836,3
841,100,0.0219879150390625,3
842,13,0.020032405853271484,2
843,19,0.02196502685546875,4
844,18,0.019002676010131836,3
845,31,0.019996166229248047,4
846,60,0.021003007888793945,3
847,12,0.01600193977355957,2
848,32,0.01599431037902832,2
849,31,0.028000593185424805,2
850,59,0.023035049438476562,3
851,40,0.026016950607299805,3
852,72,0.017995595932006836,2
853,21,0.028003454208374023,3
854,69,0.021999597549438477,3
855,13,0.023996353149414062,3
856,18,0.025004148483276367,4
857,41,0.02701735496520996,5
858,45,0.028982162475585938,5
859,39,0.021998882293701172,3
860,39,0.02603888511657715,2
861,23,0.023993968963623047,5
862,59,0.01900029182434082,3
863,27,0.02703070640563965,3
864,46,0.03397178649902344,5
865,38,0.018998384475708008,2
866,21,0.023001432418823242,3
867,16,0.023990631103515625,3
868,46,0.016000032424926758,1
869,77,0.023998260498046875,3
870,34,0.021001815795898438,2
871,52,0.017991065979003906,2
872,100,0.033995866775512695,5
873,23,0.02003955841064453,3
874,31,0.023997068405151367,2
875,37,0.027966976165771484,3
876,24,0.03299999237060547,5
877,82,0.017998218536376953,2
878,14,0.023998737335205078,3
879,62,0.02900075912475586,5
880,10,0.025049686431884766,5
881,55,0.022014379501342773,4
882,7,0.02498316764831543,5
883,43,0.020003557205200195,3
884,13,0.0150146484375,2
885,17,0.01699376106262207,2
886,52,0.01698756217956543,2
887,27,0.027981042861938477,3
888,100,0.03200030326843262,5
889,34,0.015000343322753906,2
890,74,0.013015270233154297,1
891,100,0.018997907638549805,3
892,30,0.028000354766845703,5
893,50,0.026000022888183594,5
894,13,0.011995792388916016,1
895,15,0.02300405502319336,3
896,43,0.014008045196533203,2
897,21,0.01802825927734375,2
898,42,0.030965566635131836,5
899,29,0.028981685638427734,5
900,18,0.022998332977294922,4
901,59,0.017016887664794922,2
902,15,0.016971588134765625,2
903,25,0.026997804641723633,5
904,67,0.0260012149810791,5
905,59,0.01600050926208496,2
906,22,0.026996612548828125,5
907,38,0.016998291015625,2
908,51,0.022994279861450195,3
909,32,0.025003910064697266,2
910,86,0.031002521514892578,5
911,24,0.025003433227539062,5
912,40,0.019994258880615234,3
913,37,0.022001028060913086,3
914,47,0.025998830795288086,5
915,11,0.01800060272216797,2
916,54,0.028002023696899414,5
917,17,0.029006481170654297,4
918,51,0.03703451156616211,5
919,60,0.01595783233642578,2
920,47,0.012006521224975586,1
921,22,0.023987531661987305,3
922,68,0.029004812240600586,5
923,100,0.01996922492980957,4
924,15,0.021002531051635742,3
925,29,0.022998809814453125,5
926,16,0.02399611473083496,5
927,14,0.016004323959350586,2
928,23,0.014995813369750977,2
929,20,0.010023832321166992,1
930,28,0.016019582748413086,2
931,55,0.018993139266967773,3
932,21,0.022000789642333984,3
933,53,0.018999576568603516,3
934,33,0.024003028869628906,5
935,46,0.028071880340576172,2
936,24,0.023766756057739258,3
937,33,0.02206873893737793,3
938,39,0.0250093936920166,5
939,28,0.02198648452758789,4
940,78,0.025990009307861328,3
941,31,0.020967721939086914,4
942,33,0.03399395942687988,5
943,27,0.01802825927734375,2
944,43,0.024974346160888672,5
945,30,0.025094032287597656,3
946,35,0.024976491928100586,5
947,13,0.025964736938476562,5
948,41,0.0260007381439209,3
949,45,0.020023822784423828,2
950,16,0.01697087287902832,2
951,59,0.018003463745117188,2
952,37,0.028996706008911133,3
953,62,0.016998767852783203,2
954,15,0.023001432418823242,3
955,42,0.027001380920410156,5
956,35,0.01900005340576172,2
957,49,0.02100229263305664,3
958,98,0.02003312110900879,3
959,42,0.02596306800842285,4
960,31,0.019995927810668945,2
961,27,0.02900409698486328,4
962,48,0.024999141693115234,4
963,42,0.023000001907348633,4
964,25,0.02302074432373047,2
965,16,0.034975528717041016,5
966,100,0.030013322830200195,5
967,100,0.031996726989746094,3
968,49,0.02000594139099121,3
969,100,0.02100086212158203,3
970,11,0.021979331970214844,4
971,20,0.019028663635253906,3
972,15,0.009998321533203125,1
973,15,0.026032209396362305,4
974,42,0.020993947982788086,4
975,13,0.015978336334228516,2
976,34,0.018996238708496094,3
977,21,0.013001203536987305,1
978,48,0.020998716354370117,2
979,71,0.0180056095123291,2
980,97,0.009996175765991211,1
981,22,0.020002126693725586,2
982,15,0.019004344940185547,2
983,8,0.021993637084960938,3
984,15,0.028000354766845703,3
985,31,0.017998456954956055,2
986,68,0.02500009536743164,5
987,37,0.025042057037353516,5
988,67,0.018023967742919922,2
989,46,0.02199244499206543,4
990,45,0.025004148483276367,5
991,96,0.03399991989135742,3
992,29,0.03600025177001953,5
993,32,0.023564577102661133,2
994,78,0.024996042251586914,2
995,7,0.025002479553222656,2
996,26,0.04400062561035156,5
997,100,0.031999826431274414,3
998,47,0.03199911117553711,5
999,33,0.024006128311157227,4
