Episode,Steps,Time,Converged at Iterations
0,66,0.028989315032958984,5
1,100,0.02100372314453125,4
2,43,0.027585268020629883,5
3,39,0.018994808197021484,2
4,15,0.015001058578491211,2
5,18,0.021999835968017578,4
6,22,0.018002748489379883,2
7,55,0.023999452590942383,3
8,14,0.027002334594726562,5
9,77,0.027999162673950195,5
10,27,0.02199721336364746,2
11,34,0.020511865615844727,2
12,23,0.022019147872924805,4
13,76,0.02198481559753418,4
14,15,0.024996519088745117,5
15,14,0.018014192581176758,2
16,58,0.03298544883728027,5
17,30,0.023003339767456055,4
18,24,0.024001121520996094,4
19,20,0.0229947566986084,4
20,13,0.0200045108795166,3
21,24,0.02101421356201172,2
22,56,0.023001432418823242,3
23,80,0.030974388122558594,5
24,71,0.019037723541259766,3
25,42,0.011989593505859375,1
26,15,0.029012680053710938,5
27,19,0.024034738540649414,5
28,70,0.02496933937072754,5
29,55,0.02701425552368164,5
30,51,0.026996374130249023,2
31,24,0.029999971389770508,3
32,31,0.027001619338989258,5
33,28,0.016005754470825195,2
34,34,0.02002549171447754,3
35,28,0.031005382537841797,5
36,72,0.010966777801513672,1
37,21,0.024962186813354492,5
38,31,0.02499985694885254,3
39,49,0.02503824234008789,5
40,14,0.016996145248413086,2
41,20,0.021999120712280273,3
42,58,0.023006200790405273,3
43,100,0.019962787628173828,2
44,31,0.01899862289428711,2
45,25,0.020002365112304688,3
46,36,0.020998716354370117,4
47,49,0.019999027252197266,3
48,11,0.01899886131286621,3
49,70,0.029999494552612305,5
50,47,0.02300286293029785,3
51,100,0.022000789642333984,4
52,29,0.01900029182434082,2
53,32,0.015000104904174805,2
54,10,0.018001079559326172,2
55,76,0.023011207580566406,3
56,9,0.0279691219329834,4
57,89,0.030999422073364258,4
58,100,0.0319972038269043,5
59,29,0.02402496337890625,3
60,10,0.02109217643737793,3
61,38,0.028985023498535156,5
62,11,0.023000240325927734,3
63,10,0.015999555587768555,2
64,36,0.023000240325927734,4
65,39,0.03300023078918457,5
66,20,0.029999971389770508,5
67,66,0.013997316360473633,2
68,34,0.027099132537841797,4
69,7,0.02455615997314453,3
70,82,0.025000333786010742,5
71,49,0.026001691818237305,3
72,35,0.024995088577270508,4
73,54,0.02801990509033203,5
74,6,0.024979352951049805,5
75,39,0.02803826332092285,3
76,74,0.02502298355102539,5
77,29,0.017023563385009766,2
78,22,0.015967607498168945,2
79,40,0.020999670028686523,2
80,32,0.01799488067626953,2
81,31,0.015999794006347656,2
82,59,0.027004480361938477,3
83,66,0.02498173713684082,5
84,20,0.021001577377319336,2
85,54,0.026000499725341797,2
86,64,0.025057554244995117,4
87,34,0.0279996395111084,3
88,70,0.014998674392700195,2
89,12,0.030002832412719727,5
90,13,0.021997690200805664,2
91,34,0.01800084114074707,2
92,12,0.023005962371826172,3
93,15,0.035051822662353516,5
94,57,0.018970727920532227,2
95,96,0.025994300842285156,4
96,55,0.02200484275817871,3
97,100,0.02399897575378418,3
98,48,0.028004169464111328,5
99,21,0.030000686645507812,4
100,30,0.02199411392211914,3
101,18,0.018002748489379883,2
102,37,0.02005314826965332,3
103,83,0.02299976348876953,3
104,82,0.026002168655395508,5
105,7,0.021002531051635742,3
106,18,0.021997690200805664,2
107,33,0.02598285675048828,3
108,37,0.022002696990966797,2
109,33,0.0229949951171875,2
110,85,0.01802659034729004,2
111,22,0.01999378204345703,3
112,23,0.02800464630126953,3
113,84,0.01799941062927246,2
114,17,0.02299952507019043,3
115,49,0.02399921417236328,3
116,24,0.02400064468383789,2
117,49,0.030035972595214844,5
118,77,0.021019458770751953,2
119,15,0.025995731353759766,4
120,31,0.011999845504760742,1
121,30,0.018999099731445312,3
122,32,0.010003805160522461,1
123,70,0.019992828369140625,3
124,19,0.02100539207458496,4
125,32,0.028999805450439453,3
126,69,0.015994787216186523,2
127,13,0.023530244827270508,2
128,10,0.025000810623168945,3
129,17,0.024994850158691406,5
130,100,0.021004676818847656,3
131,69,0.023987770080566406,3
132,76,0.016999006271362305,2
133,46,0.029001951217651367,5
134,41,0.01700425148010254,2
135,22,0.02199721336364746,2
136,34,0.03301548957824707,3
137,49,0.024958372116088867,5
138,53,0.01999950408935547,3
139,56,0.022003650665283203,4
140,41,0.0149993896484375,2
141,9,0.019999027252197266,2
142,16,0.021998167037963867,4
143,43,0.020005226135253906,3
144,33,0.026000022888183594,5
145,55,0.0249936580657959,5
146,70,0.02400064468383789,3
147,39,0.0220034122467041,3
148,56,0.02100229263305664,3
149,14,0.03497886657714844,4
150,71,0.015999317169189453,2
151,46,0.02304220199584961,2
152,19,0.027959823608398438,4
153,100,0.02399611473083496,5
154,71,0.023006916046142578,4
155,11,0.029135465621948242,5
156,86,0.023002147674560547,2
157,27,0.010977983474731445,1
158,22,0.02697896957397461,3
159,26,0.02500438690185547,3
160,18,0.025999069213867188,3
161,21,0.019002914428710938,2
162,18,0.023991823196411133,5
163,34,0.023999691009521484,5
164,41,0.020014286041259766,3
165,43,0.022516965866088867,3
166,33,0.024001121520996094,5
167,11,0.024996042251586914,4
168,66,0.019000530242919922,3
169,46,0.016006946563720703,2
170,52,0.026991605758666992,2
171,20,0.017998456954956055,2
172,44,0.021981000900268555,2
173,54,0.022998809814453125,3
174,19,0.02102208137512207,3
175,53,0.021996259689331055,3
176,19,0.025994300842285156,5
177,9,0.017037153244018555,2
178,26,0.024967432022094727,5
179,29,0.025027990341186523,5
180,21,0.010973930358886719,1
181,49,0.02502894401550293,5
182,16,0.013991355895996094,2
183,27,0.018001556396484375,2
184,100,0.027034521102905273,3
185,48,0.028970003128051758,3
186,45,0.02699565887451172,3
187,100,0.02201223373413086,3
188,15,0.028980016708374023,5
189,50,0.020003795623779297,2
190,18,0.02400040626525879,2
191,15,0.02399754524230957,2
192,34,0.026001930236816406,4
193,32,0.01799750328063965,2
194,93,0.021997451782226562,2
195,11,0.018000364303588867,2
196,100,0.025002002716064453,5
197,62,0.026001930236816406,3
198,43,0.010994434356689453,1
199,24,0.019003868103027344,3
200,10,0.019998788833618164,2
201,100,0.01699995994567871,2
202,37,0.016997575759887695,2
203,17,0.017038345336914062,2
204,38,0.02396535873413086,3
205,12,0.024995088577270508,5
206,26,0.019006013870239258,2
207,22,0.021998882293701172,4
208,63,0.02399468421936035,4
209,29,0.03402566909790039,5
210,58,0.018973588943481445,3
211,24,0.023005962371826172,3
212,39,0.018999814987182617,2
213,50,0.025995731353759766,3
214,39,0.02300739288330078,3
215,53,0.02799701690673828,3
216,100,0.025976896286010742,5
217,48,0.024005413055419922,5
218,18,0.02399444580078125,3
219,45,0.019004106521606445,2
220,21,0.020034313201904297,2
221,22,0.017000198364257812,2
222,8,0.031975746154785156,5
223,34,0.021000146865844727,4
224,10,0.019992828369140625,3
225,13,0.0260012149810791,5
226,24,0.02500438690185547,2
227,18,0.021994352340698242,4
228,23,0.02400040626525879,5
229,75,0.02199864387512207,3
230,18,0.019999980926513672,2
231,100,0.02299809455871582,2
232,40,0.02300286293029785,3
233,68,0.026000499725341797,5
234,33,0.02200031280517578,4
235,17,0.023978471755981445,3
236,100,0.02500462532043457,4
237,7,0.01600050926208496,2
238,16,0.021994352340698242,2
239,36,0.02700042724609375,4
240,24,0.01599884033203125,2
241,77,0.03300285339355469,5
242,25,0.013016939163208008,2
243,30,0.016010522842407227,2
244,22,0.02298140525817871,4
245,100,0.026990175247192383,3
246,34,0.02699899673461914,5
247,10,0.017031431198120117,2
248,29,0.025969743728637695,5
249,41,0.02699875831604004,5
250,43,0.028998851776123047,5
251,26,0.017995119094848633,2
252,13,0.016000032424926758,2
253,37,0.019671201705932617,3
254,21,0.016511917114257812,2
255,23,0.02103281021118164,3
256,49,0.015973567962646484,2
257,71,0.024017333984375,5
258,35,0.01899409294128418,2
259,63,0.024045944213867188,3
260,17,0.02303624153137207,2
261,29,0.02095508575439453,3
262,29,0.032004594802856445,5
263,23,0.019998550415039062,3
264,8,0.016020774841308594,2
265,21,0.023969650268554688,3
266,20,0.01002359390258789,1
267,26,0.02498650550842285,3
268,81,0.030010700225830078,5
269,21,0.024976491928100586,2
270,24,0.019031286239624023,2
271,16,0.024990081787109375,5
272,38,0.01097726821899414,1
273,15,0.02399754524230957,2
274,8,0.020002126693725586,4
275,54,0.02500748634338379,4
276,24,0.015990018844604492,2
277,23,0.028020858764648438,5
278,57,0.027982473373413086,2
279,68,0.023000717163085938,4
280,72,0.026001930236816406,4
281,32,0.02497696876525879,5
282,26,0.02399444580078125,3
283,87,0.017003297805786133,2
284,7,0.01998114585876465,4
285,67,0.025002479553222656,5
286,35,0.010020971298217773,1
287,22,0.01797652244567871,2
288,26,0.021001100540161133,3
289,8,0.01699995994567871,2
290,43,0.02100682258605957,3
291,19,0.013987541198730469,2
292,18,0.020008325576782227,3
293,88,0.01998615264892578,3
294,39,0.021007299423217773,2
295,14,0.0221560001373291,4
296,13,0.02516794204711914,5
297,38,0.027170658111572266,3
298,16,0.026000022888183594,5
299,75,0.019001483917236328,3
300,72,0.021990060806274414,3
301,8,0.012000799179077148,1
302,29,0.02102971076965332,2
303,30,0.01597452163696289,2
304,25,0.027001142501831055,5
305,11,0.018956422805786133,2
306,38,0.02000594139099121,3
307,32,0.015998125076293945,2
308,28,0.02102971076965332,2
309,54,0.023995399475097656,4
310,17,0.0220034122467041,4
311,21,0.02499699592590332,2
312,36,0.022999286651611328,3
313,49,0.015001058578491211,2
314,11,0.02899956703186035,5
315,43,0.028999805450439453,5
316,65,0.018002033233642578,2
317,43,0.0280148983001709,5
318,88,0.0289914608001709,5
319,23,0.017017364501953125,2
320,62,0.026997804641723633,5
321,77,0.02000594139099121,3
322,62,0.019978046417236328,3
323,31,0.022002458572387695,4
324,41,0.025998353958129883,5
325,49,0.027001380920410156,3
326,38,0.01702260971069336,2
327,71,0.026974201202392578,3
328,40,0.0219881534576416,3
329,42,0.0229952335357666,2
330,48,0.027002334594726562,5
331,9,0.026998519897460938,4
332,42,0.02899909019470215,5
333,16,0.019999265670776367,2
334,37,0.02299952507019043,3
335,24,0.02499985694885254,5
336,19,0.020001649856567383,3
337,65,0.024999380111694336,3
338,8,0.016004085540771484,2
339,100,0.02399444580078125,4
340,23,0.025020122528076172,3
341,10,0.019979476928710938,2
342,100,0.022000789642333984,2
343,6,0.014980077743530273,2
344,12,0.024997234344482422,5
345,41,0.03300023078918457,5
346,7,0.017000913619995117,2
347,30,0.01900029182434082,2
348,42,0.017998695373535156,2
349,33,0.022005319595336914,4
350,66,0.02399587631225586,3
351,69,0.02000284194946289,3
352,30,0.018001556396484375,2
353,40,0.027994871139526367,5
354,66,0.024001121520996094,3
355,49,0.024025440216064453,5
356,53,0.03197669982910156,5
357,100,0.02899646759033203,4
358,64,0.015001296997070312,2
359,42,0.018003463745117188,2
360,32,0.026999711990356445,5
361,43,0.035997629165649414,5
362,17,0.022002458572387695,4
363,45,0.025017976760864258,3
364,12,0.025007247924804688,3
365,16,0.013982057571411133,2
366,95,0.03599905967712402,3
367,29,0.028998374938964844,5
368,100,0.029996395111083984,5
369,12,0.025001049041748047,5
370,17,0.028000831604003906,5
371,6,0.02299785614013672,2
372,19,0.034999847412109375,4
373,100,0.020000219345092773,2
374,32,0.03402400016784668,4
375,48,0.03099989891052246,5
376,97,0.01603102684020996,2
377,28,0.024962902069091797,5
378,23,0.014999866485595703,2
379,82,0.025012969970703125,3
380,28,0.012967348098754883,1
381,53,0.018985271453857422,2
382,20,0.020984411239624023,3
383,11,0.020032644271850586,3
384,100,0.019988298416137695,3
385,30,0.020002126693725586,2
386,82,0.03099966049194336,5
387,27,0.010999679565429688,1
388,24,0.027002573013305664,5
389,22,0.03800034523010254,5
390,7,0.025002479553222656,3
391,16,0.03199887275695801,3
392,25,0.044998884201049805,5
393,25,0.023996829986572266,2
394,92,0.03499960899353027,2
395,70,0.03199625015258789,5
396,21,0.035007476806640625,5
397,32,0.029997825622558594,4
398,54,0.026994705200195312,5
399,15,0.0200040340423584,2
400,44,0.02199721336364746,3
401,100,0.017998933792114258,2
402,90,0.01602792739868164,2
403,35,0.03399968147277832,5
404,100,0.025492429733276367,3
405,33,0.020999431610107422,3
406,86,0.02200031280517578,4
407,63,0.032999515533447266,5
408,100,0.018000125885009766,2
409,45,0.02099752426147461,3
410,60,0.016002178192138672,2
411,6,0.02599787712097168,3
412,50,0.024000883102416992,3
413,16,0.02305150032043457,3
414,35,0.02299785614013672,3
415,64,0.014001846313476562,2
416,11,0.027988910675048828,3
417,100,0.024992942810058594,3
418,36,0.02499556541442871,5
419,92,0.020003557205200195,3
420,54,0.02800273895263672,5
421,33,0.024000167846679688,3
422,11,0.021996259689331055,2
423,10,0.021998882293701172,3
424,34,0.020007848739624023,3
425,24,0.0149993896484375,2
426,69,0.02599811553955078,3
427,11,0.02502131462097168,3
428,39,0.016976594924926758,2
429,100,0.02502894401550293,5
430,19,0.024997711181640625,5
431,19,0.023996353149414062,5
432,23,0.020000934600830078,3
433,26,0.023005247116088867,4
434,8,0.0249936580657959,5
435,95,0.019999980926513672,3
436,24,0.023999929428100586,5
437,64,0.027002573013305664,3
438,24,0.030002832412719727,5
439,100,0.02099442481994629,4
440,13,0.025043010711669922,5
441,76,0.021956682205200195,4
442,52,0.019040822982788086,3
443,33,0.014993906021118164,2
444,100,0.021003246307373047,3
445,39,0.014994621276855469,2
446,37,0.02500462532043457,5
447,51,0.018000125885009766,3
448,9,0.018978357315063477,2
449,62,0.025995254516601562,5
450,18,0.027035236358642578,5
451,38,0.026964187622070312,3
452,14,0.022003650665283203,3
453,50,0.009998321533203125,1
454,46,0.017000198364257812,2
455,36,0.015002250671386719,2
456,10,0.027040958404541016,5
457,79,0.028963088989257812,5
458,12,0.01899433135986328,2
459,17,0.02500152587890625,3
460,28,0.03399991989135742,3
461,17,0.02600240707397461,5
462,34,0.015999317169189453,2
463,39,0.016000032424926758,2
464,54,0.023997068405151367,5
465,46,0.021033763885498047,3
466,57,0.020972251892089844,4
467,90,0.013995647430419922,2
468,69,0.0180051326751709,2
469,24,0.025995731353759766,5
470,32,0.027005434036254883,4
471,66,0.01700758934020996,2
472,31,0.0169980525970459,2
473,56,0.024964094161987305,3
474,32,0.020002126693725586,4
475,100,0.01099848747253418,1
476,8,0.021999359130859375,3
477,19,0.017000198364257812,2
478,15,0.02500152587890625,2
479,17,0.020000934600830078,3
480,15,0.01799750328063965,2
481,12,0.014999866485595703,2
482,27,0.014999151229858398,2
483,38,0.026002168655395508,4
484,33,0.027998924255371094,5
485,24,0.02300405502319336,3
486,24,0.022001266479492188,2
487,100,0.01899409294128418,2
488,20,0.020003318786621094,4
489,98,0.022996902465820312,3
490,23,0.024011611938476562,5
491,15,0.024988651275634766,5
492,67,0.016003847122192383,2
493,12,0.021001815795898438,4
494,37,0.015996456146240234,2
495,29,0.017014265060424805,2
496,65,0.022990703582763672,4
497,74,0.0190274715423584,2
498,34,0.02298259735107422,3
499,27,0.019002199172973633,3
500,13,0.02398085594177246,3
501,39,0.024998903274536133,4
502,100,0.025000572204589844,5
503,75,0.022001028060913086,3
504,17,0.02409958839416504,2
505,11,0.026000261306762695,5
506,56,0.02100062370300293,2
507,78,0.019001245498657227,2
508,21,0.028001785278320312,4
509,15,0.03499770164489746,5
510,57,0.029004812240600586,5
511,90,0.012021541595458984,1
512,10,0.017992734909057617,2
513,34,0.013004064559936523,2
514,68,0.019034385681152344,2
515,39,0.023985624313354492,3
516,31,0.027968883514404297,4
517,26,0.020000219345092773,3
518,100,0.023007631301879883,3
519,10,0.027015209197998047,5
520,100,0.0299685001373291,4
521,26,0.034905433654785156,5
522,10,0.03004622459411621,3
523,32,0.025026559829711914,3
524,48,0.018985748291015625,2
525,28,0.026966571807861328,4
526,77,0.02001643180847168,3
527,100,0.02099299430847168,4
528,100,0.014958381652832031,2
529,37,0.019002437591552734,3
530,49,0.02399754524230957,5
531,52,0.028073549270629883,4
532,35,0.018996477127075195,2
533,29,0.011029243469238281,1
534,16,0.02199101448059082,3
535,71,0.017972230911254883,2
536,20,0.02399921417236328,4
537,24,0.03100299835205078,5
538,22,0.020000696182250977,3
539,31,0.024998903274536133,3
540,10,0.020969867706298828,2
541,46,0.029027700424194336,5
542,74,0.023972272872924805,3
543,12,0.019025087356567383,2
544,14,0.02197861671447754,3
545,40,0.026999235153198242,5
546,83,0.029999971389770508,4
547,20,0.03102278709411621,3
548,47,0.022977828979492188,3
549,15,0.02099466323852539,4
550,61,0.01304173469543457,1
551,69,0.021964550018310547,3
552,23,0.026999711990356445,3
553,30,0.028001070022583008,4
554,38,0.019995450973510742,2
555,6,0.023998737335205078,2
556,10,0.019001245498657227,2
557,23,0.03000330924987793,5
558,100,0.028994321823120117,5
559,64,0.01798701286315918,2
560,24,0.02299976348876953,5
561,11,0.024998188018798828,4
562,21,0.01999950408935547,4
563,52,0.024037599563598633,5
564,22,0.02098536491394043,3
565,25,0.0159759521484375,2
566,36,0.015992164611816406,2
567,34,0.03296947479248047,3
568,35,0.02602076530456543,3
569,15,0.017981290817260742,2
570,53,0.019994497299194336,3
571,16,0.019000768661499023,2
572,18,0.009996891021728516,1
573,7,0.027004718780517578,5
574,52,0.013012170791625977,1
575,21,0.02399611473083496,5
576,26,0.020993471145629883,3
577,93,0.026000022888183594,5
578,46,0.025013446807861328,3
579,26,0.026986360549926758,5
580,14,0.027001142501831055,5
581,29,0.017998456954956055,2
582,99,0.02199721336364746,4
583,6,0.01699972152709961,2
584,44,0.027034282684326172,5
585,24,0.010996103286743164,1
586,36,0.00899195671081543,1
587,29,0.014976739883422852,1
588,25,0.02200603485107422,3
589,55,0.02100062370300293,4
590,26,0.02500009536743164,5
591,38,0.017083168029785156,2
592,100,0.03102254867553711,5
593,71,0.021967649459838867,4
594,25,0.02702784538269043,5
595,21,0.025975465774536133,3
596,18,0.017004013061523438,2
597,57,0.024999380111694336,5
598,32,0.025997638702392578,5
599,13,0.019003868103027344,2
600,37,0.02151012420654297,3
601,31,0.028000354766845703,5
602,83,0.025997161865234375,5
603,56,0.017000436782836914,2
604,38,0.01999974250793457,3
605,39,0.030998945236206055,5
606,28,0.026003599166870117,2
607,51,0.030997753143310547,4
608,87,0.020999908447265625,4
609,16,0.026002883911132812,3
610,50,0.00999903678894043,1
611,13,0.02600264549255371,5
612,39,0.014996767044067383,2
613,93,0.02000260353088379,2
614,24,0.01599907875061035,2
615,39,0.02100086212158203,2
616,33,0.026998043060302734,3
617,34,0.01800084114074707,2
618,36,0.02300095558166504,5
619,34,0.021999835968017578,3
620,76,0.016011953353881836,2
621,44,0.01998758316040039,3
622,28,0.013007164001464844,1
623,74,0.028012990951538086,5
624,36,0.026973724365234375,4
625,51,0.025001049041748047,2
626,100,0.02501988410949707,4
627,78,0.01699352264404297,2
628,87,0.014003276824951172,2
629,100,0.026000499725341797,3
630,42,0.024035215377807617,5
631,63,0.02399587631225586,2
632,51,0.031006574630737305,5
633,39,0.03300333023071289,5
634,22,0.023969173431396484,3
635,23,0.020998239517211914,3
636,19,0.020996570587158203,3
637,12,0.021003246307373047,4
638,59,0.02003002166748047,3
639,7,0.0170133113861084,2
640,19,0.023981094360351562,5
641,23,0.024006128311157227,5
642,30,0.024998903274536133,3
643,41,0.03400158882141113,5
644,17,0.02899622917175293,5
645,29,0.02400827407836914,3
646,23,0.015984535217285156,1
647,32,0.02100062370300293,2
648,46,0.024509429931640625,4
649,33,0.01851058006286621,3
650,78,0.02600717544555664,5
651,9,0.014998435974121094,2
652,22,0.028033018112182617,5
653,84,0.018966197967529297,2
654,53,0.025028705596923828,3
655,27,0.02500128746032715,4
656,31,0.020969390869140625,2
657,79,0.0160062313079834,2
658,39,0.02457737922668457,5
659,42,0.025963544845581055,5
660,32,0.022995471954345703,3
661,64,0.029003381729125977,5
662,15,0.012000322341918945,1
663,25,0.024997949600219727,5
664,14,0.015996217727661133,2
665,23,0.01200103759765625,1
666,50,0.01800370216369629,2
667,55,0.029998779296875,5
668,23,0.02400064468383789,3
669,19,0.020001649856567383,3
670,51,0.024996519088745117,5
671,72,0.015000581741333008,2
672,9,0.023998737335205078,5
673,8,0.01799631118774414,2
674,91,0.025994300842285156,5
675,100,0.027004003524780273,5
676,100,0.025002717971801758,5
677,29,0.02599787712097168,4
678,47,0.022014379501342773,4
679,56,0.030964136123657227,5
680,28,0.017998218536376953,2
681,29,0.036000967025756836,5
682,20,0.02103447914123535,4
683,29,0.018980026245117188,3
684,23,0.024033308029174805,4
685,95,0.015963077545166016,2
686,36,0.026005029678344727,3
687,20,0.010994434356689453,1
688,100,0.020999908447265625,2
689,13,0.019016265869140625,2
690,10,0.020987272262573242,2
691,100,0.019997596740722656,2
692,68,0.018001794815063477,2
693,33,0.02702164649963379,5
694,42,0.02298450469970703,4
695,81,0.0209958553314209,3
696,33,0.023000240325927734,3
697,59,0.03100419044494629,5
698,34,0.02099442481994629,2
699,100,0.022004365921020508,4
700,21,0.029000520706176758,3
701,8,0.027008056640625,5
702,85,0.028992891311645508,5
703,37,0.009003639221191406,1
704,57,0.01899433135986328,3
705,70,0.0260162353515625,3
706,28,0.026981592178344727,3
707,100,0.02197432518005371,4
708,68,0.020101547241210938,3
709,26,0.013004541397094727,1
710,62,0.03500819206237793,5
711,95,0.02497100830078125,3
712,76,0.027998924255371094,3
713,100,0.026004314422607422,2
714,44,0.028998136520385742,4
715,16,0.023000001907348633,3
716,16,0.027996301651000977,2
717,18,0.02799820899963379,3
718,32,0.020006418228149414,2
719,72,0.03498268127441406,5
720,44,0.017000436782836914,2
721,19,0.01302790641784668,1
722,17,0.01997089385986328,2
723,42,0.02303934097290039,3
724,100,0.022001981735229492,3
725,65,0.01797938346862793,2
726,38,0.01599574089050293,2
727,100,0.025004863739013672,4
728,73,0.02899479866027832,2
729,22,0.016999483108520508,2
730,24,0.017002344131469727,2
731,27,0.029998064041137695,3
732,17,0.020977020263671875,3
733,42,0.027005672454833984,3
734,21,0.021023988723754883,2
735,21,0.027974367141723633,4
736,34,0.03200101852416992,5
737,16,0.028999805450439453,4
738,24,0.018985748291015625,3
739,20,0.028006553649902344,5
740,14,0.01803421974182129,2
741,13,0.01696491241455078,2
742,53,0.019994497299194336,3
743,100,0.024007797241210938,3
744,100,0.021990537643432617,3
745,13,0.025995969772338867,3
746,71,0.032012224197387695,5
747,26,0.01699662208557129,1
748,22,0.019021987915039062,2
749,25,0.025996685028076172,2
750,20,0.03299736976623535,3
751,58,0.019000768661499023,3
752,15,0.02202749252319336,3
753,27,0.016977548599243164,2
754,17,0.018994808197021484,2
755,13,0.029019594192504883,4
756,15,0.026984691619873047,5
757,60,0.02899479866027832,5
758,16,0.02799677848815918,2
759,52,0.031034469604492188,5
760,100,0.024002790451049805,4
761,6,0.022994041442871094,4
762,75,0.03400015830993652,5
763,85,0.019000768661499023,2
764,55,0.023045778274536133,3
765,39,0.021000385284423828,3
766,38,0.01900005340576172,3
767,100,0.031005859375,4
768,25,0.02500128746032715,3
769,45,0.01798415184020996,2
770,14,0.021006345748901367,2
771,62,0.02799367904663086,5
772,70,0.022998332977294922,3
773,45,0.02753472328186035,5
774,11,0.022011995315551758,3
775,8,0.01597428321838379,2
776,34,0.01099705696105957,1
777,19,0.026003360748291016,5
778,84,0.023006677627563477,3
779,24,0.028987646102905273,5
780,21,0.025002241134643555,3
781,26,0.026998281478881836,5
782,71,0.022001981735229492,3
783,83,0.027998924255371094,3
784,50,0.029001951217651367,5
785,100,0.02306842803955078,3
786,32,0.020997285842895508,3
787,65,0.01599907875061035,2
788,13,0.02200007438659668,3
789,66,0.019005775451660156,2
790,54,0.015999317169189453,2
791,65,0.02800154685974121,3
792,17,0.018998146057128906,2
793,9,0.02602100372314453,5
794,27,0.030981779098510742,5
795,100,0.026547670364379883,2
796,49,0.02899956703186035,5
797,59,0.02600574493408203,5
798,14,0.03299999237060547,5
799,46,0.027619123458862305,5
800,13,0.01401376724243164,2
801,72,0.022991418838500977,3
802,18,0.017995834350585938,2
803,29,0.02799844741821289,5
804,46,0.01599860191345215,2
805,40,0.02500176429748535,3
806,26,0.0280001163482666,5
807,13,0.021002769470214844,2
808,36,0.02597951889038086,4
809,83,0.03300619125366211,4
810,60,0.020997285842895508,2
811,29,0.02804112434387207,3
812,16,0.023997068405151367,3
813,47,0.03502988815307617,5
814,33,0.014973163604736328,1
815,53,0.02205514907836914,2
816,84,0.028998136520385742,2
817,21,0.025991439819335938,2
818,13,0.023995161056518555,2
819,14,0.032996416091918945,4
820,100,0.02800154685974121,2
821,100,0.027002334594726562,3
822,13,0.030000686645507812,3
823,100,0.036998748779296875,3
824,61,0.024996280670166016,4
825,42,0.02899909019470215,4
826,50,0.022541284561157227,3
827,6,0.04099726676940918,5
828,32,0.03799891471862793,5
829,22,0.0279998779296875,3
830,75,0.016999483108520508,2
831,19,0.02699875831604004,5
832,70,0.0180361270904541,2
833,8,0.028000593185424805,3
834,81,0.024001598358154297,3
835,28,0.026989221572875977,5
836,100,0.022005796432495117,2
837,41,0.02697896957397461,5
838,88,0.01699972152709961,2
839,25,0.017996549606323242,2
840,38,0.031000375747680664,3
841,91,0.018000364303588867,2
842,37,0.01799750328063965,2
843,70,0.014000892639160156,2
844,48,0.01599907875061035,2
845,37,0.02200031280517578,3
846,21,0.02200031280517578,2
847,26,0.02399921417236328,3
848,34,0.022001028060913086,2
849,12,0.01603388786315918,2
850,19,0.016988277435302734,2
851,50,0.01997685432434082,2
852,21,0.019000530242919922,2
853,14,0.017994165420532227,2
854,16,0.029999494552612305,5
855,28,0.025005817413330078,5
856,100,0.021009206771850586,3
857,50,0.020005464553833008,3
858,94,0.023992300033569336,5
859,7,0.02300429344177246,3
860,62,0.025000810623168945,3
861,43,0.028995037078857422,3
862,32,0.019004344940185547,2
863,22,0.026999473571777344,3
864,11,0.028009414672851562,3
865,21,0.022995948791503906,2
866,100,0.02799534797668457,5
867,13,0.02100062370300293,3
868,40,0.02200174331665039,3
869,37,0.02000260353088379,2
870,46,0.01657700538635254,2
871,22,0.025014638900756836,3
872,100,0.028970003128051758,3
873,30,0.021999359130859375,3
874,28,0.02100086212158203,3
875,32,0.02099919319152832,3
876,24,0.022003173828125,2
877,27,0.028000354766845703,5
878,75,0.024996280670166016,3
879,35,0.013002872467041016,1
880,27,0.022992849349975586,2
881,17,0.020015954971313477,3
882,44,0.026983022689819336,5
883,55,0.029002666473388672,5
884,30,0.02105236053466797,2
885,17,0.022012948989868164,2
886,23,0.03299212455749512,5
887,13,0.022991418838500977,2
888,27,0.026001930236816406,3
889,83,0.03399658203125,5
890,92,0.030005455017089844,5
891,39,0.019998550415039062,2
892,10,0.021995067596435547,4
893,76,0.015006065368652344,2
894,31,0.01999807357788086,2
895,33,0.03200221061706543,5
896,45,0.024974822998046875,5
897,99,0.020986080169677734,3
898,75,0.023999691009521484,3
899,18,0.018999814987182617,3
900,31,0.017001867294311523,2
901,13,0.02399730682373047,2
902,42,0.018999576568603516,2
903,29,0.024007558822631836,3
904,21,0.024020910263061523,4
905,25,0.022986412048339844,3
906,26,0.02100062370300293,3
907,52,0.0220029354095459,3
908,79,0.023983240127563477,4
909,58,0.023981332778930664,5
910,55,0.022015810012817383,4
911,100,0.014999628067016602,2
912,21,0.027001380920410156,4
913,23,0.031995534896850586,5
914,57,0.02299952507019043,4
915,20,0.02200031280517578,3
916,30,0.024999380111694336,5
917,37,0.02501964569091797,2
918,7,0.024010181427001953,3
919,35,0.023974895477294922,2
920,69,0.022997617721557617,3
921,89,0.03304338455200195,3
922,22,0.018970012664794922,2
923,66,0.02399897575378418,4
924,8,0.02699756622314453,3
925,87,0.02400350570678711,3
926,45,0.017995119094848633,2
927,23,0.021026134490966797,4
928,16,0.03398013114929199,5
929,28,0.02898883819580078,5
930,43,0.02401423454284668,3
931,41,0.023097991943359375,2
932,83,0.03200078010559082,4
933,74,0.012998342514038086,1
934,56,0.031026840209960938,5
935,20,0.019975662231445312,2
936,34,0.030017614364624023,5
937,20,0.019994735717773438,2
938,22,0.0299990177154541,3
939,36,0.026001691818237305,5
940,18,0.0250699520111084,5
941,100,0.022001981735229492,3
942,90,0.027031421661376953,3
943,57,0.024972915649414062,2
944,53,0.02899456024169922,4
945,61,0.018011093139648438,2
946,16,0.015968799591064453,1
947,19,0.03200054168701172,3
948,32,0.02799391746520996,5
949,38,0.02400350570678711,4
950,100,0.031007051467895508,5
951,25,0.01796436309814453,2
952,31,0.027994155883789062,3
953,50,0.028020381927490234,5
954,37,0.026005268096923828,3
955,100,0.029962539672851562,5
956,50,0.019004106521606445,2
957,50,0.028998613357543945,5
958,86,0.023019790649414062,3
959,55,0.01999664306640625,3
960,24,0.024003982543945312,4
961,63,0.016000986099243164,2
962,88,0.031995534896850586,3
963,13,0.015999794006347656,2
964,16,0.031999826431274414,5
965,91,0.009999513626098633,1
966,10,0.027001380920410156,3
967,100,0.024998903274536133,5
968,19,0.026001691818237305,3
969,31,0.026005268096923828,5
970,22,0.022993803024291992,2
971,25,0.02700519561767578,3
972,41,0.032985687255859375,5
973,11,0.024979114532470703,3
974,100,0.023006677627563477,4
975,9,0.028975963592529297,5
976,19,0.016004562377929688,2
977,36,0.0320131778717041,3
978,53,0.021999359130859375,3
979,52,0.030997037887573242,5
980,12,0.0220029354095459,3
981,15,0.021004676818847656,3
982,11,0.024971723556518555,3
983,52,0.03200030326843262,5
984,14,0.016001224517822266,2
985,80,0.026018619537353516,5
986,18,0.0279996395111084,4
987,8,0.027001142501831055,3
988,73,0.020998716354370117,2
989,65,0.01900005340576172,3
990,48,0.026999235153198242,5
991,59,0.025002241134643555,3
992,35,0.021018505096435547,3
993,19,0.016992807388305664,2
994,42,0.01704096794128418,2
995,38,0.02200460433959961,3
996,75,0.02803325653076172,5
997,50,0.021979808807373047,3
998,20,0.020002126693725586,2
999,50,0.023993968963623047,2
