Episode,Steps,Time,Converged at Iterations
0,39,0.027996540069580078,4
1,29,0.031999826431274414,5
2,50,0.02200150489807129,3
3,85,0.026972532272338867,5
4,39,0.026039600372314453,5
5,15,0.018003463745117188,2
6,92,0.01698899269104004,2
7,20,0.02699899673461914,5
8,100,0.024999618530273438,5
9,98,0.023996591567993164,3
10,76,0.016005277633666992,2
11,17,0.02097320556640625,3
12,27,0.01999950408935547,2
13,51,0.026998281478881836,5
14,46,0.01799941062927246,2
15,23,0.028998613357543945,5
16,23,0.03152823448181152,4
17,93,0.02651047706604004,3
18,8,0.026999235153198242,4
19,55,0.027004241943359375,5
20,11,0.02799534797668457,3
21,26,0.0200042724609375,2
22,52,0.020990848541259766,2
23,19,0.019999265670776367,2
24,9,0.02300262451171875,3
25,11,0.0260012149810791,3
26,19,0.019997596740722656,2
27,84,0.028000593185424805,5
28,46,0.026000499725341797,5
29,13,0.017004728317260742,2
30,78,0.02762150764465332,3
31,100,0.02410292625427246,3
32,29,0.019508838653564453,2
33,49,0.03199958801269531,5
34,27,0.031000375747680664,5
35,31,0.02299952507019043,2
36,40,0.0190274715423584,2
37,66,0.01597452163696289,2
38,15,0.015993118286132812,2
39,72,0.03400754928588867,5
40,22,0.016999006271362305,2
41,33,0.01399374008178711,2
42,100,0.015003204345703125,2
43,49,0.0229952335357666,3
44,27,0.02300286293029785,3
45,52,0.018001317977905273,2
46,100,0.018966197967529297,2
47,12,0.028003454208374023,5
48,71,0.020998477935791016,2
49,92,0.022042036056518555,2
50,30,0.023005008697509766,3
51,26,0.025997400283813477,3
52,36,0.030996084213256836,5
53,17,0.025006771087646484,2
54,80,0.027993202209472656,5
55,19,0.02200150489807129,2
56,20,0.021999597549438477,2
57,33,0.032006025314331055,5
58,30,0.029983043670654297,5
59,52,0.023002147674560547,4
60,54,0.031004667282104492,4
61,100,0.021989822387695312,2
62,7,0.03402566909790039,5
63,11,0.02299785614013672,3
64,100,0.02197432518005371,3
65,50,0.01599597930908203,2
66,100,0.028998136520385742,4
67,42,0.025995254516601562,5
68,20,0.026006460189819336,5
69,54,0.017000436782836914,2
70,29,0.020989179611206055,3
71,19,0.01802539825439453,2
72,9,0.027980804443359375,5
73,91,0.024000167846679688,4
74,48,0.031995296478271484,3
75,42,0.03000354766845703,5
76,72,0.02799510955810547,5
77,100,0.018993139266967773,2
78,100,0.026000261306762695,3
79,60,0.009996175765991211,1
80,15,0.018004417419433594,2
81,33,0.01199960708618164,1
82,19,0.020998477935791016,4
83,35,0.026002168655395508,5
84,100,0.031003236770629883,4
85,38,0.02398991584777832,4
86,7,0.015995025634765625,2
87,28,0.02301335334777832,2
88,13,0.03196835517883301,5
89,25,0.01804184913635254,2
90,51,0.028960704803466797,5
91,41,0.025997638702392578,5
92,19,0.019008159637451172,2
93,27,0.03499150276184082,4
94,17,0.02702927589416504,5
95,19,0.013978242874145508,2
96,100,0.012022256851196289,1
97,18,0.024979352951049805,5
98,100,0.02200460433959961,4
99,51,0.01701974868774414,2
100,74,0.027043581008911133,3
101,21,0.022002220153808594,2
102,26,0.029999971389770508,4
103,13,0.020998001098632812,3
104,14,0.019998788833618164,2
105,26,0.034001827239990234,2
106,35,0.03299832344055176,5
107,53,0.03900456428527832,5
108,60,0.03699684143066406,5
109,61,0.03851628303527832,5
110,43,0.02500128746032715,4
111,26,0.009999752044677734,1
112,76,0.01800251007080078,2
113,41,0.02299809455871582,2
114,56,0.022999286651611328,4
115,38,0.028001785278320312,3
116,18,0.02899909019470215,3
117,53,0.03600049018859863,5
118,31,0.024001121520996094,3
119,53,0.020998477935791016,1
120,73,0.030999422073364258,3
121,31,0.03100442886352539,5
122,51,0.0339961051940918,4
123,37,0.028003215789794922,3
124,10,0.029997587203979492,4
125,19,0.03099989891052246,3
126,21,0.031000375747680664,2
127,23,0.017027854919433594,2
128,14,0.035999298095703125,3
129,40,0.03200030326843262,3
130,46,0.02500009536743164,3
131,20,0.024998903274536133,3
132,56,0.020005226135253906,2
133,18,0.018995046615600586,2
134,61,0.026004314422607422,3
135,30,0.03099513053894043,5
136,30,0.035001277923583984,3
137,100,0.027997970581054688,3
138,24,0.022000551223754883,2
139,9,0.038036346435546875,3
140,46,0.041999101638793945,5
141,27,0.01703333854675293,1
142,29,0.03900027275085449,5
143,34,0.024998188018798828,4
144,52,0.019999980926513672,2
145,40,0.02700209617614746,3
146,51,0.03599691390991211,5
147,21,0.03200101852416992,4
148,64,0.024688720703125,2
149,32,0.03500080108642578,3
150,28,0.021028757095336914,2
151,20,0.018998384475708008,2
152,73,0.03099989891052246,3
153,60,0.03299999237060547,5
154,39,0.02700042724609375,3
155,15,0.02499985694885254,3
156,21,0.029000043869018555,5
157,94,0.023006200790405273,3
158,22,0.019001007080078125,2
159,22,0.01900005340576172,2
160,7,0.015001535415649414,1
161,15,0.03299903869628906,5
162,100,0.014005661010742188,1
163,48,0.01898789405822754,2
164,17,0.017993450164794922,2
165,36,0.03643679618835449,5
166,62,0.02951812744140625,5
167,23,0.02200937271118164,3
168,49,0.02899765968322754,5
169,14,0.013000011444091797,1
170,32,0.022029876708984375,3
171,100,0.027988195419311523,2
172,66,0.03002309799194336,5
173,20,0.02297067642211914,3
174,26,0.03599977493286133,5
175,21,0.026999950408935547,5
176,52,0.01900315284729004,2
177,75,0.024071216583251953,2
178,27,0.024000167846679688,3
179,35,0.01399993896484375,1
180,43,0.0240020751953125,3
181,32,0.021002531051635742,2
182,15,0.020996809005737305,2
183,19,0.027998685836791992,5
184,66,0.03300118446350098,5
185,46,0.019999980926513672,2
186,16,0.01800227165222168,2
187,46,0.02702927589416504,5
188,24,0.02699756622314453,3
189,24,0.02800154685974121,5
190,88,0.02400493621826172,2
191,47,0.018997907638549805,1
192,59,0.02099895477294922,3
193,15,0.01699995994567871,2
194,64,0.023009777069091797,2
195,35,0.022998571395874023,3
196,100,0.03299593925476074,4
197,16,0.02700662612915039,2
198,60,0.03299379348754883,5
199,11,0.028006792068481445,3
200,16,0.019993305206298828,3
201,65,0.021998882293701172,4
202,25,0.030001401901245117,3
203,6,0.01700592041015625,2
204,54,0.01799321174621582,1
205,42,0.027998685836791992,5
206,41,0.02699875831604004,3
207,74,0.02599620819091797,2
208,20,0.028002023696899414,5
209,46,0.018003225326538086,2
210,44,0.026001453399658203,3
211,65,0.02199840545654297,3
212,12,0.020999908447265625,3
213,69,0.016005992889404297,2
214,54,0.017980575561523438,2
215,29,0.020006179809570312,2
216,50,0.02399420738220215,3
217,37,0.01800394058227539,2
218,50,0.029010295867919922,4
219,100,0.025974750518798828,3
220,47,0.0229799747467041,3
221,11,0.029985904693603516,3
222,7,0.012000560760498047,1
223,91,0.01799917221069336,2
224,24,0.012999773025512695,1
225,73,0.02900242805480957,5
226,32,0.018016576766967773,2
227,94,0.02898120880126953,3
228,12,0.02300095558166504,3
229,14,0.025998353958129883,4
230,35,0.03200054168701172,5
231,97,0.026998281478881836,4
232,57,0.03600120544433594,5
233,21,0.024998188018798828,3
234,100,0.023999929428100586,5
235,80,0.025000810623168945,5
236,13,0.025121212005615234,5
237,27,0.025043487548828125,5
238,24,0.027953147888183594,5
239,23,0.0240018367767334,5
240,83,0.017999649047851562,2
241,22,0.028000593185424805,5
242,27,0.020998477935791016,3
243,28,0.012001514434814453,1
244,13,0.015998363494873047,2
245,58,0.02800130844116211,5
246,19,0.01650834083557129,2
247,30,0.024001598358154297,5
248,38,0.02700018882751465,3
249,35,0.029997825622558594,4
250,33,0.02100396156311035,4
251,17,0.022029399871826172,3
252,20,0.01799917221069336,2
253,100,0.016001224517822266,1
254,62,0.016999483108520508,2
255,14,0.018006086349487305,2
256,58,0.020993709564208984,3
257,26,0.02900099754333496,5
258,15,0.028000593185424805,3
259,25,0.03499770164489746,3
260,26,0.02351832389831543,3
261,46,0.027003049850463867,3
262,26,0.017000198364257812,2
263,21,0.022996187210083008,3
264,58,0.02100086212158203,3
265,33,0.017993450164794922,2
266,34,0.022001266479492188,3
267,56,0.019998788833618164,2
268,12,0.025524139404296875,3
269,6,0.03352212905883789,3
270,16,0.026992082595825195,5
271,31,0.02200937271118164,3
272,82,0.021999120712280273,3
273,10,0.028002500534057617,5
274,51,0.02099752426147461,4
275,95,0.0260007381439209,3
276,77,0.03099989891052246,4
277,39,0.018028736114501953,2
278,53,0.024000883102416992,4
279,25,0.03203892707824707,3
280,13,0.03299975395202637,3
281,81,0.02095961570739746,3
282,7,0.02300119400024414,4
283,27,0.017002105712890625,2
284,13,0.022996187210083008,4
285,100,0.023001670837402344,3
286,53,0.012998104095458984,1
287,16,0.025998830795288086,3
288,6,0.0280001163482666,3
289,12,0.0240023136138916,3
290,46,0.014999151229858398,2
291,19,0.020999431610107422,4
292,8,0.026000499725341797,5
293,18,0.018999814987182617,2
294,30,0.01599907875061035,2
295,100,0.02900075912475586,5
296,17,0.018999576568603516,3
297,35,0.019001483917236328,3
298,26,0.02699732780456543,3
299,61,0.03400063514709473,5
300,36,0.028022289276123047,5
301,11,0.015984058380126953,2
302,10,0.012999534606933594,1
303,15,0.021998882293701172,4
304,14,0.02902388572692871,5
305,10,0.015977144241333008,2
306,24,0.029000282287597656,4
307,29,0.015970230102539062,2
308,87,0.017000198364257812,2
309,87,0.019002914428710938,3
310,10,0.030037403106689453,5
311,37,0.018998146057128906,2
312,14,0.016999483108520508,2
313,30,0.02700042724609375,5
314,71,0.028996706008911133,5
315,100,0.020001888275146484,2
316,33,0.03399944305419922,5
317,12,0.017000198364257812,2
318,47,0.024999380111694336,2
319,27,0.022005319595336914,3
320,14,0.02799510955810547,5
321,15,0.0319979190826416,5
322,36,0.031027555465698242,5
323,100,0.031000137329101562,5
324,100,0.025997400283813477,3
325,22,0.02899956703186035,5
326,27,0.02200031280517578,3
327,38,0.02902698516845703,4
328,44,0.02599620819091797,4
329,30,0.027634382247924805,5
330,56,0.022997140884399414,4
331,38,0.012005329132080078,1
332,23,0.02400350570678711,3
333,28,0.024989604949951172,3
334,11,0.01600337028503418,2
335,59,0.021003246307373047,3
336,39,0.023999929428100586,4
337,59,0.02799510955810547,5
338,17,0.013002872467041016,1
339,46,0.01199793815612793,1
340,49,0.01751399040222168,2
341,34,0.030016183853149414,3
342,15,0.018015623092651367,2
343,51,0.02198195457458496,2
344,64,0.025997400283813477,5
345,23,0.010999679565429688,1
346,14,0.016999483108520508,2
347,45,0.027004718780517578,5
348,24,0.02202892303466797,3
349,8,0.0259702205657959,5
350,37,0.012998342514038086,2
351,71,0.025000333786010742,5
352,20,0.028997421264648438,5
353,41,0.017998695373535156,2
354,11,0.015073776245117188,2
355,100,0.02900099754333496,5
356,46,0.025025367736816406,5
357,37,0.02297496795654297,3
358,19,0.015000343322753906,2
359,29,0.008998870849609375,1
360,71,0.03099966049194336,5
361,17,0.01599907875061035,2
362,80,0.018000364303588867,2
363,58,0.015995502471923828,2
364,29,0.02652740478515625,5
365,19,0.0260009765625,4
366,61,0.031003952026367188,5
367,25,0.015994787216186523,2
368,100,0.02900528907775879,5
369,48,0.023002147674560547,3
370,25,0.025994300842285156,3
371,68,0.026006221771240234,5
372,19,0.02199864387512207,3
373,30,0.027999401092529297,5
374,100,0.01804661750793457,2
375,22,0.01703500747680664,2
376,89,0.02997589111328125,5
377,54,0.03199601173400879,4
378,6,0.016997337341308594,2
379,42,0.01699995994567871,2
380,63,0.027008771896362305,5
381,100,0.024996042251586914,5
382,28,0.028004169464111328,5
383,100,0.009993314743041992,1
384,37,0.02110767364501953,4
385,12,0.028011798858642578,5
386,14,0.016964197158813477,2
387,79,0.031996726989746094,5
388,41,0.024999618530273438,5
389,24,0.02907419204711914,5
390,70,0.020996570587158203,2
391,26,0.0340421199798584,5
392,17,0.021977901458740234,3
393,40,0.024991989135742188,5
394,14,0.023041963577270508,4
395,9,0.020960330963134766,3
396,6,0.018995285034179688,2
397,100,0.01399850845336914,1
398,41,0.03505373001098633,5
399,100,0.021047592163085938,3
400,69,0.02398967742919922,3
401,33,0.01600337028503418,2
402,51,0.020027637481689453,3
403,15,0.029027700424194336,5
404,27,0.026967287063598633,5
405,37,0.011017322540283203,1
406,63,0.020976543426513672,2
407,30,0.026007413864135742,5
408,32,0.03298473358154297,5
409,31,0.034001827239990234,5
410,26,0.024994611740112305,5
411,27,0.03398609161376953,5
412,21,0.024999618530273438,3
413,14,0.01997089385986328,2
414,83,0.025003671646118164,3
415,35,0.023972511291503906,3
416,20,0.03100109100341797,5
417,19,0.021001577377319336,4
418,39,0.018999576568603516,2
419,48,0.024996042251586914,3
420,56,0.019031047821044922,3
421,17,0.020025253295898438,3
422,18,0.027997732162475586,3
423,100,0.02200603485107422,3
424,16,0.017986059188842773,2
425,35,0.024994850158691406,5
426,32,0.01800370216369629,2
427,59,0.02499842643737793,2
428,57,0.026001930236816406,5
429,37,0.01699972152709961,2
430,84,0.024014949798583984,5
431,42,0.032033443450927734,5
432,20,0.016994476318359375,2
433,19,0.03600192070007324,5
434,15,0.023998022079467773,3
435,100,0.01999974250793457,3
436,30,0.016999483108520508,2
437,57,0.025017976760864258,5
438,23,0.010999679565429688,1
439,38,0.01599860191345215,2
440,48,0.027014970779418945,3
441,100,0.026010990142822266,5
442,58,0.01899862289428711,3
443,35,0.025995969772338867,5
444,69,0.024003267288208008,3
445,78,0.015995264053344727,2
446,19,0.016002893447875977,2
447,56,0.009996414184570312,1
448,75,0.024002552032470703,5
449,9,0.011997699737548828,1
450,34,0.022035837173461914,3
451,11,0.022967100143432617,3
452,20,0.018029451370239258,2
453,30,0.016999244689941406,2
454,28,0.022036314010620117,3
455,53,0.025997638702392578,5
456,14,0.008999824523925781,1
457,8,0.02301645278930664,3
458,27,0.014980077743530273,2
459,40,0.017002344131469727,2
460,88,0.016006946563720703,1
461,9,0.023987531661987305,5
462,60,0.016039609909057617,2
463,37,0.018977880477905273,3
464,20,0.02103281021118164,3
465,41,0.021961450576782227,3
466,35,0.011021137237548828,1
467,24,0.02197885513305664,4
468,47,0.03501701354980469,5
469,15,0.026987314224243164,5
470,27,0.026018142700195312,3
471,21,0.016003847122192383,2
472,50,0.01599597930908203,2
473,13,0.0170135498046875,2
474,38,0.022001266479492188,2
475,100,0.021985292434692383,4
476,30,0.0279996395111084,5
477,30,0.024002790451049805,4
478,28,0.027020692825317383,2
479,25,0.018976688385009766,2
480,31,0.018000364303588867,2
481,14,0.02453303337097168,3
482,12,0.020992755889892578,4
483,33,0.014002084732055664,2
484,60,0.021999835968017578,4
485,48,0.0370020866394043,4
486,25,0.01999640464782715,3
487,26,0.032999277114868164,3
488,34,0.020034313201904297,2
489,31,0.029063940048217773,3
490,92,0.023002147674560547,3
491,26,0.02500462532043457,2
492,13,0.02499246597290039,5
493,25,0.01700425148010254,2
494,41,0.021995067596435547,4
495,28,0.026004552841186523,5
496,19,0.025001049041748047,3
497,18,0.021998882293701172,3
498,63,0.03354811668395996,5
499,47,0.023003101348876953,3
500,86,0.027001380920410156,3
501,11,0.016974449157714844,2
502,21,0.02102518081665039,3
503,95,0.023973941802978516,4
504,21,0.023001909255981445,3
505,9,0.012030363082885742,1
506,24,0.017969846725463867,2
507,13,0.02599477767944336,4
508,100,0.016019105911254883,2
509,83,0.01100015640258789,1
510,23,0.028978586196899414,5
511,100,0.031009435653686523,5
512,65,0.021999597549438477,4
513,54,0.02399444580078125,4
514,14,0.025997161865234375,4
515,27,0.03700518608093262,5
516,100,0.02099442481994629,3
517,19,0.02500176429748535,3
518,29,0.021013975143432617,2
519,47,0.03098583221435547,3
520,25,0.029004573822021484,5
521,49,0.024001598358154297,4
522,54,0.025999069213867188,5
523,14,0.021997928619384766,3
524,12,0.0209963321685791,3
525,18,0.018004655838012695,2
526,100,0.027996063232421875,5
527,17,0.01999950408935547,3
528,9,0.01699972152709961,2
529,20,0.021999597549438477,3
530,23,0.021016597747802734,3
531,32,0.025997161865234375,3
532,6,0.028995752334594727,4
533,30,0.021004199981689453,3
534,100,0.026970386505126953,3
535,15,0.03299880027770996,5
536,47,0.021002531051635742,3
537,14,0.02100396156311035,2
538,36,0.02300286293029785,4
539,20,0.02299785614013672,2
540,68,0.025004148483276367,3
541,66,0.02699565887451172,5
542,92,0.036005496978759766,5
543,9,0.016988515853881836,2
544,15,0.02699565887451172,5
545,7,0.027024269104003906,5
546,11,0.023002147674560547,4
547,55,0.016997098922729492,2
548,25,0.01600027084350586,2
549,42,0.023003578186035156,4
550,20,0.026996850967407227,4
551,34,0.033005475997924805,5
552,34,0.018995285034179688,2
553,80,0.020998716354370117,2
554,64,0.02995920181274414,3
555,65,0.014005661010742188,2
556,97,0.012001514434814453,1
557,41,0.022999286651611328,2
558,34,0.02852344512939453,4
559,49,0.028001785278320312,3
560,17,0.03304028511047363,5
561,6,0.03299093246459961,5
562,100,0.021008729934692383,3
563,53,0.010999441146850586,1
564,60,0.012999296188354492,1
565,43,0.029038190841674805,4
566,14,0.025992631912231445,5
567,16,0.02500009536743164,5
568,19,0.024996280670166016,3
569,100,0.027003765106201172,5
570,68,0.038002729415893555,5
571,90,0.00999903678894043,1
572,90,0.024997949600219727,5
573,19,0.016002893447875977,2
574,100,0.015996456146240234,2
575,39,0.03199934959411621,5
576,26,0.014999866485595703,2
577,72,0.033017873764038086,5
578,16,0.024994373321533203,3
579,39,0.028002262115478516,5
580,11,0.015997648239135742,2
581,46,0.022003889083862305,2
582,54,0.02504134178161621,5
583,100,0.026958703994750977,3
584,24,0.022001266479492188,3
585,46,0.01999211311340332,3
586,31,0.02399897575378418,3
587,17,0.020021677017211914,2
588,68,0.030993938446044922,5
589,21,0.024012327194213867,5
590,39,0.021988868713378906,2
591,47,0.025000810623168945,3
592,49,0.02099752426147461,4
593,46,0.017001628875732422,2
594,46,0.023997783660888672,5
595,57,0.022001028060913086,3
596,21,0.022998571395874023,3
597,11,0.021999120712280273,2
598,21,0.024000883102416992,3
599,100,0.022001266479492188,3
600,17,0.03800487518310547,5
601,64,0.031001567840576172,3
602,28,0.019999027252197266,3
603,8,0.028022289276123047,5
604,100,0.012999773025512695,1
605,13,0.025036334991455078,2
606,61,0.020964622497558594,2
607,13,0.03297877311706543,5
608,51,0.01703190803527832,2
609,39,0.026000261306762695,5
610,54,0.024031400680541992,5
611,13,0.018996000289916992,2
612,53,0.018041610717773438,2
613,32,0.01898813247680664,3
614,27,0.023998498916625977,4
615,100,0.018971681594848633,2
616,66,0.02700519561767578,5
617,80,0.01999521255493164,3
618,63,0.025005578994750977,5
619,68,0.021997928619384766,3
620,54,0.011020421981811523,1
621,11,0.02198052406311035,3
622,54,0.01702737808227539,2
623,42,0.019968271255493164,3
624,19,0.02602839469909668,3
625,43,0.024994611740112305,5
626,57,0.017992019653320312,2
627,11,0.025003433227539062,3
628,24,0.023995637893676758,2
629,63,0.009999990463256836,1
630,39,0.03199934959411621,5
631,58,0.021003007888793945,3
632,79,0.026996850967407227,4
633,73,0.024999141693115234,5
634,86,0.020010709762573242,3
635,43,0.018990039825439453,2
636,100,0.026995420455932617,3
637,46,0.021000385284423828,4
638,100,0.032010793685913086,3
639,29,0.029020071029663086,5
640,100,0.019974946975708008,2
641,56,0.021014690399169922,2
642,11,0.02197885513305664,3
643,33,0.032996177673339844,5
644,80,0.022002458572387695,3
645,95,0.02199530601501465,2
646,22,0.015005350112915039,2
647,31,0.02399420738220215,4
648,11,0.03403186798095703,4
649,32,0.01897287368774414,2
650,32,0.01601243019104004,1
651,28,0.030016183853149414,4
652,16,0.029999971389770508,5
653,56,0.015999317169189453,2
654,31,0.03197479248046875,3
655,81,0.02199530601501465,3
656,36,0.022005796432495117,3
657,40,0.017011165618896484,2
658,84,0.02897334098815918,4
659,89,0.025998830795288086,5
660,68,0.026035070419311523,5
661,43,0.021038293838500977,3
662,45,0.022960662841796875,3
663,26,0.00999903678894043,1
664,57,0.024006128311157227,3
665,90,0.018986225128173828,2
666,25,0.02100396156311035,2
667,39,0.017028331756591797,2
668,25,0.01397085189819336,2
669,56,0.023041248321533203,4
670,96,0.022980213165283203,3
671,18,0.015998363494873047,2
672,100,0.02602219581604004,5
673,16,0.015999317169189453,2
674,35,0.021995067596435547,4
675,21,0.02302241325378418,3
676,26,0.020981311798095703,3
677,40,0.018018007278442383,2
678,29,0.017988204956054688,2
679,15,0.017001867294311523,2
680,17,0.019999980926513672,3
681,88,0.023020267486572266,3
682,21,0.023995161056518555,3
683,8,0.0180206298828125,2
684,60,0.027001619338989258,3
685,91,0.028002262115478516,5
686,46,0.01800847053527832,2
687,17,0.021994590759277344,3
688,21,0.025999069213867188,3
689,20,0.027971744537353516,3
690,94,0.020006179809570312,3
691,34,0.01900959014892578,2
692,24,0.025509357452392578,3
693,9,0.023041963577270508,3
694,19,0.01596379280090332,2
695,12,0.02502918243408203,5
696,65,0.020967721939086914,3
697,26,0.009001493453979492,1
698,15,0.027996301651000977,3
699,19,0.01599287986755371,2
700,22,0.01705646514892578,2
701,57,0.02499222755432129,5
702,31,0.023999452590942383,3
703,33,0.024999618530273438,5
704,35,0.022003650665283203,4
705,100,0.025034666061401367,4
706,22,0.01602315902709961,2
707,28,0.015999794006347656,2
708,8,0.0199737548828125,2
709,61,0.021033525466918945,2
710,12,0.028998136520385742,5
711,48,0.024995803833007812,5
712,14,0.024036884307861328,2
713,42,0.02096247673034668,4
714,30,0.0210268497467041,3
715,22,0.023972749710083008,3
716,17,0.027004003524780273,5
717,30,0.025002002716064453,5
718,22,0.009998798370361328,1
719,100,0.022020339965820312,2
720,50,0.01598834991455078,2
721,9,0.02899312973022461,5
722,100,0.014998674392700195,2
723,19,0.02399420738220215,3
724,58,0.02102375030517578,3
725,51,0.024964094161987305,5
726,46,0.016002893447875977,2
727,33,0.013013839721679688,1
728,69,0.022986888885498047,3
729,51,0.026000022888183594,5
730,18,0.01899433135986328,3
731,97,0.02402782440185547,3
732,56,0.029987335205078125,4
733,12,0.04199981689453125,4
734,18,0.01900315284729004,2
735,32,0.020990371704101562,2
736,16,0.02300429344177246,3
737,43,0.014000415802001953,1
738,20,0.023995161056518555,2
739,46,0.016004085540771484,2
740,100,0.01600480079650879,2
741,60,0.02899765968322754,5
742,99,0.029001235961914062,5
743,18,0.021001815795898438,2
744,18,0.014998674392700195,2
745,82,0.01899433135986328,2
746,12,0.009999275207519531,1
747,40,0.015038251876831055,2
748,20,0.027976274490356445,3
749,32,0.028985977172851562,5
750,57,0.018013477325439453,2
751,8,0.019983291625976562,2
752,36,0.014004230499267578,1
753,14,0.024036884307861328,2
754,46,0.020958900451660156,3
755,43,0.024998188018798828,3
756,64,0.01699995994567871,2
757,70,0.02400374412536621,5
758,45,0.024000167846679688,5
759,89,0.0260007381439209,3
760,100,0.027996540069580078,5
761,73,0.02099919319152832,3
762,46,0.02300715446472168,2
763,28,0.031513214111328125,5
764,34,0.024519681930541992,3
765,13,0.027999401092529297,5
766,59,0.0280001163482666,4
767,52,0.029996395111083984,3
768,25,0.032001495361328125,5
769,19,0.01700115203857422,2
770,74,0.01799750328063965,2
771,17,0.017000913619995117,2
772,43,0.032004594802856445,5
773,37,0.021011829376220703,4
774,14,0.02700328826904297,3
775,13,0.01600027084350586,2
776,68,0.024997234344482422,5
777,41,0.016001462936401367,2
778,98,0.018999576568603516,3
779,46,0.022017717361450195,4
780,43,0.019975662231445312,3
781,93,0.01600360870361328,2
782,33,0.0280001163482666,5
783,48,0.03199577331542969,5
784,32,0.025029659271240234,3
785,42,0.015970945358276367,2
786,25,0.023998260498046875,4
787,24,0.025005340576171875,2
788,100,0.01999974250793457,2
789,95,0.02700066566467285,3
790,17,0.04599642753601074,5
791,13,0.017001628875732422,1
792,36,0.020998716354370117,1
793,17,0.035999298095703125,5
794,38,0.029000282287597656,3
795,20,0.02900075912475586,5
796,15,0.029999732971191406,4
797,90,0.0230104923248291,3
798,42,0.018988370895385742,2
799,83,0.029014110565185547,3
800,33,0.026997804641723633,5
801,100,0.026995420455932617,5
802,36,0.023000001907348633,3
803,70,0.02600407600402832,5
804,27,0.018994808197021484,2
805,54,0.02300548553466797,3
806,100,0.02399730682373047,3
807,30,0.027003049850463867,5
808,58,0.021998167037963867,3
809,9,0.01800537109375,2
810,23,0.0260007381439209,5
811,12,0.020015478134155273,3
812,9,0.023981809616088867,2
813,78,0.031013965606689453,5
814,19,0.02698540687561035,3
815,14,0.020032167434692383,2
816,32,0.025002241134643555,2
817,16,0.018967866897583008,3
818,16,0.018000125885009766,2
819,22,0.02300262451171875,3
820,25,0.013005971908569336,2
821,50,0.024009227752685547,3
822,38,0.016982078552246094,2
823,100,0.016003847122192383,2
824,12,0.027997255325317383,3
825,37,0.015002012252807617,2
826,57,0.016001224517822266,2
827,31,0.028079748153686523,3
828,33,0.015999555587768555,2
829,17,0.022003173828125,3
830,81,0.02502584457397461,4
831,15,0.028980493545532227,4
832,40,0.024996519088745117,5
833,9,0.017032146453857422,2
834,100,0.026966333389282227,5
835,86,0.028000831604003906,5
836,46,0.012983083724975586,2
837,21,0.014551639556884766,2
838,46,0.026001930236816406,5
839,24,0.021996021270751953,4
840,51,0.04202628135681152,5
841,32,0.021963834762573242,3
842,100,0.02299976348876953,3
843,21,0.025005102157592773,3
844,18,0.019989013671875,3
845,20,0.01900458335876465,2
846,15,0.021010398864746094,4
847,100,0.014976024627685547,1
848,75,0.022973299026489258,3
849,34,0.01599907875061035,2
850,67,0.02098846435546875,4
851,100,0.02100396156311035,3
852,64,0.02499556541442871,5
853,61,0.02200007438659668,3
854,9,0.01699972152709961,2
855,33,0.013000965118408203,2
856,52,0.020001888275146484,3
857,59,0.021998167037963867,3
858,18,0.018002033233642578,2
859,52,0.01799917221069336,1
860,18,0.037995100021362305,5
861,35,0.026001930236816406,5
862,27,0.023999452590942383,4
863,88,0.014000177383422852,1
864,92,0.016988039016723633,2
865,71,0.0260012149810791,4
866,63,0.021994352340698242,3
867,84,0.03501462936401367,5
868,29,0.03401780128479004,5
869,35,0.012001514434814453,1
870,59,0.023029327392578125,3
871,75,0.022996187210083008,3
872,18,0.010997533798217773,1
873,92,0.01800251007080078,2
874,23,0.03196907043457031,5
875,21,0.015001296997070312,2
876,51,0.019006967544555664,2
877,18,0.0170137882232666,2
878,74,0.014966487884521484,2
879,22,0.02299952507019043,4
880,25,0.019026517868041992,3
881,63,0.02197718620300293,3
882,20,0.008979558944702148,1
883,45,0.01900172233581543,3
884,100,0.022983074188232422,3
885,7,0.03002762794494629,3
886,27,0.029985904693603516,3
887,30,0.033977508544921875,3
888,44,0.02799677848815918,5
889,37,0.02201223373413086,4
890,49,0.022985458374023438,3
891,39,0.027999401092529297,5
892,24,0.021999597549438477,3
893,56,0.021037817001342773,3
894,46,0.015961408615112305,2
895,53,0.030001401901245117,5
896,51,0.02699875831604004,5
897,40,0.016011953353881836,2
898,18,0.02099442481994629,4
899,39,0.021001815795898438,3
900,48,0.023032665252685547,2
901,47,0.014000892639160156,2
902,20,0.025995492935180664,3
903,39,0.02402186393737793,3
904,100,0.019001007080078125,2
905,52,0.03199410438537598,5
906,30,0.011007070541381836,1
907,85,0.0320134162902832,5
908,31,0.01899886131286621,2
909,44,0.028023719787597656,3
910,23,0.022999048233032227,3
911,47,0.02400493621826172,3
912,37,0.01900172233581543,3
913,20,0.008999109268188477,1
914,15,0.02099895477294922,4
915,7,0.030032634735107422,3
916,100,0.020999431610107422,3
917,25,0.021004199981689453,3
918,24,0.018011093139648438,2
919,61,0.019987821578979492,3
920,54,0.03103470802307129,5
921,73,0.0209658145904541,3
922,26,0.025995254516601562,5
923,25,0.02200174331665039,4
924,8,0.015997886657714844,2
925,87,0.021002769470214844,2
926,88,0.020998477935791016,2
927,18,0.03300070762634277,4
928,49,0.024000167846679688,5
929,88,0.021999835968017578,3
930,77,0.026998281478881836,4
931,30,0.0260012149810791,3
932,36,0.02799844741821289,5
933,18,0.021015644073486328,3
934,28,0.0209963321685791,4
935,19,0.015999555587768555,2
936,100,0.017000436782836914,2
937,49,0.0149993896484375,2
938,100,0.026997804641723633,5
939,31,0.023004770278930664,3
940,45,0.016002416610717773,2
941,100,0.030993938446044922,5
942,100,0.03202533721923828,5
943,73,0.025994539260864258,3
944,49,0.020017385482788086,2
945,42,0.015997648239135742,2
946,82,0.012997865676879883,1
947,51,0.021966934204101562,3
948,100,0.016994237899780273,2
949,33,0.011998653411865234,1
950,63,0.021999835968017578,4
951,59,0.01999497413635254,3
952,47,0.021001100540161133,3
953,21,0.015000343322753906,1
954,22,0.015999555587768555,2
955,30,0.029999732971191406,5
956,23,0.02500462532043457,5
957,100,0.024996042251586914,5
958,65,0.01699995994567871,2
959,45,0.017026662826538086,2
960,31,0.02197432518005371,2
961,100,0.017999649047851562,2
962,82,0.021002531051635742,3
963,20,0.023966550827026367,2
964,24,0.025035381317138672,5
965,73,0.0219728946685791,4
966,52,0.012991666793823242,1
967,30,0.011998414993286133,1
968,71,0.025003910064697266,5
969,40,0.0190274715423584,3
970,100,0.02498316764831543,5
971,65,0.024982929229736328,5
972,17,0.022043943405151367,3
973,21,0.023955106735229492,5
974,53,0.02203512191772461,4
975,90,0.020012378692626953,4
976,100,0.017014741897583008,2
977,22,0.028005361557006836,5
978,41,0.00998687744140625,1
979,50,0.02598428726196289,5
980,30,0.019999980926513672,3
981,12,0.018996715545654297,2
982,72,0.024024248123168945,4
983,100,0.03299832344055176,5
984,16,0.020999670028686523,3
985,79,0.018038272857666016,2
986,17,0.0179593563079834,2
987,26,0.025999069213867188,5
988,32,0.02600264549255371,3
989,58,0.028001785278320312,5
990,43,0.019019365310668945,2
991,30,0.02150440216064453,3
992,17,0.024001121520996094,3
993,45,0.019998788833618164,3
994,78,0.016000032424926758,2
995,100,0.01599860191345215,2
996,97,0.026001453399658203,5
997,100,0.024001359939575195,4
998,48,0.02599811553955078,5
999,29,0.01603555679321289,2
