Episode,Steps,Time,Converged at Iterations
0,16,0.02506089210510254,5
1,41,0.02897047996520996,5
2,27,0.015988826751708984,2
3,48,0.015003442764282227,2
4,54,0.014997005462646484,2
5,41,0.014999866485595703,2
6,100,0.02500319480895996,5
7,37,0.02499699592590332,5
8,39,0.021000385284423828,2
9,25,0.0240175724029541,5
10,28,0.008985757827758789,1
11,8,0.028992891311645508,5
12,7,0.01999521255493164,2
13,48,0.02000141143798828,2
14,26,0.026000261306762695,5
15,38,0.027999401092529297,5
16,76,0.030004262924194336,5
17,26,0.01999521255493164,3
18,50,0.026002883911132812,3
19,9,0.014997005462646484,2
20,100,0.023002147674560547,3
21,13,0.013002872467041016,1
22,33,0.02699899673461914,5
23,100,0.0229949951171875,4
24,100,0.025998830795288086,5
25,87,0.015004634857177734,1
26,19,0.02900099754333496,5
27,42,0.025029659271240234,5
28,10,0.022959470748901367,3
29,36,0.020999670028686523,3
30,31,0.01699972152709961,2
31,40,0.015001773834228516,2
32,20,0.022998809814453125,4
33,77,0.03000020980834961,5
34,18,0.01999974250793457,3
35,36,0.01599907875061035,2
36,29,0.02100348472595215,4
37,30,0.01599574089050293,2
38,27,0.028039216995239258,3
39,17,0.01898336410522461,2
40,10,0.025990724563598633,3
41,9,0.02800297737121582,5
42,23,0.017017126083374023,2
43,24,0.015994548797607422,2
44,15,0.025004148483276367,5
45,61,0.01199483871459961,1
46,61,0.018004179000854492,2
47,71,0.025998830795288086,3
48,73,0.01599574089050293,2
49,11,0.01700305938720703,2
50,43,0.019999980926513672,3
51,9,0.011002063751220703,1
52,17,0.026998519897460938,5
53,18,0.033997535705566406,4
54,25,0.025998592376708984,5
55,100,0.02200603485107422,3
56,33,0.016002655029296875,2
57,61,0.019982576370239258,3
58,80,0.02400517463684082,5
59,66,0.022968530654907227,3
60,100,0.02299976348876953,3
61,13,0.017000675201416016,2
62,75,0.017502784729003906,2
63,34,0.028522491455078125,5
64,52,0.022002458572387695,3
65,34,0.01999497413635254,3
66,92,0.01500082015991211,2
67,37,0.02100205421447754,4
68,54,0.008998632431030273,1
69,47,0.021999835968017578,2
70,7,0.022001266479492188,4
71,48,0.016000032424926758,2
72,100,0.0210268497467041,3
73,33,0.034828901290893555,5
74,24,0.01799488067626953,2
75,41,0.018001556396484375,2
76,34,0.022998809814453125,3
77,11,0.028000831604003906,3
78,10,0.02399897575378418,3
79,39,0.03500199317932129,3
80,20,0.02299952507019043,3
81,31,0.026998043060302734,5
82,10,0.015996217727661133,2
83,29,0.019002437591552734,3
84,41,0.030026912689208984,5
85,29,0.029990434646606445,5
86,20,0.026005983352661133,4
87,72,0.021991252899169922,4
88,56,0.029014110565185547,5
89,8,0.024007797241210938,3
90,35,0.025053977966308594,3
91,42,0.027990102767944336,5
92,39,0.02197551727294922,4
93,41,0.02699112892150879,4
94,55,0.027010440826416016,5
95,10,0.010998249053955078,1
96,29,0.028000354766845703,5
97,59,0.02400660514831543,2
98,41,0.021992206573486328,4
99,100,0.033532142639160156,5
100,55,0.02998948097229004,3
101,66,0.023055076599121094,3
102,23,0.022996902465820312,3
103,20,0.02599930763244629,5
104,27,0.031005382537841797,5
105,61,0.020993709564208984,3
106,18,0.023003578186035156,3
107,35,0.015010833740234375,2
108,55,0.017987966537475586,2
109,10,0.020999431610107422,2
110,24,0.025995254516601562,3
111,36,0.01700448989868164,2
112,22,0.018021583557128906,2
113,58,0.024999618530273438,5
114,99,0.022961139678955078,3
115,43,0.021000146865844727,2
116,18,0.015000104904174805,2
117,22,0.010998964309692383,1
118,30,0.02500176429748535,5
119,57,0.012998104095458984,2
120,26,0.019002437591552734,2
121,73,0.018997907638549805,2
122,100,0.028005123138427734,5
123,23,0.021991729736328125,3
124,92,0.023015260696411133,3
125,17,0.014967679977416992,2
126,100,0.02500009536743164,5
127,33,0.020998477935791016,3
128,15,0.017996788024902344,2
129,100,0.030999422073364258,5
130,54,0.02500462532043457,5
131,100,0.020999431610107422,4
132,20,0.0169980525970459,2
133,39,0.027001142501831055,5
134,17,0.0209958553314209,4
135,52,0.023999929428100586,4
136,19,0.01700758934020996,2
137,16,0.01899266242980957,2
138,21,0.02599954605102539,3
139,100,0.021004438400268555,2
140,10,0.03397202491760254,5
141,71,0.0280001163482666,4
142,40,0.020002126693725586,2
143,31,0.016970157623291016,2
144,15,0.02599787712097168,3
145,36,0.0260009765625,5
146,38,0.015000104904174805,2
147,49,0.014999151229858398,2
148,16,0.009000301361083984,1
149,24,0.025004148483276367,5
150,15,0.03099656105041504,5
151,100,0.02903890609741211,4
152,44,0.017993450164794922,2
153,40,0.019028663635253906,2
154,33,0.02899622917175293,4
155,35,0.0279998779296875,5
156,71,0.02500319480895996,5
157,15,0.0249936580657959,5
158,17,0.010012149810791016,1
159,38,0.02103281021118164,4
160,77,0.02499532699584961,5
161,17,0.024003267288208008,5
162,28,0.020998001098632812,3
163,82,0.021015167236328125,2
164,21,0.021986007690429688,4
165,23,0.018003225326538086,2
166,26,0.026996374130249023,3
167,51,0.026000499725341797,3
168,34,0.016998291015625,2
169,17,0.03101515769958496,5
170,87,0.01598381996154785,2
171,52,0.024996042251586914,5
172,13,0.009000301361083984,1
173,49,0.020999670028686523,4
174,6,0.025999784469604492,5
175,19,0.024003267288208008,2
176,50,0.03400754928588867,5
177,14,0.023989439010620117,3
178,25,0.020005226135253906,2
179,15,0.02300119400024414,3
180,70,0.01999354362487793,3
181,48,0.02100062370300293,3
182,11,0.017004013061523438,2
183,32,0.015999794006347656,2
184,48,0.016996145248413086,2
185,63,0.010002851486206055,1
186,62,0.02299642562866211,3
187,62,0.024037837982177734,5
188,66,0.026541709899902344,2
189,11,0.023578166961669922,5
190,35,0.010001659393310547,1
191,24,0.020984649658203125,3
192,9,0.016995668411254883,2
193,56,0.026021718978881836,5
194,55,0.021985292434692383,4
195,13,0.0169980525970459,2
196,10,0.02100062370300293,3
197,100,0.027001142501831055,4
198,49,0.02200031280517578,4
199,28,0.031001567840576172,4
200,55,0.02800130844116211,5
201,10,0.019995927810668945,3
202,79,0.02299952507019043,3
203,32,0.01601886749267578,2
204,46,0.016980886459350586,2
205,60,0.024027347564697266,3
206,14,0.02197718620300293,3
207,55,0.048998355865478516,5
208,33,0.029998302459716797,2
209,73,0.017998456954956055,2
210,28,0.02900075912475586,3
211,80,0.029999256134033203,3
212,9,0.0209963321685791,2
213,42,0.03100275993347168,5
214,54,0.03400063514709473,4
215,16,0.023005008697509766,4
216,26,0.017997264862060547,2
217,35,0.0189969539642334,2
218,28,0.017002582550048828,2
219,34,0.020000219345092773,2
220,32,0.027997970581054688,5
221,96,0.01899862289428711,2
222,37,0.02400064468383789,3
223,47,0.02154684066772461,2
224,100,0.03517031669616699,5
225,20,0.028029680252075195,5
226,58,0.0279998779296875,5
227,17,0.023000240325927734,3
228,69,0.029999494552612305,5
229,40,0.030999422073364258,5
230,20,0.012002229690551758,1
231,24,0.01800370216369629,2
232,9,0.01203012466430664,1
233,35,0.024964094161987305,3
234,85,0.023006439208984375,4
235,100,0.022001981735229492,2
236,38,0.030001401901245117,5
237,8,0.03404498100280762,5
238,65,0.03194928169250488,5
239,18,0.023022174835205078,3
240,20,0.027982473373413086,5
241,70,0.021995067596435547,3
242,45,0.03300166130065918,5
243,29,0.033011674880981445,4
244,49,0.023621320724487305,3
245,10,0.025004148483276367,5
246,38,0.026034116744995117,5
247,22,0.016996383666992188,2
248,64,0.018027067184448242,2
249,58,0.02200007438659668,3
250,32,0.020030975341796875,2
251,53,0.02299976348876953,4
252,10,0.027999401092529297,2
253,19,0.03500199317932129,5
254,9,0.028979778289794922,2
255,37,0.016005277633666992,2
256,43,0.011001348495483398,1
257,58,0.00997471809387207,1
258,21,0.024001121520996094,5
259,23,0.018007993698120117,2
260,28,0.02297234535217285,3
261,8,0.016021013259887695,2
262,13,0.010004043579101562,1
263,28,0.018996000289916992,3
264,9,0.02300548553466797,4
265,78,0.016998767852783203,2
266,9,0.017998933792114258,2
267,65,0.019999980926513672,2
268,54,0.02099776268005371,3
269,51,0.016000986099243164,2
270,53,0.028009653091430664,5
271,93,0.01798272132873535,2
272,100,0.013001203536987305,1
273,34,0.023013830184936523,3
274,32,0.021997451782226562,4
275,10,0.019998788833618164,3
276,31,0.026999950408935547,2
277,84,0.028002500534057617,5
278,13,0.016997575759887695,2
279,100,0.02900075912475586,5
280,29,0.015999317169189453,2
281,100,0.022999286651611328,2
282,95,0.015000581741333008,2
283,76,0.0169985294342041,2
284,53,0.021999835968017578,3
285,10,0.01703619956970215,2
286,26,0.026969432830810547,5
287,32,0.029001951217651367,5
288,8,0.028526782989501953,4
289,45,0.0330045223236084,4
290,53,0.043994903564453125,4
291,76,0.02200031280517578,2
292,37,0.028002500534057617,3
293,100,0.018999576568603516,2
294,39,0.03599667549133301,5
295,31,0.026978731155395508,5
296,62,0.023999929428100586,2
297,12,0.019054889678955078,2
298,22,0.017003536224365234,2
299,25,0.01999974250793457,2
300,48,0.016996383666992188,2
301,16,0.03300642967224121,4
302,17,0.033013343811035156,5
303,19,0.028993844985961914,5
304,25,0.02601313591003418,3
305,10,0.023037195205688477,4
306,76,0.021962404251098633,3
307,62,0.02602386474609375,5
308,49,0.01396942138671875,2
309,31,0.020998477935791016,4
310,70,0.018000125885009766,2
311,78,0.02899956703186035,5
312,100,0.01999950408935547,3
313,9,0.021002531051635742,2
314,98,0.03451347351074219,4
315,17,0.03399825096130371,4
316,54,0.02899765968322754,5
317,100,0.019003629684448242,3
318,100,0.016013622283935547,2
319,32,0.01999974250793457,3
320,50,0.026999711990356445,3
321,30,0.034003496170043945,5
322,16,0.02603006362915039,3
323,21,0.02697014808654785,2
324,11,0.021002769470214844,3
325,73,0.029022932052612305,3
326,100,0.029972553253173828,3
327,52,0.02699756622314453,5
328,61,0.027005434036254883,4
329,52,0.019008874893188477,2
330,57,0.025985240936279297,3
331,72,0.018001556396484375,2
332,37,0.027993202209472656,5
333,34,0.02899646759033203,5
334,16,0.011000394821166992,1
335,65,0.02699899673461914,5
336,31,0.026001691818237305,5
337,16,0.025002002716064453,2
338,30,0.023001670837402344,2
339,66,0.03202652931213379,5
340,34,0.018004655838012695,2
341,100,0.02399301528930664,3
342,34,0.02899909019470215,5
343,18,0.028999805450439453,5
344,100,0.022999286651611328,3
345,24,0.020996809005737305,3
346,24,0.0260012149810791,3
347,83,0.023998022079467773,3
348,46,0.012999534606933594,2
349,49,0.02800297737121582,5
350,42,0.027998924255371094,5
351,54,0.024997472763061523,4
352,30,0.017002105712890625,2
353,68,0.02101755142211914,3
354,100,0.02698802947998047,5
355,37,0.03299736976623535,3
356,20,0.023999452590942383,4
357,46,0.02904820442199707,5
358,29,0.013997793197631836,2
359,24,0.016999006271362305,2
360,31,0.025009632110595703,5
361,46,0.022026777267456055,3
362,11,0.0219728946685791,2
363,9,0.021005868911743164,4
364,61,0.020000457763671875,2
365,32,0.025019168853759766,4
366,66,0.021975994110107422,3
367,28,0.022111892700195312,3
368,51,0.028000831604003906,4
369,17,0.018004894256591797,2
370,42,0.018021345138549805,2
371,41,0.0289764404296875,5
372,54,0.02300572395324707,3
373,45,0.02098679542541504,3
374,66,0.01600050926208496,2
375,33,0.021997690200805664,2
376,53,0.028001070022583008,3
377,12,0.024994611740112305,3
378,80,0.026003599166870117,5
379,14,0.024029254913330078,3
380,48,0.029990196228027344,5
381,100,0.0289762020111084,5
382,100,0.025996685028076172,3
383,18,0.023983240127563477,4
384,24,0.013001203536987305,1
385,41,0.024000167846679688,2
386,25,0.0229949951171875,3
387,37,0.022999048233032227,3
388,48,0.019000768661499023,2
389,100,0.02900242805480957,5
390,50,0.022010326385498047,2
391,27,0.025965213775634766,4
392,43,0.024998903274536133,3
393,100,0.03197979927062988,5
394,13,0.026998281478881836,3
395,29,0.01799798011779785,2
396,37,0.023011207580566406,3
397,79,0.02898883819580078,5
398,63,0.016962289810180664,1
399,61,0.022004365921020508,4
400,62,0.02401423454284668,3
401,16,0.01398158073425293,2
402,21,0.01900339126586914,2
403,48,0.026001453399658203,5
404,74,0.024976015090942383,3
405,100,0.024997711181640625,3
406,100,0.01699995994567871,2
407,32,0.030004262924194336,5
408,27,0.02300262451171875,4
409,12,0.025997638702392578,2
410,100,0.016995668411254883,2
411,100,0.020023345947265625,3
412,44,0.026002168655395508,4
413,100,0.017030954360961914,2
414,8,0.026003122329711914,3
415,35,0.026000499725341797,5
416,23,0.027013540267944336,5
417,17,0.01699972152709961,2
418,53,0.02199387550354004,4
419,49,0.021000385284423828,3
420,25,0.026003599166870117,5
421,21,0.016995906829833984,2
422,14,0.0260007381439209,3
423,10,0.024005889892578125,2
424,56,0.03156924247741699,5
425,35,0.0239865779876709,3
426,100,0.01599431037902832,2
427,17,0.018999576568603516,3
428,100,0.018999338150024414,3
429,53,0.010027647018432617,1
430,23,0.017583847045898438,2
431,26,0.016991615295410156,2
432,31,0.021999835968017578,3
433,98,0.016016483306884766,2
434,91,0.022997140884399414,3
435,50,0.02700018882751465,5
436,12,0.03000020980834961,4
437,49,0.026999711990356445,5
438,17,0.01700448989868164,2
439,33,0.028006315231323242,4
440,46,0.02802133560180664,3
441,55,0.01691913604736328,2
442,42,0.025015592575073242,3
443,52,0.026979923248291016,3
444,19,0.033995866775512695,5
445,78,0.01700448989868164,2
446,25,0.02900242805480957,3
447,8,0.010995149612426758,1
448,74,0.022000789642333984,3
449,32,0.025996685028076172,2
450,92,0.027002811431884766,3
451,53,0.0220034122467041,3
452,31,0.023995637893676758,4
453,39,0.020003795623779297,3
454,74,0.029996156692504883,5
455,21,0.02500295639038086,3
456,69,0.017998456954956055,2
457,35,0.020002365112304688,2
458,74,0.01699686050415039,2
459,19,0.02100348472595215,3
460,100,0.016996383666992188,2
461,40,0.02500605583190918,5
462,26,0.025999069213867188,5
463,100,0.016996383666992188,2
464,23,0.016999006271362305,2
465,13,0.022002458572387695,4
466,95,0.026999235153198242,5
467,24,0.03300285339355469,4
468,47,0.020006179809570312,1
469,29,0.019984006881713867,3
470,100,0.01699519157409668,2
471,31,0.01702570915222168,2
472,41,0.02298712730407715,3
473,14,0.02599954605102539,3
474,47,0.01899409294128418,2
475,100,0.030516386032104492,5
476,100,0.028040409088134766,5
477,29,0.019989013671875,3
478,58,0.0260012149810791,5
479,15,0.019001483917236328,3
480,21,0.024997711181640625,5
481,100,0.02700042724609375,5
482,30,0.025998830795288086,5
483,15,0.011058330535888672,1
484,46,0.02345871925354004,3
485,78,0.022017717361450195,3
486,14,0.024994373321533203,3
487,54,0.02202439308166504,4
488,42,0.025975465774536133,5
489,26,0.023999452590942383,4
490,21,0.027003765106201172,3
491,34,0.031032085418701172,5
492,17,0.023965120315551758,4
493,27,0.03199934959411621,5
494,16,0.026002168655395508,4
495,62,0.018031597137451172,2
496,32,0.027996301651000977,5
497,28,0.020998716354370117,3
498,100,0.027001619338989258,5
499,74,0.023999452590942383,3
500,84,0.02700066566467285,3
501,42,0.03399777412414551,5
502,30,0.026016950607299805,3
503,23,0.019001007080078125,2
504,45,0.01799917221069336,1
505,34,0.039995431900024414,5
506,9,0.015001296997070312,2
507,12,0.02700042724609375,5
508,62,0.028000593185424805,4
509,45,0.03500175476074219,3
510,38,0.019997596740722656,3
511,21,0.0160062313079834,2
512,31,0.023000240325927734,3
513,40,0.019089460372924805,2
514,19,0.022994279861450195,3
515,21,0.023003816604614258,4
516,32,0.015039920806884766,2
517,13,0.020955562591552734,3
518,15,0.016045093536376953,2
519,67,0.017954587936401367,2
520,22,0.03099822998046875,5
521,36,0.023030757904052734,3
522,44,0.02301168441772461,2
523,22,0.024506092071533203,2
524,46,0.015994787216186523,2
525,26,0.02300405502319336,3
526,18,0.028998851776123047,3
527,24,0.017002344131469727,2
528,70,0.02699446678161621,3
529,21,0.02799844741821289,2
530,100,0.016022682189941406,2
531,24,0.011960744857788086,1
532,26,0.01703166961669922,2
533,27,0.029969453811645508,3
534,46,0.02900099754333496,5
535,10,0.022998332977294922,4
536,63,0.020001649856567383,3
537,20,0.02801990509033203,5
538,36,0.011979818344116211,1
539,31,0.0260007381439209,3
540,6,0.021998167037963867,3
541,39,0.02700018882751465,5
542,13,0.022999048233032227,4
543,69,0.02200031280517578,4
544,71,0.023001909255981445,4
545,15,0.02099609375,3
546,13,0.021000146865844727,3
547,27,0.021004199981689453,3
548,20,0.026999711990356445,5
549,83,0.02700972557067871,5
550,30,0.015998363494873047,2
551,19,0.01800084114074707,2
552,47,0.022998571395874023,4
553,30,0.031001806259155273,5
554,14,0.019999265670776367,2
555,38,0.012000799179077148,1
556,27,0.0299990177154541,5
557,95,0.027001142501831055,5
558,63,0.03199458122253418,4
559,34,0.01399850845336914,1
560,51,0.0169985294342041,2
561,71,0.01700425148010254,2
562,49,0.020021677017211914,2
563,48,0.011994361877441406,1
564,32,0.031000852584838867,5
565,100,0.015977859497070312,2
566,53,0.02502274513244629,5
567,33,0.01898336410522461,2
568,10,0.015994787216186523,2
569,25,0.03200125694274902,5
570,38,0.026001930236816406,3
571,50,0.020000696182250977,2
572,14,0.021035194396972656,3
573,13,0.010000467300415039,1
574,15,0.019977569580078125,3
575,100,0.027001619338989258,5
576,68,0.024021148681640625,3
577,56,0.02499675750732422,4
578,25,0.01500391960144043,2
579,47,0.021001338958740234,2
580,44,0.020993471145629883,3
581,79,0.022003173828125,3
582,17,0.0229952335357666,4
583,37,0.024000167846679688,3
584,14,0.013000726699829102,2
585,49,0.012000799179077148,1
586,15,0.022002220153808594,3
587,64,0.019966602325439453,3
588,44,0.018973350524902344,2
589,24,0.017998695373535156,2
590,8,0.012001276016235352,1
591,28,0.021995067596435547,2
592,31,0.026000022888183594,5
593,87,0.02503657341003418,5
594,44,0.027987241744995117,4
595,33,0.02100062370300293,4
596,26,0.019039154052734375,2
597,14,0.023965120315551758,4
598,60,0.01799917221069336,2
599,50,0.02401423454284668,3
600,65,0.02499532699584961,5
601,18,0.016979455947875977,2
602,47,0.03299689292907715,3
603,10,0.0319981575012207,5
604,7,0.021000385284423828,3
605,16,0.023998260498046875,4
606,17,0.01800084114074707,2
607,88,0.018998384475708008,2
608,16,0.03800344467163086,5
609,62,0.01600027084350586,2
610,24,0.021007537841796875,2
611,6,0.013998270034790039,1
612,27,0.023001670837402344,2
613,8,0.023106098175048828,2
614,100,0.022997379302978516,3
615,18,0.020999908447265625,2
616,26,0.032999515533447266,3
617,31,0.017999649047851562,2
618,74,0.025000810623168945,3
619,19,0.02000594139099121,2
620,21,0.01799631118774414,2
621,63,0.028998851776123047,3
622,11,0.026001453399658203,2
623,100,0.02201247215270996,2
624,31,0.01898336410522461,2
625,39,0.024003267288208008,2
626,20,0.026992321014404297,5
627,33,0.025000810623168945,3
628,27,0.024999380111694336,3
629,35,0.022003173828125,4
630,78,0.013000726699829102,1
631,92,0.017000436782836914,2
632,56,0.028000593185424805,4
633,35,0.030004262924194336,5
634,19,0.024000167846679688,2
635,42,0.01601123809814453,2
636,10,0.02399420738220215,3
637,19,0.02698969841003418,5
638,24,0.025004148483276367,5
639,47,0.028002262115478516,5
640,20,0.021978139877319336,3
641,27,0.014975547790527344,2
642,51,0.016005754470825195,2
643,80,0.02299976348876953,3
644,93,0.029000282287597656,3
645,37,0.015996217727661133,2
646,37,0.024997949600219727,5
647,40,0.017000675201416016,2
648,34,0.021004676818847656,3
649,59,0.026999711990356445,4
650,58,0.016015052795410156,2
651,28,0.024010658264160156,4
652,62,0.02298140525817871,3
653,77,0.028005361557006836,3
654,22,0.027028322219848633,5
655,26,0.014966487884521484,2
656,22,0.015000104904174805,2
657,40,0.021008729934692383,3
658,6,0.028991222381591797,5
659,38,0.025005817413330078,2
660,14,0.017002105712890625,2
661,23,0.02602839469909668,3
662,14,0.02696990966796875,3
663,9,0.02699446678161621,5
664,26,0.02500748634338379,3
665,35,0.02499985694885254,4
666,41,0.012019157409667969,1
667,70,0.029999971389770508,3
668,21,0.01999807357788086,2
669,17,0.025997400283813477,5
670,100,0.01999974250793457,3
671,100,0.015999317169189453,2
672,13,0.024002790451049805,3
673,36,0.029000282287597656,5
674,17,0.02100205421447754,2
675,56,0.03199911117553711,5
676,21,0.027000904083251953,3
677,38,0.02903008460998535,5
678,11,0.024971723556518555,2
679,6,0.01999211311340332,2
680,18,0.017000436782836914,2
681,79,0.02701711654663086,3
682,33,0.028995275497436523,3
683,25,0.02199578285217285,3
684,58,0.02599930763244629,4
685,32,0.033998727798461914,5
686,26,0.024997949600219727,3
687,24,0.01800084114074707,2
688,16,0.027999401092529297,3
689,10,0.021999120712280273,3
690,25,0.02000260353088379,2
691,19,0.018997907638549805,2
692,14,0.010999679565429688,1
693,67,0.016004323959350586,2
694,13,0.02100062370300293,3
695,11,0.016997814178466797,2
696,36,0.018002986907958984,2
697,74,0.02799391746520996,5
698,15,0.02203059196472168,3
699,100,0.029979944229125977,5
700,6,0.01899576187133789,2
701,41,0.0260007381439209,4
702,35,0.022002220153808594,3
703,24,0.029000520706176758,5
704,66,0.027001380920410156,3
705,14,0.02700066566467285,5
706,8,0.02899956703186035,5
707,86,0.030028104782104492,4
708,84,0.022995710372924805,4
709,27,0.024000883102416992,3
710,33,0.029978275299072266,3
711,19,0.022998332977294922,3
712,100,0.021997690200805664,4
713,74,0.0279996395111084,5
714,66,0.024999141693115234,3
715,21,0.029004335403442383,5
716,22,0.022998809814453125,2
717,43,0.018002986907958984,2
718,9,0.01799488067626953,2
719,46,0.033998727798461914,5
720,22,0.013000249862670898,2
721,100,0.025009870529174805,5
722,13,0.019997596740722656,2
723,12,0.014998435974121094,2
724,76,0.021003007888793945,3
725,58,0.02799677848815918,5
726,32,0.023006916046142578,2
727,17,0.020012855529785156,2
728,23,0.017982959747314453,2
729,20,0.02300095558166504,3
730,72,0.02217721939086914,4
731,7,0.02014613151550293,3
732,75,0.026505231857299805,3
733,15,0.02097010612487793,3
734,20,0.022998809814453125,4
735,21,0.0370020866394043,5
736,66,0.028971433639526367,5
737,10,0.022028446197509766,3
738,40,0.022977352142333984,3
739,100,0.037001848220825195,5
740,36,0.016526460647583008,2
741,14,0.02699136734008789,5
742,54,0.017004966735839844,2
743,29,0.020000696182250977,2
744,24,0.021031618118286133,3
745,14,0.012032508850097656,1
746,34,0.02199554443359375,3
747,96,0.01696920394897461,2
748,22,0.03803563117980957,5
749,11,0.021965980529785156,2
750,50,0.019031047821044922,2
751,35,0.02499866485595703,3
752,8,0.02501845359802246,4
753,99,0.022977113723754883,3
754,14,0.026009559631347656,5
755,58,0.0249941349029541,5
756,38,0.01600193977355957,2
757,9,0.02102375030517578,3
758,100,0.019980907440185547,3
759,41,0.016087770462036133,2
760,19,0.029967784881591797,4
761,79,0.024981260299682617,5
762,71,0.026001691818237305,5
763,13,0.016998291015625,2
764,79,0.026002168655395508,5
765,100,0.02499556541442871,5
766,98,0.026000022888183594,5
767,47,0.013002395629882812,2
768,100,0.01800060272216797,2
769,35,0.024019718170166016,3
770,40,0.020001888275146484,3
771,15,0.017998456954956055,2
772,30,0.020997047424316406,2
773,69,0.020000457763671875,2
774,26,0.012999296188354492,1
775,50,0.024000883102416992,3
776,29,0.0260009765625,5
777,22,0.016000032424926758,2
778,15,0.02700662612915039,5
779,36,0.023999691009521484,4
780,12,0.020999431610107422,3
781,74,0.031032562255859375,3
782,23,0.02699732780456543,2
783,67,0.023042678833007812,3
784,9,0.018987655639648438,2
785,25,0.023999691009521484,2
786,18,0.0209963321685791,2
787,29,0.01799464225769043,2
788,100,0.019008636474609375,2
789,76,0.030002593994140625,4
790,11,0.01900196075439453,2
791,19,0.0299990177154541,3
792,63,0.01199650764465332,1
793,11,0.01800060272216797,2
794,22,0.031998634338378906,3
795,12,0.030002117156982422,5
796,24,0.020998001098632812,3
797,42,0.03500533103942871,5
798,30,0.019001007080078125,2
799,22,0.016996383666992188,2
800,58,0.012003421783447266,1
801,23,0.022998571395874023,3
802,23,0.025012731552124023,4
803,56,0.031017541885375977,5
804,13,0.023025989532470703,3
805,33,0.03297734260559082,5
806,25,0.02399754524230957,3
807,52,0.03000187873840332,3
808,11,0.025008440017700195,3
809,87,0.0239870548248291,3
810,27,0.02400660514831543,3
811,13,0.01999378204345703,2
812,79,0.02400350570678711,4
813,100,0.03300738334655762,5
814,22,0.032999277114868164,5
815,81,0.022997379302978516,3
816,21,0.022998809814453125,4
817,12,0.018000364303588867,2
818,45,0.010998964309692383,1
819,48,0.03402447700500488,3
820,11,0.02899765968322754,3
821,30,0.03000187873840332,5
822,83,0.022000789642333984,2
823,100,0.021000385284423828,2
824,44,0.029000282287597656,5
825,73,0.019998550415039062,2
826,42,0.02500629425048828,3
827,11,0.028049707412719727,3
828,55,0.01499795913696289,1
829,40,0.03900408744812012,5
830,67,0.03402853012084961,5
831,27,0.03299832344055176,5
832,62,0.03600168228149414,5
833,18,0.031998634338378906,3
834,56,0.036005496978759766,5
835,100,0.026001691818237305,3
836,40,0.022999286651611328,2
837,38,0.031064987182617188,4
838,31,0.01998758316040039,2
839,70,0.02300429344177246,2
840,38,0.02299642562866211,3
841,100,0.027008533477783203,3
842,14,0.024998188018798828,3
843,100,0.03199911117553711,4
844,43,0.03800153732299805,5
845,33,0.02199411392211914,2
846,35,0.0260009765625,4
847,71,0.025000810623168945,3
848,19,0.0260012149810791,5
849,59,0.025001049041748047,3
850,35,0.020999431610107422,2
851,36,0.025003433227539062,4
852,12,0.01700878143310547,2
853,28,0.03398561477661133,5
854,35,0.018998384475708008,2
855,43,0.026003360748291016,5
856,82,0.01299595832824707,2
857,38,0.028011083602905273,5
858,22,0.0319826602935791,5
859,16,0.020000219345092773,3
860,31,0.021000385284423828,3
861,23,0.02300238609313965,3
862,66,0.03299689292907715,5
863,21,0.019021987915039062,2
864,20,0.03500533103942871,5
865,100,0.035549163818359375,4
866,27,0.01699352264404297,2
867,23,0.026004314422607422,2
868,46,0.03601527214050293,5
869,24,0.022984743118286133,3
870,26,0.023021221160888672,3
871,15,0.026998281478881836,5
872,31,0.024000167846679688,3
873,100,0.0240323543548584,4
874,29,0.02311110496520996,3
875,46,0.013001441955566406,1
876,42,0.027019739151000977,5
877,32,0.028978347778320312,5
878,10,0.020995616912841797,3
879,9,0.020999670028686523,2
880,19,0.026026010513305664,5
881,53,0.026990175247192383,2
882,58,0.02098989486694336,3
883,47,0.024997949600219727,2
884,85,0.018996477127075195,2
885,100,0.015999555587768555,2
886,37,0.031015872955322266,3
887,9,0.010000467300415039,1
888,35,0.012032508850097656,1
889,100,0.015964269638061523,2
890,100,0.026028156280517578,5
891,36,0.02999734878540039,5
892,22,0.02600264549255371,5
893,20,0.015996456146240234,2
894,16,0.03200340270996094,3
895,9,0.012998342514038086,1
896,48,0.029001474380493164,3
897,17,0.015996932983398438,2
898,27,0.028002023696899414,4
899,44,0.020992517471313477,3
900,13,0.02200031280517578,2
901,22,0.02500009536743164,3
902,13,0.023999691009521484,3
903,56,0.01900005340576172,2
904,82,0.031998395919799805,4
905,38,0.025005102157592773,3
906,43,0.02202439308166504,4
907,92,0.023998498916625977,3
908,13,0.020023345947265625,2
909,32,0.03200793266296387,5
910,34,0.020969390869140625,2
911,31,0.02899932861328125,5
912,14,0.027996540069580078,5
913,33,0.021018266677856445,3
914,93,0.030980587005615234,5
915,33,0.025999069213867188,5
916,24,0.03000020980834961,5
917,57,0.021006345748901367,3
918,16,0.01999807357788086,3
919,17,0.020011425018310547,3
920,11,0.012988805770874023,1
921,33,0.012000322341918945,1
922,15,0.02599930763244629,2
923,78,0.03200340270996094,5
924,100,0.03099799156188965,4
925,26,0.029997587203979492,5
926,50,0.025999784469604492,5
927,47,0.017999887466430664,2
928,60,0.031004667282104492,5
929,14,0.018021345138549805,2
930,21,0.03399825096130371,5
931,22,0.022014856338500977,2
932,14,0.02098822593688965,3
933,30,0.019984006881713867,3
934,10,0.026006221771240234,3
935,8,0.02199411392211914,4
936,88,0.02900242805480957,3
937,76,0.021997690200805664,2
938,94,0.02301955223083496,3
939,27,0.029996156692504883,5
940,32,0.02500009536743164,3
941,15,0.027002334594726562,5
942,42,0.021975278854370117,3
943,29,0.027512311935424805,5
944,29,0.017031431198120117,2
945,33,0.024040699005126953,2
946,60,0.010997772216796875,1
947,69,0.015018224716186523,2
948,35,0.01999807357788086,2
949,56,0.013998746871948242,1
950,44,0.02399730682373047,2
951,26,0.020999908447265625,2
952,24,0.03299975395202637,3
953,17,0.02799701690673828,2
954,52,0.032999515533447266,3
955,10,0.026999473571777344,5
956,24,0.04200005531311035,5
957,89,0.020013093948364258,2
958,98,0.0169985294342041,2
959,33,0.01900196075439453,2
960,47,0.02699732780456543,5
961,12,0.03003215789794922,5
962,50,0.017009973526000977,2
963,20,0.015972375869750977,2
964,13,0.022005558013916016,3
965,40,0.024027109146118164,4
966,9,0.029967308044433594,3
967,22,0.022006511688232422,4
968,25,0.019994497299194336,3
969,50,0.019999265670776367,2
970,20,0.02098870277404785,3
971,8,0.03501582145690918,3
972,17,0.03000020980834961,5
973,48,0.03299355506896973,5
974,11,0.012023687362670898,1
975,14,0.02297806739807129,2
976,100,0.029001474380493164,5
977,43,0.0229952335357666,3
978,29,0.023000717163085938,4
979,71,0.026035785675048828,5
980,18,0.0229647159576416,4
981,12,0.02101612091064453,2
982,22,0.021990537643432617,3
983,29,0.02399444580078125,4
984,20,0.01800394058227539,2
985,26,0.022000551223754883,3
986,100,0.018756628036499023,2
987,40,0.018002033233642578,2
988,68,0.0160219669342041,2
989,26,0.022000551223754883,4
990,29,0.027046680450439453,3
991,100,0.014994382858276367,2
992,22,0.04699873924255371,4
993,39,0.02100205421447754,3
994,28,0.019997835159301758,2
995,100,0.02004098892211914,2
996,8,0.026001930236816406,3
997,15,0.03302717208862305,5
998,15,0.029972076416015625,5
999,14,0.02402496337890625,3
