Episode,Steps,Time,Converged at Iterations
0,20,0.030998706817626953,5
1,20,0.02900981903076172,5
2,16,0.00999307632446289,1
3,29,0.020002126693725586,3
4,73,0.028983354568481445,5
5,89,0.015002965927124023,2
6,40,0.014002084732055664,2
7,60,0.018997669219970703,3
8,26,0.027996063232421875,5
9,16,0.01600050926208496,2
10,60,0.017020463943481445,2
11,33,0.031977176666259766,5
12,23,0.02600240707397461,5
13,42,0.016994237899780273,2
14,49,0.016000032424926758,2
15,48,0.025004148483276367,3
16,100,0.01599574089050293,2
17,100,0.023003101348876953,3
18,24,0.028994083404541016,5
19,26,0.025008201599121094,3
20,59,0.015995025634765625,2
21,40,0.017004013061523438,2
22,28,0.0279998779296875,5
23,56,0.01903557777404785,3
24,30,0.015960693359375,2
25,25,0.016003131866455078,2
26,45,0.021996498107910156,3
27,76,0.02599930763244629,5
28,18,0.024001121520996094,5
29,28,0.01399993896484375,2
30,100,0.020998477935791016,4
31,34,0.02799677848815918,4
32,47,0.01600050926208496,2
33,52,0.020999431610107422,4
34,34,0.02499842643737793,5
35,100,0.025002002716064453,5
36,42,0.027998924255371094,3
37,74,0.024997472763061523,5
38,22,0.021999835968017578,3
39,100,0.01500082015991211,2
40,40,0.025017976760864258,5
41,54,0.022982358932495117,3
42,41,0.024004697799682617,5
43,14,0.02400803565979004,3
44,13,0.02099466323852539,2
45,17,0.023993253707885742,3
46,40,0.025003671646118164,3
47,15,0.028995752334594727,5
48,78,0.016000747680664062,2
49,87,0.025002479553222656,5
50,36,0.03000497817993164,5
51,23,0.02101874351501465,4
52,20,0.022977113723754883,3
53,7,0.01500082015991211,2
54,32,0.010999202728271484,1
55,27,0.027003049850463867,5
56,32,0.02901315689086914,5
57,100,0.03699207305908203,5
58,94,0.02495861053466797,2
59,16,0.023998737335205078,5
60,39,0.016000032424926758,2
61,9,0.017032861709594727,2
62,20,0.028006792068481445,5
63,12,0.018011808395385742,2
64,22,0.02497100830078125,5
65,81,0.029028892517089844,4
66,18,0.029995441436767578,4
67,80,0.02299976348876953,4
68,91,0.018996477127075195,2
69,71,0.026999711990356445,5
70,28,0.018006563186645508,2
71,90,0.026983022689819336,3
72,36,0.026998281478881836,5
73,46,0.021998882293701172,3
74,15,0.022000789642333984,3
75,41,0.019001007080078125,3
76,27,0.01899886131286621,3
77,57,0.016001462936401367,2
78,100,0.024000167846679688,5
79,56,0.022005558013916016,4
80,33,0.029973506927490234,3
81,53,0.021000385284423828,4
82,42,0.027998685836791992,5
83,45,0.020048856735229492,3
84,24,0.03295612335205078,5
85,32,0.025999069213867188,5
86,9,0.024030447006225586,5
87,19,0.023987293243408203,5
88,12,0.02900552749633789,5
89,19,0.009999990463256836,1
90,22,0.023991823196411133,5
91,95,0.011980772018432617,2
92,48,0.022005796432495117,3
93,99,0.030996322631835938,5
94,60,0.02900099754333496,5
95,8,0.017998456954956055,2
96,42,0.02600240707397461,5
97,29,0.030033349990844727,4
98,67,0.019010066986083984,3
99,37,0.027991294860839844,3
100,32,0.024996042251586914,4
101,21,0.016999483108520508,2
102,17,0.021000146865844727,3
103,13,0.022034406661987305,3
104,16,0.0229642391204834,3
105,12,0.02400684356689453,5
106,43,0.023996829986572266,5
107,69,0.02002429962158203,4
108,58,0.02311420440673828,4
109,15,0.033753156661987305,5
110,14,0.025998592376708984,3
111,49,0.024029254913330078,4
112,28,0.01396632194519043,2
113,30,0.020000457763671875,3
114,57,0.024999618530273438,5
115,100,0.02100849151611328,3
116,15,0.020014524459838867,2
117,40,0.015964508056640625,2
118,42,0.02799701690673828,5
119,8,0.023001432418823242,2
120,43,0.017003297805786133,1
121,18,0.036023855209350586,5
122,73,0.02997112274169922,2
123,27,0.01900506019592285,2
124,40,0.011005163192749023,1
125,23,0.011963605880737305,1
126,44,0.01299595832824707,1
127,9,0.023003578186035156,4
128,6,0.026035308837890625,5
129,100,0.020998477935791016,3
130,8,0.027994632720947266,3
131,100,0.026031494140625,3
132,46,0.01699376106262207,2
133,43,0.016578197479248047,2
134,23,0.02599477767944336,2
135,25,0.01700115203857422,2
136,16,0.02300548553466797,3
137,38,0.025028467178344727,5
138,33,0.02199840545654297,3
139,49,0.017026662826538086,2
140,10,0.018971920013427734,2
141,65,0.02496051788330078,3
142,77,0.012004375457763672,1
143,47,0.029994964599609375,5
144,37,0.02100348472595215,4
145,100,0.026001691818237305,5
146,89,0.03000164031982422,5
147,27,0.024973154067993164,5
148,66,0.02200603485107422,4
149,90,0.0239715576171875,5
150,74,0.017003297805786133,2
151,50,0.025995969772338867,5
152,6,0.02100396156311035,3
153,48,0.016002178192138672,2
154,16,0.0249936580657959,5
155,17,0.02600264549255371,3
156,27,0.020994186401367188,4
157,31,0.023005008697509766,3
158,100,0.032004594802856445,5
159,98,0.019999265670776367,2
160,47,0.02599787712097168,3
161,100,0.015000581741333008,2
162,14,0.013001441955566406,1
163,18,0.016031980514526367,2
164,20,0.030989885330200195,5
165,74,0.017010927200317383,2
166,48,0.025990724563598633,5
167,56,0.021996736526489258,3
168,65,0.021000385284423828,3
169,22,0.026026010513305664,5
170,47,0.019977331161499023,3
171,32,0.024981021881103516,5
172,14,0.020992279052734375,3
173,24,0.027003765106201172,3
174,68,0.021996021270751953,3
175,10,0.020000219345092773,3
176,32,0.012999773025512695,1
177,19,0.021007537841796875,4
178,79,0.023031234741210938,2
179,37,0.0160367488861084,2
180,17,0.02696681022644043,3
181,52,0.011992692947387695,2
182,29,0.027029991149902344,4
183,32,0.020969390869140625,2
184,22,0.025004863739013672,5
185,10,0.02003169059753418,4
186,22,0.02996683120727539,5
187,13,0.034001827239990234,5
188,27,0.017993927001953125,2
189,35,0.027004241943359375,5
190,30,0.030998945236206055,5
191,50,0.013013362884521484,2
192,15,0.024985551834106445,4
193,19,0.022998332977294922,4
194,33,0.024999380111694336,5
195,10,0.022999286651611328,5
196,32,0.018999099731445312,3
197,55,0.015030622482299805,2
198,44,0.016976356506347656,2
199,11,0.019001007080078125,2
200,23,0.01602005958557129,2
201,48,0.0289766788482666,5
202,33,0.03800320625305176,5
203,70,0.036562204360961914,4
204,33,0.023520231246948242,3
205,100,0.022996187210083008,3
206,9,0.03001546859741211,4
207,25,0.029995203018188477,5
208,9,0.023996591567993164,4
209,89,0.028002262115478516,5
210,30,0.02099609375,2
211,27,0.02952885627746582,4
212,23,0.018998146057128906,2
213,14,0.01999807357788086,2
214,12,0.029042959213256836,5
215,16,0.01595592498779297,2
216,36,0.026999711990356445,4
217,14,0.021004915237426758,4
218,22,0.015997648239135742,2
219,23,0.024996519088745117,5
220,66,0.01900172233581543,3
221,40,0.027002334594726562,5
222,36,0.02299642562866211,4
223,37,0.016003131866455078,2
224,13,0.022015810012817383,3
225,94,0.027984142303466797,5
226,34,0.020000457763671875,3
227,17,0.02499556541442871,3
228,21,0.0270388126373291,5
229,20,0.017963409423828125,2
230,32,0.014997005462646484,1
231,15,0.02800440788269043,4
232,33,0.023000001907348633,5
233,56,0.025999069213867188,5
234,19,0.027001380920410156,5
235,32,0.022996902465820312,3
236,19,0.021998882293701172,2
237,51,0.025000810623168945,5
238,69,0.029000282287597656,3
239,15,0.027034759521484375,3
240,71,0.021968841552734375,3
241,24,0.01599431037902832,2
242,50,0.014000177383422852,2
243,65,0.023997783660888672,3
244,38,0.023004770278930664,3
245,43,0.03004312515258789,3
246,15,0.01599597930908203,2
247,33,0.028012752532958984,4
248,14,0.013009071350097656,2
249,24,0.024977922439575195,5
250,21,0.015000581741333008,2
251,21,0.010001182556152344,1
252,38,0.023991823196411133,5
253,29,0.03200030326843262,5
254,46,0.023998498916625977,3
255,60,0.01900005340576172,3
256,100,0.021031618118286133,2
257,19,0.020971059799194336,4
258,10,0.012000083923339844,1
259,20,0.021010160446166992,2
260,88,0.01598954200744629,2
261,47,0.021999835968017578,3
262,33,0.02400517463684082,2
263,11,0.009024381637573242,1
264,83,0.01596856117248535,2
265,22,0.02100086212158203,3
266,25,0.025994539260864258,4
267,70,0.01501154899597168,2
268,100,0.011994600296020508,1
269,30,0.011004447937011719,1
270,30,0.01800084114074707,2
271,34,0.0229952335357666,2
272,49,0.017998695373535156,2
273,13,0.03300213813781738,5
274,27,0.01700568199157715,2
275,17,0.0269925594329834,2
276,51,0.026005983352661133,4
277,19,0.020030736923217773,3
278,51,0.014967679977416992,2
279,9,0.01999974250793457,4
280,27,0.018001079559326172,2
281,35,0.018999814987182617,2
282,8,0.01599907875061035,2
283,36,0.026004791259765625,5
284,42,0.023967981338500977,4
285,22,0.018009424209594727,2
286,19,0.014986276626586914,2
287,49,0.016020536422729492,2
288,22,0.014975786209106445,2
289,20,0.022005558013916016,2
290,29,0.02499556541442871,4
291,29,0.025999069213867188,4
292,90,0.020999670028686523,3
293,100,0.016999483108520508,2
294,22,0.03000164031982422,5
295,57,0.014998435974121094,2
296,38,0.024035215377807617,5
297,23,0.009964466094970703,1
298,15,0.024038314819335938,5
299,20,0.01796269416809082,2
300,10,0.020000934600830078,3
301,67,0.014997720718383789,2
302,10,0.023998022079467773,5
303,22,0.024027109146118164,5
304,49,0.01497340202331543,2
305,22,0.028002262115478516,3
306,18,0.030115604400634766,5
307,27,0.016014814376831055,2
308,19,0.02399468421936035,5
309,53,0.02600383758544922,5
310,94,0.021995067596435547,4
311,93,0.02700042724609375,3
312,47,0.018999338150024414,3
313,67,0.024004459381103516,5
314,41,0.023009300231933594,5
315,42,0.019974231719970703,4
316,27,0.016036272048950195,2
317,60,0.02199411392211914,2
318,67,0.02400970458984375,5
319,9,0.021001338958740234,3
320,47,0.01399374008178711,2
321,89,0.01099538803100586,1
322,41,0.025002241134643555,5
323,26,0.02499842643737793,5
324,11,0.02600383758544922,5
325,87,0.015994787216186523,1
326,32,0.032003164291381836,5
327,16,0.016999244689941406,2
328,31,0.028000831604003906,5
329,16,0.016999006271362305,2
330,13,0.02201056480407715,3
331,69,0.020991802215576172,4
332,31,0.010972976684570312,1
333,17,0.015003204345703125,2
334,39,0.020995616912841797,3
335,11,0.022739887237548828,4
336,23,0.026848793029785156,4
337,12,0.022532939910888672,2
338,46,0.015995264053344727,2
339,37,0.026006221771240234,5
340,11,0.019017934799194336,2
341,36,0.017976045608520508,2
342,29,0.022001266479492188,2
343,100,0.022003173828125,4
344,11,0.024995803833007812,2
345,25,0.024998903274536133,5
346,63,0.024592161178588867,5
347,33,0.020994901657104492,3
348,39,0.02701544761657715,5
349,53,0.019994735717773438,2
350,28,0.024005889892578125,4
351,14,0.010008573532104492,1
352,24,0.02501225471496582,3
353,35,0.03097391128540039,5
354,12,0.020024538040161133,3
355,14,0.019002199172973633,1
356,13,0.020999431610107422,4
357,98,0.024996042251586914,5
358,15,0.029006242752075195,5
359,9,0.0249941349029541,5
360,22,0.027004241943359375,5
361,89,0.025995492935180664,4
362,49,0.01600337028503418,2
363,41,0.03300142288208008,5
364,31,0.016994714736938477,2
365,23,0.020999908447265625,4
366,29,0.019002676010131836,2
367,50,0.01701831817626953,2
368,36,0.02397918701171875,2
369,72,0.02102947235107422,3
370,18,0.02099752426147461,2
371,28,0.018003225326538086,2
372,11,0.021995067596435547,4
373,29,0.027001380920410156,3
374,20,0.01999807357788086,3
375,50,0.020996570587158203,3
376,33,0.026000261306762695,5
377,75,0.01699352264404297,2
378,73,0.015965700149536133,2
379,30,0.023001909255981445,4
380,38,0.02500128746032715,3
381,48,0.03299880027770996,4
382,56,0.024003028869628906,5
383,45,0.011970996856689453,1
384,18,0.02302074432373047,4
385,49,0.009994029998779297,1
386,26,0.019987821578979492,3
387,16,0.023997068405151367,5
388,54,0.0110015869140625,1
389,28,0.028000354766845703,5
390,100,0.016024112701416016,2
391,13,0.031989097595214844,3
392,20,0.018002986907958984,2
393,19,0.014996051788330078,2
394,51,0.015003681182861328,2
395,34,0.017011642456054688,2
396,28,0.01699042320251465,2
397,12,0.017998218536376953,2
398,55,0.027995824813842773,4
399,36,0.021018505096435547,4
400,23,0.01601696014404297,2
401,23,0.02698540687561035,5
402,72,0.028019428253173828,5
403,100,0.03000330924987793,3
404,52,0.02199721336364746,2
405,14,0.021001338958740234,4
406,55,0.02299976348876953,4
407,32,0.023999929428100586,3
408,27,0.0330045223236084,5
409,15,0.032994747161865234,5
410,22,0.02099895477294922,4
411,11,0.026005029678344727,5
412,36,0.02700066566467285,3
413,18,0.01999974250793457,2
414,72,0.019999265670776367,2
415,15,0.027999162673950195,4
416,70,0.025995254516601562,5
417,100,0.02799701690673828,4
418,48,0.02100205421447754,3
419,15,0.01499795913696289,2
420,63,0.018001556396484375,2
421,53,0.028020381927490234,5
422,25,0.019990921020507812,3
423,9,0.02401876449584961,2
424,83,0.02896881103515625,5
425,81,0.02700352668762207,5
426,34,0.028995990753173828,5
427,47,0.021999120712280273,4
428,27,0.026999711990356445,3
429,18,0.0260009765625,5
430,21,0.020999431610107422,3
431,49,0.015999794006347656,2
432,39,0.025000333786010742,5
433,45,0.03199911117553711,5
434,60,0.021003007888793945,3
435,100,0.020998716354370117,2
436,10,0.022001266479492188,4
437,33,0.015999317169189453,2
438,26,0.02300429344177246,3
439,28,0.02403569221496582,5
440,57,0.0240018367767334,3
441,44,0.023998737335205078,5
442,36,0.03200101852416992,5
443,78,0.012995719909667969,2
444,15,0.021000385284423828,4
445,100,0.015999555587768555,2
446,53,0.017002582550048828,2
447,57,0.021007299423217773,3
448,77,0.024997234344482422,5
449,81,0.016998291015625,2
450,45,0.01999807357788086,3
451,20,0.017003297805786133,2
452,36,0.021998882293701172,3
453,31,0.015020132064819336,2
454,36,0.02197575569152832,4
455,67,0.031003952026367188,4
456,22,0.026000022888183594,3
457,100,0.015025854110717773,2
458,10,0.026999473571777344,5
459,17,0.02550983428955078,3
460,68,0.022512197494506836,3
461,15,0.023000240325927734,3
462,69,0.014017343521118164,2
463,92,0.022999048233032227,2
464,8,0.028002023696899414,3
465,39,0.023000478744506836,3
466,70,0.03199481964111328,5
467,21,0.01899862289428711,2
468,61,0.01900196075439453,3
469,31,0.029998064041137695,5
470,38,0.020999431610107422,3
471,28,0.024000167846679688,2
472,54,0.03200078010559082,5
473,49,0.03100275993347168,5
474,25,0.015016794204711914,2
475,34,0.02698540687561035,3
476,12,0.02099466323852539,3
477,72,0.00899958610534668,1
478,29,0.025039196014404297,4
479,12,0.0219881534576416,2
480,8,0.022017717361450195,2
481,27,0.024001121520996094,5
482,21,0.013001203536987305,1
483,44,0.021997690200805664,4
484,69,0.01599574089050293,2
485,32,0.032000064849853516,5
486,19,0.024003267288208008,5
487,15,0.022996902465820312,3
488,30,0.023005008697509766,5
489,39,0.02198004722595215,3
490,47,0.01900506019592285,3
491,100,0.028995513916015625,5
492,33,0.016004085540771484,2
493,37,0.03202652931213379,3
494,20,0.03597545623779297,5
495,87,0.015990734100341797,2
496,100,0.011027336120605469,1
497,53,0.02399277687072754,3
498,18,0.011011838912963867,1
499,39,0.019012928009033203,3
500,15,0.03597855567932129,5
501,92,0.021996259689331055,4
502,17,0.015003204345703125,2
503,26,0.0240018367767334,4
504,14,0.031998634338378906,5
505,39,0.030999183654785156,4
506,15,0.018996477127075195,3
507,35,0.015005111694335938,2
508,38,0.01999950408935547,3
509,11,0.02199530601501465,3
510,33,0.02500128746032715,2
511,43,0.025003433227539062,3
512,48,0.02699875831604004,5
513,23,0.025028228759765625,5
514,10,0.025992155075073242,5
515,13,0.025981426239013672,5
516,38,0.023018836975097656,3
517,58,0.015999317169189453,2
518,13,0.02500629425048828,4
519,40,0.02199411392211914,4
520,36,0.025005578994750977,5
521,42,0.020030498504638672,2
522,90,0.016956329345703125,2
523,24,0.023999452590942383,5
524,44,0.02600264549255371,5
525,29,0.018997669219970703,2
526,21,0.02900409698486328,5
527,99,0.027532100677490234,3
528,57,0.016981840133666992,2
529,53,0.02300119400024414,3
530,34,0.017003297805786133,2
531,23,0.019000768661499023,2
532,75,0.017029762268066406,2
533,28,0.025991439819335938,5
534,8,0.01703667640686035,2
535,23,0.02298569679260254,3
536,14,0.02198028564453125,3
537,16,0.026003122329711914,3
538,100,0.024995803833007812,4
539,42,0.030012130737304688,5
540,36,0.0159909725189209,2
541,20,0.021996259689331055,3
542,18,0.01701831817626953,2
543,48,0.026985883712768555,5
544,44,0.015999555587768555,2
545,22,0.026029586791992188,5
546,24,0.014969825744628906,2
547,44,0.011001110076904297,1
548,28,0.029007673263549805,5
549,25,0.01499032974243164,2
550,95,0.022002458572387695,3
551,35,0.021005630493164062,4
552,61,0.024001121520996094,5
553,16,0.02701258659362793,5
554,26,0.018980979919433594,2
555,8,0.01399683952331543,2
556,44,0.013003349304199219,2
557,100,0.019065380096435547,2
558,56,0.03403306007385254,5
559,55,0.018998146057128906,2
560,57,0.023000717163085938,3
561,34,0.021003007888793945,2
562,67,0.02899909019470215,5
563,22,0.0220034122467041,4
564,22,0.026000022888183594,5
565,20,0.02199387550354004,3
566,25,0.030007123947143555,3
567,100,0.02499246597290039,5
568,17,0.00902247428894043,1
569,27,0.027996540069580078,4
570,8,0.017011165618896484,2
571,35,0.019988298416137695,3
572,19,0.019538402557373047,2
573,29,0.02002573013305664,2
574,9,0.023977279663085938,2
575,13,0.015001535415649414,1
576,16,0.020977258682250977,2
577,22,0.020000457763671875,2
578,27,0.021005630493164062,3
579,18,0.014997005462646484,2
580,16,0.025562286376953125,3
581,15,0.018495798110961914,2
582,60,0.029969215393066406,2
583,47,0.023021697998046875,2
584,86,0.023998022079467773,2
585,17,0.01799607276916504,2
586,100,0.01900482177734375,2
587,31,0.01701211929321289,2
588,42,0.010001182556152344,1
589,10,0.02398204803466797,3
590,43,0.020003795623779297,2
591,12,0.025995969772338867,5
592,65,0.02503681182861328,5
593,26,0.01897287368774414,2
594,100,0.015991687774658203,2
595,7,0.012000322341918945,1
596,42,0.023998260498046875,3
597,19,0.015997648239135742,2
598,46,0.016000032424926758,2
599,96,0.029001712799072266,5
600,41,0.025001049041748047,3
601,27,0.018517494201660156,1
602,29,0.021001100540161133,2
603,51,0.03299999237060547,3
604,33,0.02500152587890625,3
605,16,0.025002002716064453,5
606,100,0.01599907875061035,2
607,87,0.013996601104736328,1
608,55,0.031002521514892578,5
609,23,0.02499675750732422,5
610,17,0.027004718780517578,3
611,20,0.015996217727661133,2
612,20,0.02299952507019043,3
613,39,0.022016286849975586,3
614,35,0.019986867904663086,3
615,100,0.02799701690673828,5
616,28,0.015003442764282227,2
617,51,0.021996498107910156,3
618,26,0.022036075592041016,2
619,55,0.029964685440063477,5
620,45,0.021000146865844727,2
621,20,0.028001785278320312,3
622,55,0.014972209930419922,2
623,96,0.015999555587768555,2
624,17,0.029052257537841797,5
625,30,0.029016733169555664,4
626,88,0.015962600708007812,2
627,25,0.023001432418823242,3
628,17,0.023019790649414062,3
629,27,0.0339815616607666,5
630,46,0.018999099731445312,3
631,11,0.021004438400268555,3
632,25,0.023999452590942383,5
633,68,0.03399991989135742,3
634,9,0.020035505294799805,3
635,28,0.02499079704284668,5
636,32,0.018999338150024414,3
637,10,0.022002458572387695,3
638,60,0.03199958801269531,5
639,65,0.03200173377990723,5
640,16,0.028001785278320312,5
641,65,0.024994373321533203,5
642,8,0.027001380920410156,3
643,43,0.021998882293701172,2
644,47,0.021005868911743164,4
645,11,0.0169985294342041,2
646,13,0.02199578285217285,4
647,14,0.01601886749267578,2
648,17,0.017981290817260742,2
649,15,0.021000385284423828,4
650,60,0.015999555587768555,2
651,15,0.016019105911254883,2
652,96,0.021980762481689453,3
653,100,0.02700066566467285,5
654,37,0.018999576568603516,2
655,87,0.01602029800415039,2
656,46,0.01599907875061035,2
657,100,0.01499795913696289,2
658,18,0.03300070762634277,5
659,96,0.015013456344604492,2
660,52,0.014997243881225586,2
661,34,0.02100229263305664,2
662,24,0.01701045036315918,2
663,11,0.022000551223754883,2
664,28,0.01899576187133789,2
665,45,0.027000904083251953,3
666,16,0.0330042839050293,5
667,85,0.023999929428100586,5
668,20,0.019015073776245117,3
669,7,0.022966861724853516,4
670,60,0.02800154685974121,5
671,16,0.0249941349029541,5
672,45,0.03800249099731445,5
673,60,0.017010927200317383,2
674,34,0.014989376068115234,2
675,27,0.02400660514831543,5
676,41,0.014997482299804688,2
677,35,0.0209963321685791,3
678,10,0.023005008697509766,3
679,22,0.018996000289916992,2
680,88,0.017001628875732422,2
681,6,0.02499556541442871,5
682,40,0.02700042724609375,3
683,43,0.019000768661499023,2
684,8,0.01999950408935547,3
685,25,0.022017955780029297,3
686,78,0.02300715446472168,4
687,11,0.01999497413635254,2
688,44,0.03400468826293945,5
689,40,0.029054880142211914,5
690,100,0.01803278923034668,2
691,11,0.024950265884399414,5
692,30,0.024003267288208008,3
693,72,0.016995668411254883,2
694,30,0.028000354766845703,3
695,62,0.01200413703918457,1
696,100,0.0229952335357666,3
697,64,0.029021024703979492,5
698,100,0.026994943618774414,4
699,62,0.023958683013916016,5
700,32,0.024999618530273438,3
701,91,0.029006004333496094,3
702,16,0.01999688148498535,2
703,28,0.015026092529296875,2
704,90,0.019969701766967773,4
705,18,0.011003494262695312,1
706,20,0.024996280670166016,5
707,40,0.026003599166870117,5
708,40,0.019997119903564453,2
709,59,0.03402972221374512,5
710,37,0.024991750717163086,3
711,85,0.01697826385498047,2
712,14,0.020999670028686523,3
713,100,0.020036935806274414,3
714,32,0.024986743927001953,5
715,32,0.022000789642333984,4
716,100,0.022968769073486328,4
717,26,0.015999794006347656,2
718,52,0.024994611740112305,3
719,45,0.025003671646118164,5
720,20,0.020039081573486328,2
721,96,0.019956588745117188,3
722,100,0.021003246307373047,4
723,31,0.015995025634765625,2
724,78,0.02300238609313965,3
725,97,0.03000044822692871,4
726,27,0.023996829986572266,3
727,75,0.018006324768066406,2
728,39,0.019000530242919922,2
729,19,0.02897930145263672,2
730,96,0.027997732162475586,5
731,71,0.02000117301940918,2
732,14,0.02499866485595703,5
733,42,0.02100229263305664,3
734,25,0.026999950408935547,3
735,79,0.027997732162475586,5
736,30,0.03300046920776367,5
737,45,0.024039268493652344,2
738,8,0.02396106719970703,5
739,27,0.020003795623779297,2
740,38,0.03400063514709473,5
741,32,0.0240018367767334,5
742,20,0.024001121520996094,5
743,14,0.014996528625488281,2
744,31,0.025000333786010742,5
745,95,0.015999555587768555,2
746,15,0.020002126693725586,3
747,87,0.020035743713378906,2
748,26,0.01998591423034668,3
749,58,0.017998218536376953,2
750,14,0.014996051788330078,2
751,36,0.017000913619995117,2
752,81,0.02000284194946289,3
753,24,0.023996353149414062,5
754,57,0.022000789642333984,4
755,12,0.017003536224365234,2
756,13,0.022999048233032227,4
757,42,0.02999711036682129,4
758,27,0.02500438690185547,3
759,25,0.024995803833007812,5
760,11,0.025998592376708984,4
761,58,0.027024507522583008,4
762,24,0.018996477127075195,3
763,77,0.030998945236206055,5
764,22,0.026002168655395508,3
765,18,0.023999691009521484,2
766,40,0.020000219345092773,3
767,29,0.009999275207519531,1
768,26,0.023027896881103516,2
769,50,0.0219724178314209,3
770,39,0.028005599975585938,4
771,19,0.02500009536743164,5
772,39,0.02099919319152832,3
773,24,0.019994020462036133,3
774,32,0.021004199981689453,3
775,39,0.03300070762634277,5
776,13,0.022995471954345703,3
777,26,0.02070927619934082,3
778,35,0.016063690185546875,2
779,32,0.017096281051635742,2
780,100,0.03100872039794922,3
781,45,0.018998146057128906,3
782,37,0.02399587631225586,5
783,16,0.016013145446777344,2
784,21,0.022034883499145508,3
785,55,0.02198481559753418,2
786,62,0.03299593925476074,5
787,86,0.0150146484375,2
788,15,0.025519847869873047,5
789,28,0.021016836166381836,3
790,72,0.015987634658813477,2
791,25,0.019039154052734375,3
792,47,0.014966487884521484,2
793,69,0.023988723754882812,5
794,25,0.03200411796569824,5
795,100,0.021996021270751953,4
796,53,0.026002883911132812,3
797,33,0.0240020751953125,2
798,100,0.016977310180664062,2
799,100,0.023001909255981445,3
800,21,0.021996498107910156,4
801,76,0.01800060272216797,2
802,19,0.022005319595336914,3
803,66,0.026042938232421875,3
804,29,0.028000831604003906,5
805,54,0.022001266479492188,3
806,29,0.01697516441345215,2
807,17,0.036997318267822266,5
808,8,0.026007413864135742,3
809,38,0.018994808197021484,2
810,33,0.03299427032470703,5
811,21,0.01302647590637207,1
812,13,0.02550649642944336,2
813,9,0.02399730682373047,4
814,22,0.020999908447265625,3
815,84,0.026003599166870117,3
816,63,0.020995616912841797,3
817,16,0.029512643814086914,5
818,50,0.025516510009765625,3
819,25,0.015000104904174805,2
820,43,0.024001598358154297,3
821,100,0.022003889083862305,2
822,40,0.02100396156311035,3
823,45,0.024989843368530273,3
824,22,0.015999794006347656,2
825,10,0.024034976959228516,3
826,19,0.027969837188720703,5
827,24,0.02453136444091797,2
828,50,0.027030229568481445,2
829,36,0.028963088989257812,5
830,17,0.029996156692504883,5
831,19,0.023999452590942383,5
832,90,0.024999141693115234,5
833,13,0.016002655029296875,2
834,24,0.025008440017700195,5
835,100,0.02998948097229004,5
836,15,0.027002811431884766,4
837,35,0.03301095962524414,5
838,36,0.02799367904663086,3
839,17,0.01600360870361328,2
840,28,0.031011104583740234,3
841,100,0.01898503303527832,2
842,55,0.024993896484375,5
843,54,0.01699995994567871,2
844,63,0.025002241134643555,5
845,22,0.02399730682373047,2
846,14,0.021004199981689453,4
847,80,0.015999555587768555,2
848,13,0.019008159637451172,2
849,100,0.020993709564208984,3
850,25,0.025999069213867188,5
851,59,0.02201676368713379,3
852,22,0.02396106719970703,3
853,27,0.024019241333007812,3
854,22,0.013992547988891602,2
855,9,0.02098822593688965,4
856,34,0.019004344940185547,2
857,27,0.02000713348388672,2
858,20,0.028988122940063477,5
859,20,0.028001070022583008,5
860,18,0.026005029678344727,5
861,24,0.02899765968322754,5
862,37,0.024997234344482422,5
863,100,0.017997264862060547,2
864,37,0.024999618530273438,5
865,29,0.016005754470825195,2
866,17,0.0290224552154541,5
867,31,0.01596808433532715,2
868,32,0.025004148483276367,5
869,57,0.019997835159301758,3
870,22,0.021996259689331055,3
871,21,0.027016162872314453,3
872,39,0.019984960556030273,4
873,9,0.01898670196533203,3
874,33,0.024998903274536133,5
875,43,0.020021438598632812,2
876,38,0.025995969772338867,3
877,52,0.02701401710510254,5
878,55,0.027997970581054688,4
879,58,0.026000261306762695,5
880,100,0.031031370162963867,5
881,12,0.0210263729095459,2
882,16,0.026971817016601562,5
883,16,0.020999670028686523,3
884,35,0.023030519485473633,3
885,100,0.01696920394897461,2
886,64,0.02500438690185547,3
887,68,0.017995119094848633,2
888,19,0.022005081176757812,2
889,48,0.017994165420532227,2
890,34,0.01600193977355957,2
891,16,0.02599811553955078,5
892,14,0.018965482711791992,3
893,33,0.031007766723632812,4
894,37,0.02701425552368164,5
895,25,0.0189969539642334,3
896,71,0.02399420738220215,5
897,100,0.021000385284423828,3
898,23,0.026009321212768555,3
899,51,0.029031753540039062,5
900,61,0.022995948791503906,3
901,69,0.024012088775634766,3
902,79,0.013982772827148438,2
903,35,0.026039600372314453,3
904,77,0.023996829986572266,3
905,60,0.026006221771240234,3
906,27,0.018004894256591797,2
907,17,0.034995317459106445,5
908,48,0.018027782440185547,2
909,34,0.015996694564819336,2
910,20,0.022002220153808594,2
911,44,0.02397894859313965,3
912,27,0.01977086067199707,2
913,17,0.02099442481994629,3
914,28,0.02801799774169922,4
915,39,0.025983095169067383,3
916,38,0.030015230178833008,3
917,26,0.018980979919433594,2
918,11,0.02303338050842285,5
919,12,0.015965938568115234,2
920,37,0.014996528625488281,2
921,30,0.025028467178344727,3
922,83,0.026968955993652344,5
923,68,0.015998363494873047,2
924,19,0.017014265060424805,2
925,10,0.028983116149902344,3
926,41,0.02300286293029785,2
927,100,0.02099609375,2
928,15,0.02200031280517578,3
929,28,0.02500152587890625,5
930,63,0.023031234741210938,3
931,51,0.02196192741394043,4
932,16,0.027002811431884766,5
933,29,0.023996353149414062,4
934,23,0.021999835968017578,3
935,24,0.02302837371826172,4
936,25,0.026976585388183594,3
937,47,0.02399611473083496,5
938,67,0.01499795913696289,2
939,66,0.01600193977355957,2
940,77,0.022015810012817383,3
941,46,0.01698136329650879,2
942,54,0.025000810623168945,5
943,34,0.019996166229248047,3
944,16,0.031001806259155273,3
945,100,0.019998550415039062,3
946,32,0.018999338150024414,2
947,28,0.031003475189208984,5
948,40,0.014995574951171875,2
949,42,0.015996932983398438,2
950,73,0.01999950408935547,3
951,81,0.021004199981689453,4
952,10,0.011001348495483398,1
953,18,0.023994922637939453,5
954,40,0.016000032424926758,2
955,67,0.026001930236816406,5
956,23,0.025023460388183594,5
957,53,0.01597452163696289,2
958,18,0.029005765914916992,4
959,15,0.018978595733642578,2
960,41,0.03400444984436035,5
961,52,0.01999521255493164,2
962,9,0.024959325790405273,5
963,23,0.01700615882873535,2
964,41,0.015997886657714844,2
965,24,0.020000219345092773,4
966,46,0.024996280670166016,2
967,20,0.025000333786010742,5
968,55,0.027004241943359375,5
969,33,0.028014183044433594,5
970,58,0.015981435775756836,2
971,77,0.014005899429321289,2
972,28,0.0249941349029541,5
973,22,0.022039175033569336,3
974,30,0.016960620880126953,2
975,88,0.026000261306762695,5
976,98,0.01502847671508789,2
977,51,0.024997234344482422,5
978,33,0.02199840545654297,3
979,84,0.023003339767456055,3
980,20,0.022999286651611328,3
981,22,0.02399468421936035,5
982,64,0.024001598358154297,3
983,60,0.023003339767456055,2
984,58,0.029999494552612305,5
985,47,0.028995990753173828,3
986,27,0.022998809814453125,3
987,100,0.03300046920776367,4
988,58,0.02299952507019043,3
989,21,0.02299952507019043,3
990,44,0.016998291015625,2
991,51,0.01700139045715332,2
992,17,0.020000219345092773,3
993,13,0.021000385284423828,3
994,70,0.024528980255126953,5
995,19,0.014034271240234375,2
996,17,0.01906895637512207,3
997,22,0.028006315231323242,5
998,100,0.02000141143798828,2
999,30,0.015004634857177734,2
