Episode,Steps,Time,Converged at Iterations
0,100,0.019995450973510742,79
1,15,0.026015043258666992,79
2,15,0.021985769271850586,79
3,20,0.023041486740112305,79
4,45,0.02098536491394043,79
5,17,0.024001359939575195,79
6,13,0.021974563598632812,79
7,36,0.025007009506225586,79
8,40,0.03299522399902344,79
9,20,0.031000852584838867,79
10,14,0.02700066566467285,79
11,18,0.021002769470214844,79
12,44,0.020012617111206055,79
13,25,0.023980379104614258,79
14,19,0.023020505905151367,79
15,44,0.019977331161499023,79
16,17,0.02503371238708496,79
17,27,0.021958589553833008,79
18,89,0.023008346557617188,79
19,59,0.021982908248901367,79
20,43,0.020026445388793945,79
21,34,0.02199268341064453,79
22,31,0.02100348472595215,79
23,33,0.021001100540161133,79
24,30,0.02099609375,79
25,37,0.021642208099365234,79
26,25,0.02245306968688965,79
27,29,0.02101302146911621,79
28,47,0.02299785614013672,79
29,29,0.021039247512817383,79
30,57,0.02396082878112793,79
31,53,0.02002096176147461,79
32,61,0.020990610122680664,79
33,44,0.024993419647216797,79
34,16,0.021004915237426758,79
35,48,0.02221202850341797,79
36,71,0.023017406463623047,79
37,100,0.02098703384399414,79
38,29,0.020992755889892578,79
39,46,0.021996736526489258,79
40,21,0.01999211311340332,79
41,26,0.02199840545654297,79
42,72,0.02399277687072754,79
43,48,0.023006200790405273,79
44,19,0.02299976348876953,79
45,7,0.02102065086364746,79
46,100,0.021973848342895508,79
47,100,0.02309131622314453,79
48,37,0.02197551727294922,79
49,28,0.02199864387512207,79
50,70,0.02199721336364746,79
51,51,0.020017147064208984,79
52,100,0.022989988327026367,79
53,56,0.021002769470214844,79
54,16,0.019983768463134766,79
55,44,0.024999618530273438,79
56,42,0.02200007438659668,79
57,51,0.0250699520111084,79
58,16,0.020984172821044922,79
59,32,0.02200007438659668,79
60,81,0.02402639389038086,79
61,41,0.02202439308166504,79
62,13,0.02197885513305664,79
63,100,0.025015592575073242,79
64,87,0.021025657653808594,79
65,6,0.019999980926513672,79
66,69,0.02099895477294922,79
67,22,0.020000457763671875,79
68,27,0.022980451583862305,79
69,14,0.023020505905151367,79
70,18,0.020993471145629883,79
71,100,0.023024797439575195,79
72,45,0.022027969360351562,79
73,48,0.02002549171447754,79
74,100,0.02397608757019043,79
75,69,0.02098560333251953,79
76,60,0.022016286849975586,79
77,100,0.02297687530517578,79
78,19,0.019997358322143555,79
79,36,0.02200484275817871,79
80,41,0.02499103546142578,79
81,23,0.01999378204345703,79
82,76,0.021005630493164062,79
83,34,0.023995637893676758,79
84,36,0.022992849349975586,79
85,34,0.01900959014892578,79
86,16,0.022994041442871094,79
87,100,0.019997119903564453,79
88,82,0.02700066566467285,79
89,19,0.021068572998046875,79
90,46,0.0229947566986084,79
91,19,0.02402496337890625,79
92,24,0.024973630905151367,79
93,38,0.022005558013916016,79
94,84,0.022999286651611328,79
95,18,0.02303171157836914,79
96,29,0.022968053817749023,79
97,13,0.02302241325378418,79
98,8,0.023979902267456055,79
99,18,0.023023366928100586,79
100,100,0.022000551223754883,79
101,46,0.02399730682373047,79
102,77,0.022016525268554688,79
103,22,0.021982431411743164,79
104,100,0.023000240325927734,79
105,68,0.019995450973510742,79
106,16,0.020005226135253906,79
107,63,0.023626327514648438,79
108,13,0.021997928619384766,79
109,26,0.0250091552734375,79
110,11,0.02200031280517578,79
111,17,0.02002573013305664,79
112,40,0.021972179412841797,79
113,73,0.02199697494506836,79
114,25,0.021975278854370117,79
115,13,0.02004098892211914,79
116,64,0.022969961166381836,79
117,84,0.021581172943115234,79
118,29,0.02000117301940918,79
119,81,0.023998498916625977,79
120,29,0.020001888275146484,79
121,29,0.02099609375,79
122,36,0.023002147674560547,79
123,30,0.020003557205200195,79
124,26,0.01999831199645996,79
125,52,0.021986961364746094,79
126,92,0.022008895874023438,79
127,97,0.022995948791503906,79
128,21,0.022983074188232422,79
129,24,0.023001432418823242,79
130,35,0.023017406463623047,79
131,100,0.023985624313354492,79
132,20,0.027974367141723633,79
133,18,0.02300858497619629,79
134,36,0.018990039825439453,79
135,14,0.023999452590942383,79
136,100,0.021000146865844727,79
137,55,0.021000385284423828,79
138,65,0.024997949600219727,79
139,20,0.02398681640625,79
140,28,0.02302241325378418,79
141,32,0.021996498107910156,79
142,23,0.023015737533569336,79
143,32,0.02197551727294922,79
144,26,0.021031856536865234,79
145,10,0.022966623306274414,79
146,43,0.022014379501342773,79
147,9,0.020989656448364258,79
148,100,0.02199721336364746,79
149,31,0.020999908447265625,79
150,24,0.02099752426147461,79
151,48,0.028016090393066406,79
152,12,0.02199578285217285,79
153,45,0.021988630294799805,79
154,53,0.025000333786010742,79
155,29,0.018970727920532227,79
156,42,0.023982763290405273,79
157,85,0.022002220153808594,79
158,50,0.024007081985473633,79
159,26,0.020984172821044922,79
160,15,0.02199387550354004,79
161,41,0.02302408218383789,79
162,14,0.020973682403564453,79
163,27,0.02003026008605957,79
164,58,0.02396702766418457,79
165,44,0.021023035049438477,79
166,14,0.021991729736328125,79
167,22,0.024034500122070312,79
168,12,0.020952463150024414,79
169,15,0.020999908447265625,79
170,30,0.024999618530273438,79
171,93,0.022005081176757812,79
172,35,0.02100086212158203,79
173,24,0.02303314208984375,79
174,14,0.022022008895874023,79
175,49,0.02297830581665039,79
176,16,0.0270235538482666,79
177,10,0.023975610733032227,79
178,23,0.02200007438659668,79
179,66,0.020996809005737305,79
180,40,0.024001359939575195,79
181,54,0.020976543426513672,79
182,6,0.0210263729095459,79
183,18,0.020987510681152344,79
184,47,0.021008968353271484,79
185,71,0.025974512100219727,79
186,9,0.0200042724609375,79
187,17,0.023000240325927734,79
188,33,0.020024776458740234,79
189,23,0.02197432518005371,79
190,20,0.020993709564208984,79
191,11,0.019005537033081055,79
192,69,0.02101612091064453,79
193,100,0.022986173629760742,79
194,10,0.021983623504638672,79
195,37,0.024987220764160156,79
196,27,0.020967960357666016,79
197,21,0.022018909454345703,79
198,13,0.02198648452758789,79
199,85,0.021989822387695312,79
200,11,0.01900005340576172,79
201,38,0.02001786231994629,79
202,33,0.02098560333251953,79
203,57,0.023999929428100586,79
204,43,0.022011756896972656,79
205,81,0.024984121322631836,79
206,19,0.021536588668823242,79
207,11,0.02302718162536621,79
208,19,0.0231015682220459,79
209,14,0.022381305694580078,79
210,20,0.026013851165771484,79
211,20,0.022981882095336914,79
212,73,0.023041963577270508,79
213,42,0.021006107330322266,79
214,9,0.021016836166381836,79
215,23,0.022982120513916016,79
216,28,0.020031452178955078,79
217,13,0.020999431610107422,79
218,15,0.019001483917236328,79
219,100,0.023001432418823242,79
220,33,0.022983789443969727,79
221,8,0.024000883102416992,79
222,33,0.02201700210571289,79
223,61,0.02298259735107422,79
224,28,0.02402782440185547,79
225,45,0.022001981735229492,79
226,38,0.0209958553314209,79
227,49,0.023010969161987305,79
228,8,0.022008180618286133,79
229,41,0.022994518280029297,79
230,21,0.022022008895874023,79
231,55,0.020965099334716797,79
232,29,0.023969650268554688,79
233,100,0.022008419036865234,79
234,37,0.022979021072387695,79
235,38,0.022028684616088867,79
236,64,0.02197122573852539,79
237,39,0.020018339157104492,79
238,29,0.02200627326965332,79
239,12,0.022002696990966797,79
240,19,0.024000167846679688,79
241,23,0.02199864387512207,79
242,37,0.021013736724853516,79
243,20,0.024985313415527344,79
244,11,0.020999670028686523,79
245,100,0.021998167037963867,79
246,52,0.022003889083862305,79
247,16,0.021991729736328125,79
248,44,0.023001432418823242,79
249,33,0.020020246505737305,79
250,100,0.019995450973510742,79
251,67,0.024999141693115234,79
252,23,0.02600264549255371,79
253,24,0.02299356460571289,79
254,7,0.021009206771850586,79
255,21,0.022986888885498047,79
256,20,0.0240023136138916,79
257,56,0.020033597946166992,79
258,23,0.02200031280517578,79
259,18,0.023001432418823242,79
260,63,0.020027637481689453,79
261,48,0.022016525268554688,79
262,19,0.024988174438476562,79
263,19,0.02002239227294922,79
264,24,0.024976491928100586,79
265,20,0.024997711181640625,79
266,28,0.022030353546142578,79
267,58,0.021002531051635742,79
268,11,0.019999980926513672,79
269,45,0.02202892303466797,79
270,62,0.022015810012817383,79
271,44,0.021973371505737305,79
272,20,0.02001333236694336,79
273,26,0.022989988327026367,79
274,13,0.02200174331665039,79
275,19,0.02003002166748047,79
276,16,0.02497124671936035,79
277,95,0.019999265670776367,79
278,9,0.020995140075683594,79
279,100,0.023014068603515625,79
280,47,0.02099919319152832,79
281,40,0.02201223373413086,79
282,42,0.022014379501342773,79
283,29,0.021986007690429688,79
284,43,0.022999048233032227,79
285,8,0.025000810623168945,79
286,12,0.02101445198059082,79
287,37,0.021984338760375977,79
288,19,0.020001888275146484,79
289,41,0.02001333236694336,79
290,82,0.020994186401367188,79
291,27,0.024001121520996094,79
292,37,0.021992206573486328,79
293,25,0.02100372314453125,79
294,69,0.022992372512817383,79
295,20,0.020956039428710938,79
296,22,0.02199840545654297,79
297,55,0.021994590759277344,79
298,29,0.022983312606811523,79
299,48,0.022996187210083008,79
300,23,0.02200174331665039,79
301,26,0.022028684616088867,79
302,12,0.01898026466369629,79
303,23,0.023030996322631836,79
304,36,0.022962570190429688,79
305,10,0.022022008895874023,79
306,45,0.02598118782043457,79
307,21,0.02001476287841797,79
308,52,0.023983478546142578,79
309,57,0.024906635284423828,79
310,39,0.02451920509338379,79
311,48,0.022423744201660156,79
312,19,0.02003335952758789,79
313,31,0.023959875106811523,79
314,16,0.0240018367767334,79
315,14,0.022973060607910156,79
316,26,0.020003557205200195,79
317,63,0.021997690200805664,79
318,16,0.022001028060913086,79
319,19,0.021999597549438477,79
320,19,0.021025657653808594,79
321,12,0.018980026245117188,79
322,52,0.023017168045043945,79
323,59,0.020971298217773438,79
324,25,0.02102065086364746,79
325,31,0.02397465705871582,79
326,51,0.02100682258605957,79
327,12,0.02207493782043457,79
328,62,0.024924039840698242,79
329,75,0.027027368545532227,79
330,71,0.030014753341674805,79
331,41,0.024999380111694336,79
332,23,0.02300119400024414,79
333,28,0.02401876449584961,79
334,34,0.02199244499206543,79
335,21,0.021987199783325195,79
336,87,0.023010730743408203,79
337,12,0.0209958553314209,79
338,41,0.024008512496948242,79
339,8,0.024547576904296875,79
340,52,0.025548458099365234,79
341,10,0.02097797393798828,79
342,16,0.020993947982788086,79
343,36,0.019016027450561523,79
344,16,0.02498459815979004,79
345,72,0.021012067794799805,79
346,100,0.021993637084960938,79
347,55,0.024024248123168945,79
348,8,0.02399277687072754,79
349,100,0.02298426628112793,79
350,29,0.02101898193359375,79
351,10,0.01998114585876465,79
352,52,0.027990341186523438,79
353,33,0.021033763885498047,79
354,14,0.023970365524291992,79
355,77,0.024000167846679688,79
356,73,0.020028352737426758,79
357,17,0.022658824920654297,79
358,11,0.02202606201171875,79
359,14,0.025968551635742188,79
360,49,0.02002882957458496,79
361,34,0.021981239318847656,79
362,36,0.023004770278930664,79
363,25,0.023004531860351562,79
364,17,0.02100229263305664,79
365,56,0.0240325927734375,79
366,52,0.02097797393798828,79
367,55,0.02197742462158203,79
368,37,0.020973920822143555,79
369,52,0.021026611328125,79
370,19,0.019978761672973633,79
371,22,0.022998332977294922,79
372,32,0.02100062370300293,79
373,70,0.022975444793701172,79
374,24,0.023020029067993164,79
375,81,0.020997047424316406,79
376,43,0.024040937423706055,79
377,27,0.02195882797241211,79
378,31,0.02102184295654297,79
379,36,0.02197432518005371,79
380,25,0.02098989486694336,79
381,100,0.02200007438659668,79
382,88,0.020996809005737305,79
383,26,0.02198505401611328,79
384,7,0.02098846435546875,79
385,100,0.021999120712280273,79
386,24,0.022999286651611328,79
387,38,0.019016027450561523,79
388,53,0.02199578285217285,79
389,17,0.02098250389099121,79
390,19,0.025023937225341797,79
391,27,0.022980928421020508,79
392,39,0.020994901657104492,79
393,12,0.021030187606811523,79
394,18,0.021965980529785156,79
395,54,0.023003578186035156,79
396,15,0.02499985694885254,79
397,32,0.02400040626525879,79
398,8,0.019999980926513672,79
399,25,0.021991729736328125,79
400,68,0.020979642868041992,79
401,38,0.01999974250793457,79
402,41,0.020018577575683594,79
403,15,0.023004531860351562,79
404,34,0.022015094757080078,79
405,83,0.024012088775634766,79
406,13,0.020999670028686523,79
407,100,0.021006107330322266,79
408,23,0.024031639099121094,79
409,22,0.0219724178314209,79
410,19,0.02301311492919922,79
411,100,0.02197742462158203,79
412,100,0.02199864387512207,79
413,23,0.01999807357788086,79
414,12,0.022017240524291992,79
415,17,0.02199244499206543,79
416,19,0.02398848533630371,79
417,77,0.02298450469970703,79
418,77,0.018999338150024414,79
419,46,0.02100968360900879,79
420,46,0.021019697189331055,79
421,54,0.020985841751098633,79
422,73,0.02202153205871582,79
423,24,0.022001981735229492,79
424,10,0.019989013671875,79
425,27,0.021001338958740234,79
426,10,0.03900027275085449,79
427,61,0.02201676368713379,79
428,14,0.021015405654907227,79
429,49,0.022985219955444336,79
430,25,0.02302098274230957,79
431,100,0.021996021270751953,79
432,30,0.023005008697509766,79
433,43,0.022995948791503906,79
434,99,0.021009206771850586,79
435,10,0.022980451583862305,79
436,42,0.02202463150024414,79
437,85,0.022999286651611328,79
438,100,0.019974708557128906,79
439,27,0.01999950408935547,79
440,55,0.02400803565979004,79
441,21,0.0210111141204834,79
442,29,0.018973827362060547,79
443,100,0.024000167846679688,79
444,100,0.022002696990966797,79
445,15,0.02399730682373047,79
446,45,0.022001981735229492,79
447,70,0.02312946319580078,79
448,43,0.020988941192626953,79
449,19,0.022999286651611328,79
450,41,0.021999359130859375,79
451,33,0.023999452590942383,79
452,22,0.022005081176757812,79
453,46,0.017978429794311523,79
454,100,0.024006128311157227,79
455,70,0.0200192928314209,79
456,20,0.020963191986083984,79
457,91,0.022000551223754883,79
458,26,0.020000457763671875,79
459,39,0.022944927215576172,79
460,50,0.02699589729309082,79
461,22,0.021999835968017578,79
462,94,0.02501988410949707,79
463,18,0.021027565002441406,79
464,27,0.019986629486083984,79
465,19,0.024009227752685547,79
466,64,0.02199101448059082,79
467,43,0.023003101348876953,79
468,64,0.019995689392089844,79
469,90,0.019975662231445312,79
470,33,0.019998550415039062,79
471,65,0.02297520637512207,79
472,26,0.021546363830566406,79
473,20,0.02611851692199707,79
474,36,0.023995399475097656,79
475,36,0.020015478134155273,79
476,22,0.023966550827026367,79
477,53,0.02099919319152832,79
478,82,0.0209958553314209,79
479,22,0.02297067642211914,79
480,37,0.022007226943969727,79
481,45,0.02297043800354004,79
482,71,0.02102065086364746,79
483,41,0.021977901458740234,79
484,41,0.02499556541442871,79
485,34,0.021020889282226562,79
486,25,0.022983789443969727,79
487,100,0.023000240325927734,79
488,60,0.021986961364746094,79
489,31,0.02302694320678711,79
490,41,0.02201104164123535,79
491,25,0.023967981338500977,79
492,26,0.02300405502319336,79
493,31,0.024999141693115234,79
494,19,0.023999929428100586,79
495,15,0.021022319793701172,79
496,63,0.022995471954345703,79
497,25,0.023001432418823242,79
498,14,0.02099895477294922,79
499,40,0.02399444580078125,79
500,57,0.02299785614013672,79
501,66,0.022030115127563477,79
502,48,0.023001432418823242,79
503,100,0.020998716354370117,79
504,61,0.020078659057617188,79
505,39,0.02299332618713379,79
506,11,0.02202010154724121,79
507,16,0.0229799747467041,79
508,28,0.023011207580566406,79
509,25,0.024005651473999023,79
510,17,0.022027969360351562,79
511,88,0.02200007438659668,79
512,17,0.022012948989868164,79
513,32,0.023983478546142578,79
514,76,0.021010875701904297,79
515,23,0.020991802215576172,79
516,64,0.022986888885498047,79
517,32,0.02098226547241211,79
518,12,0.020999670028686523,79
519,77,0.025010108947753906,79
520,30,0.022983789443969727,79
521,11,0.023990631103515625,79
522,78,0.022000551223754883,79
523,37,0.021034717559814453,79
524,52,0.023967266082763672,79
525,38,0.023998498916625977,79
526,28,0.022997617721557617,79
527,67,0.02101588249206543,79
528,47,0.025994062423706055,79
529,49,0.024021148681640625,79
530,9,0.020971298217773438,79
531,25,0.02109527587890625,79
532,9,0.02298569679260254,79
533,50,0.02200031280517578,79
534,75,0.019999980926513672,79
535,90,0.022977352142333984,79
536,22,0.02000284194946289,79
537,19,0.021031618118286133,79
538,17,0.02398085594177246,79
539,28,0.02002120018005371,79
540,21,0.0219876766204834,79
541,10,0.024012088775634766,79
542,23,0.020993947982788086,79
543,78,0.0209963321685791,79
544,12,0.024000167846679688,79
545,24,0.02202320098876953,79
546,44,0.020984411239624023,79
547,14,0.02399897575378418,79
548,74,0.021538496017456055,79
549,20,0.023998260498046875,79
550,19,0.021002531051635742,79
551,23,0.019999027252197266,79
552,64,0.0200197696685791,79
553,28,0.022005081176757812,79
554,19,0.01998114585876465,79
555,27,0.020984411239624023,79
556,54,0.0240018367767334,79
557,100,0.022992372512817383,79
558,54,0.02057361602783203,79
559,15,0.02197122573852539,79
560,18,0.02099776268005371,79
561,55,0.022019624710083008,79
562,100,0.023012399673461914,79
563,17,0.02100372314453125,79
564,19,0.02098822593688965,79
565,12,0.022970199584960938,79
566,38,0.022014617919921875,79
567,26,0.02201080322265625,79
568,19,0.023974895477294922,79
569,13,0.021997928619384766,79
570,15,0.02298903465270996,79
571,55,0.020995140075683594,79
572,13,0.019034385681152344,79
573,40,0.023000001907348633,79
574,30,0.02301621437072754,79
575,21,0.022979259490966797,79
576,36,0.023006200790405273,79
577,65,0.02299976348876953,79
578,21,0.021013736724853516,79
579,99,0.023035764694213867,79
580,15,0.021988630294799805,79
581,20,0.020035266876220703,79
582,68,0.021967411041259766,79
583,18,0.01903700828552246,79
584,28,0.020981788635253906,79
585,71,0.023001432418823242,79
586,20,0.024008989334106445,79
587,77,0.02000260353088379,79
588,52,0.020971059799194336,79
589,31,0.022027254104614258,79
590,100,0.021012067794799805,79
591,43,0.02399420738220215,79
592,83,0.020008325576782227,79
593,60,0.02100515365600586,79
594,10,0.024992704391479492,79
595,82,0.021007299423217773,79
596,25,0.022998332977294922,79
597,75,0.020029306411743164,79
598,40,0.021020174026489258,79
599,83,0.021986722946166992,79
600,50,0.022998571395874023,79
601,71,0.021006107330322266,79
602,13,0.025999784469604492,79
603,67,0.02200007438659668,79
604,100,0.019986867904663086,79
605,92,0.02498650550842285,79
606,11,0.02101302146911621,79
607,52,0.021041393280029297,79
608,43,0.022977590560913086,79
609,62,0.021976470947265625,79
610,52,0.02202129364013672,79
611,23,0.02196812629699707,79
612,22,0.02200007438659668,79
613,33,0.023027420043945312,79
614,8,0.020974397659301758,79
615,32,0.02399420738220215,79
616,15,0.023003578186035156,79
617,34,0.023037433624267578,79
618,46,0.022980451583862305,79
619,48,0.0221407413482666,79
620,36,0.021001338958740234,79
621,34,0.020996809005737305,79
622,31,0.02099776268005371,79
623,24,0.019994020462036133,79
624,92,0.02499246597290039,79
625,100,0.021999597549438477,79
626,10,0.02198195457458496,79
627,20,0.023018836975097656,79
628,42,0.020998239517211914,79
629,51,0.0229949951171875,79
630,65,0.022996187210083008,79
631,18,0.021027088165283203,79
632,50,0.02399420738220215,79
633,97,0.021005630493164062,79
634,81,0.022002220153808594,79
635,18,0.022011518478393555,79
636,34,0.019999265670776367,79
637,54,0.021999359130859375,79
638,38,0.02299666404724121,79
639,13,0.02200484275817871,79
640,100,0.020999670028686523,79
641,33,0.021986722946166992,79
642,40,0.02199721336364746,79
643,25,0.021002531051635742,79
644,42,0.024007797241210938,79
645,37,0.021996021270751953,79
646,53,0.02100682258605957,79
647,54,0.021001338958740234,79
648,33,0.021017074584960938,79
649,88,0.020982980728149414,79
650,16,0.019991397857666016,79
651,31,0.023029327392578125,79
652,99,0.02098536491394043,79
653,28,0.025997161865234375,79
654,10,0.022015094757080078,79
655,100,0.022000551223754883,79
656,30,0.022009849548339844,79
657,42,0.02197718620300293,79
658,47,0.02100348472595215,79
659,31,0.022994518280029297,79
660,21,0.018004417419433594,79
661,20,0.02102971076965332,79
662,44,0.025969266891479492,79
663,78,0.020998477935791016,79
664,8,0.021986007690429688,79
665,91,0.02200460433959961,79
666,30,0.020999670028686523,79
667,81,0.022001266479492188,79
668,27,0.022994279861450195,79
669,47,0.019028186798095703,79
670,31,0.02199244499206543,79
671,68,0.021997451782226562,79
672,31,0.02101898193359375,79
673,73,0.021997451782226562,79
674,11,0.02300715446472168,79
675,8,0.021972179412841797,79
676,15,0.020012617111206055,79
677,66,0.02199244499206543,79
678,62,0.02098989486694336,79
679,26,0.021007299423217773,79
680,83,0.024523258209228516,79
681,64,0.022565126419067383,79
682,58,0.022977828979492188,79
683,48,0.021997928619384766,79
684,49,0.021036863327026367,79
685,49,0.020978450775146484,79
686,24,0.020001649856567383,79
687,100,0.02099609375,79
688,64,0.021990537643432617,79
689,34,0.02200031280517578,79
690,45,0.020030975341796875,79
691,47,0.019969940185546875,79
692,24,0.022997140884399414,79
693,8,0.02201390266418457,79
694,100,0.020987987518310547,79
695,77,0.024010181427001953,79
696,52,0.020998001098632812,79
697,48,0.02001786231994629,79
698,45,0.02298569679260254,79
699,10,0.021996021270751953,79
700,55,0.022993087768554688,79
701,32,0.022005796432495117,79
702,100,0.023987293243408203,79
703,36,0.024000167846679688,79
704,74,0.022016286849975586,79
705,28,0.023999452590942383,79
706,92,0.023984909057617188,79
707,53,0.020986557006835938,79
708,100,0.022057056427001953,79
709,12,0.02196478843688965,79
710,11,0.01901412010192871,79
711,26,0.020018339157104492,79
712,29,0.023000478744506836,79
713,7,0.020000219345092773,79
714,78,0.020993947982788086,79
715,9,0.021999835968017578,79
716,29,0.022031068801879883,79
717,55,0.023967266082763672,79
718,100,0.022015810012817383,79
719,10,0.02099299430847168,79
720,29,0.022992610931396484,79
721,42,0.021992921829223633,79
722,56,0.02805042266845703,79
723,28,0.020016193389892578,79
724,79,0.020029306411743164,79
725,48,0.023007869720458984,79
726,60,0.02199411392211914,79
727,44,0.020010709762573242,79
728,16,0.019987821578979492,79
729,35,0.023017168045043945,79
730,55,0.02200007438659668,79
731,33,0.02401447296142578,79
732,33,0.020006418228149414,79
733,86,0.020993947982788086,79
734,76,0.023004531860351562,79
735,100,0.020010948181152344,79
736,58,0.019008398056030273,79
737,51,0.02001667022705078,79
738,14,0.02299809455871582,79
739,26,0.020038843154907227,79
740,27,0.021006345748901367,79
741,22,0.02499079704284668,79
742,100,0.02401900291442871,79
743,63,0.02203512191772461,79
744,100,0.022022724151611328,79
745,34,0.022989749908447266,79
746,11,0.020927906036376953,79
747,21,0.021999835968017578,79
748,17,0.023033857345581055,79
749,78,0.021966218948364258,79
750,14,0.021995067596435547,79
751,54,0.02700209617614746,79
752,86,0.0200045108795166,79
753,40,0.02198052406311035,79
754,12,0.021023988723754883,79
755,58,0.022014141082763672,79
756,20,0.02398681640625,79
757,31,0.021010160446166992,79
758,28,0.020989418029785156,79
759,24,0.022005558013916016,79
760,19,0.0229949951171875,79
761,66,0.019980192184448242,79
762,84,0.023017168045043945,79
763,24,0.01999688148498535,79
764,20,0.02098250389099121,79
765,14,0.021901607513427734,79
766,100,0.022998809814453125,79
767,35,0.021017789840698242,79
768,98,0.023983478546142578,79
769,59,0.021999597549438477,79
770,36,0.0260012149810791,79
771,20,0.02001476287841797,79
772,49,0.021012544631958008,79
773,6,0.026025772094726562,79
774,14,0.019968032836914062,79
775,24,0.022020816802978516,79
776,43,0.02298259735107422,79
777,17,0.025002002716064453,79
778,18,0.020996570587158203,79
779,52,0.024992704391479492,79
780,29,0.02301311492919922,79
781,64,0.0230100154876709,79
782,89,0.0209808349609375,79
783,33,0.02198648452758789,79
784,76,0.024000883102416992,79
785,6,0.03032398223876953,79
786,24,0.028012990951538086,79
787,65,0.02699732780456543,79
788,48,0.02899646759033203,79
789,24,0.024999618530273438,79
790,23,0.02202463150024414,79
791,30,0.022995710372924805,79
792,100,0.022988080978393555,79
793,54,0.023995637893676758,79
794,100,0.02199864387512207,79
795,34,0.022027254104614258,79
796,15,0.02297496795654297,79
797,35,0.022999048233032227,79
798,59,0.021550655364990234,79
799,6,0.021006107330322266,79
800,54,0.02399730682373047,79
801,8,0.02103137969970703,79
802,97,0.019968032836914062,79
803,54,0.022993087768554688,79
804,78,0.022017478942871094,79
805,18,0.02298259735107422,79
806,12,0.02402019500732422,79
807,9,0.020998477935791016,79
808,83,0.019995689392089844,79
809,17,0.024027347564697266,79
810,37,0.020989656448364258,79
811,64,0.02299189567565918,79
812,15,0.02098226547241211,79
813,17,0.02301502227783203,79
814,37,0.023986101150512695,79
815,46,0.024026870727539062,79
816,21,0.022975683212280273,79
817,34,0.021998882293701172,79
818,100,0.022983789443969727,79
819,10,0.022967100143432617,79
820,37,0.02103710174560547,79
821,100,0.021995067596435547,79
822,47,0.02302694320678711,79
823,31,0.02201390266418457,79
824,81,0.02310037612915039,79
825,34,0.031998395919799805,79
826,70,0.022028684616088867,79
827,16,0.0200040340423584,79
828,65,0.019992828369140625,79
829,84,0.022960662841796875,79
830,40,0.021014690399169922,79
831,43,0.021013736724853516,79
832,22,0.021971940994262695,79
833,9,0.022001028060913086,79
834,70,0.022995471954345703,79
835,23,0.02297496795654297,79
836,22,0.021004438400268555,79
837,43,0.02801966667175293,79
838,25,0.021988630294799805,79
839,38,0.020981788635253906,79
840,45,0.023000717163085938,79
841,25,0.022999286651611328,79
842,14,0.021021127700805664,79
843,18,0.023979902267456055,79
844,13,0.0220029354095459,79
845,65,0.02199578285217285,79
846,15,0.02200603485107422,79
847,70,0.01999378204345703,79
848,68,0.022989273071289062,79
849,15,0.021998167037963867,79
850,45,0.021996498107910156,79
851,25,0.02100396156311035,79
852,61,0.019999265670776367,79
853,34,0.022014141082763672,79
854,35,0.021986961364746094,79
855,15,0.02199864387512207,79
856,13,0.019015789031982422,79
857,65,0.02199840545654297,79
858,28,0.022977590560913086,79
859,12,0.02200031280517578,79
860,44,0.02002406120300293,79
861,25,0.02098536491394043,79
862,26,0.02201700210571289,79
863,32,0.02197098731994629,79
864,28,0.024995803833007812,79
865,27,0.019999265670776367,79
866,13,0.021031618118286133,79
867,33,0.024969816207885742,79
868,60,0.023012638092041016,79
869,55,0.022986650466918945,79
870,18,0.020997285842895508,79
871,40,0.020976781845092773,79
872,56,0.023980379104614258,79
873,49,0.021016597747802734,79
874,21,0.023997068405151367,79
875,85,0.021999120712280273,79
876,25,0.019987821578979492,79
877,36,0.02201557159423828,79
878,25,0.022998809814453125,79
879,12,0.01899409294128418,79
880,66,0.019006013870239258,79
881,44,0.02198338508605957,79
882,19,0.024025917053222656,79
883,34,0.021975040435791016,79
884,71,0.02200174331665039,79
885,47,0.021010875701904297,79
886,23,0.022009611129760742,79
887,61,0.02200174331665039,79
888,26,0.028975725173950195,79
889,10,0.02454090118408203,79
890,24,0.020029306411743164,79
891,92,0.022968053817749023,79
892,18,0.021022319793701172,79
893,38,0.01999211311340332,79
894,50,0.023995399475097656,79
895,18,0.02202153205871582,79
896,80,0.020030975341796875,79
897,32,0.02402019500732422,79
898,14,0.022374629974365234,79
899,11,0.021990299224853516,79
900,37,0.021012067794799805,79
901,55,0.022986650466918945,79
902,30,0.025018930435180664,79
903,100,0.020984411239624023,79
904,49,0.020991802215576172,79
905,89,0.021001577377319336,79
906,71,0.022015094757080078,79
907,23,0.024986743927001953,79
908,20,0.02201056480407715,79
909,69,0.020978212356567383,79
910,33,0.021001100540161133,79
911,80,0.02300286293029785,79
912,46,0.0209958553314209,79
913,32,0.02101874351501465,79
914,30,0.02199530601501465,79
915,22,0.03005075454711914,79
916,37,0.022007226943969727,79
917,39,0.022991657257080078,79
918,34,0.02296900749206543,79
919,29,0.0220034122467041,79
920,49,0.02299213409423828,79
921,50,0.021996259689331055,79
922,58,0.022000551223754883,79
923,50,0.021994352340698242,79
924,12,0.020999908447265625,79
925,100,0.02500176429748535,79
926,42,0.02399134635925293,79
927,84,0.021964550018310547,79
928,26,0.022002220153808594,79
929,20,0.023984670639038086,79
930,50,0.02202606201171875,79
931,21,0.026059389114379883,79
932,23,0.022980451583862305,79
933,40,0.02299976348876953,79
934,60,0.019998788833618164,79
935,22,0.02299809455871582,79
936,20,0.022014141082763672,79
937,47,0.021003246307373047,79
938,33,0.021973133087158203,79
939,11,0.023026704788208008,79
940,26,0.021987438201904297,79
941,23,0.020984649658203125,79
942,61,0.023995399475097656,79
943,39,0.019986391067504883,79
944,16,0.023993968963623047,79
945,88,0.01900458335876465,79
946,53,0.021036863327026367,79
947,26,0.022960662841796875,79
948,14,0.02102518081665039,79
949,70,0.02198958396911621,79
950,100,0.022975921630859375,79
951,50,0.02100205421447754,79
952,34,0.02100229263305664,79
953,25,0.02200007438659668,79
954,93,0.021999835968017578,79
955,30,0.020980119705200195,79
956,23,0.02299976348876953,79
957,27,0.021984100341796875,79
958,91,0.02100062370300293,79
959,12,0.024033069610595703,79
960,12,0.02196669578552246,79
961,100,0.022022724151611328,79
962,45,0.020003557205200195,79
963,100,0.025991201400756836,79
964,100,0.019005537033081055,79
965,72,0.023008346557617188,79
966,11,0.01999950408935547,79
967,50,0.02098536491394043,79
968,37,0.025007247924804688,79
969,41,0.023000240325927734,79
970,11,0.02198934555053711,79
971,63,0.022032976150512695,79
972,100,0.02096843719482422,79
973,68,0.019995450973510742,79
974,10,0.024530887603759766,79
975,37,0.019016742706298828,79
976,69,0.026006221771240234,79
977,26,0.02299642562866211,79
978,19,0.02098870277404785,79
979,85,0.021009445190429688,79
980,82,0.02207207679748535,79
981,100,0.021983861923217773,79
982,86,0.02202010154724121,79
983,45,0.021007776260375977,79
984,60,0.02452254295349121,79
985,54,0.02097940444946289,79
986,49,0.02099299430847168,79
987,32,0.02399921417236328,79
988,19,0.021001577377319336,79
989,27,0.02299785614013672,79
990,47,0.02200770378112793,79
991,34,0.02198934555053711,79
992,100,0.022003173828125,79
993,52,0.022000551223754883,79
994,17,0.021012544631958008,79
995,22,0.021971702575683594,79
996,98,0.0229947566986084,79
997,57,0.02100849151611328,79
998,24,0.0239870548248291,79
999,100,0.02000594139099121,79
