Episode,Steps,Time,Converged at Iterations
0,98,0.024001359939575195,79
1,16,0.0210111141204834,79
2,20,0.025322914123535156,79
3,44,0.021004199981689453,79
4,79,0.02300739288330078,79
5,25,0.025007009506225586,79
6,37,0.02399754524230957,79
7,71,0.024991273880004883,79
8,15,0.021023988723754883,79
9,16,0.022992372512817383,79
10,10,0.021982908248901367,79
11,63,0.022995471954345703,79
12,62,0.019010305404663086,79
13,22,0.022026538848876953,79
14,22,0.021973848342895508,79
15,45,0.023004770278930664,79
16,59,0.0240018367767334,79
17,43,0.02100086212158203,79
18,14,0.022971391677856445,79
19,100,0.02101898193359375,79
20,71,0.020972728729248047,79
21,22,0.02399897575378418,79
22,26,0.021999597549438477,79
23,48,0.022014617919921875,79
24,92,0.02299332618713379,79
25,33,0.020010709762573242,79
26,26,0.022003173828125,79
27,15,0.020987749099731445,79
28,34,0.022996902465820312,79
29,52,0.01900792121887207,79
30,56,0.02100062370300293,79
31,19,0.02302265167236328,79
32,44,0.021976470947265625,79
33,12,0.02199077606201172,79
34,27,0.021010398864746094,79
35,33,0.021013498306274414,79
36,100,0.022014141082763672,79
37,23,0.02297830581665039,79
38,100,0.02200007438659668,79
39,26,0.02503824234008789,79
40,30,0.023012638092041016,79
41,35,0.02298283576965332,79
42,91,0.02105569839477539,79
43,42,0.049016475677490234,79
44,100,0.02200007438659668,79
45,47,0.02598881721496582,79
46,13,0.021991252899169922,79
47,48,0.02402949333190918,79
48,13,0.022966384887695312,79
49,10,0.02099919319152832,79
50,29,0.024018049240112305,79
51,9,0.020983219146728516,79
52,13,0.022547006607055664,79
53,25,0.02299785614013672,79
54,24,0.03699946403503418,79
55,28,0.02199244499206543,79
56,30,0.0230104923248291,79
57,7,0.024005413055419922,79
58,100,0.028024673461914062,79
59,43,0.025996685028076172,79
60,22,0.023023366928100586,79
61,24,0.020992517471313477,79
62,25,0.021988868713378906,79
63,14,0.024999618530273438,79
64,53,0.021996498107910156,79
65,42,0.023003101348876953,79
66,59,0.02299809455871582,79
67,80,0.021564483642578125,79
68,27,0.02952885627746582,79
69,27,0.04000043869018555,79
70,52,0.023000001907348633,79
71,10,0.022992372512817383,79
72,80,0.02201366424560547,79
73,21,0.021993160247802734,79
74,21,0.023991107940673828,79
75,9,0.020998001098632812,79
76,98,0.020975112915039062,79
77,28,0.021010875701904297,79
78,53,0.0225217342376709,79
79,60,0.028005599975585938,79
80,8,0.023018360137939453,79
81,27,0.022007465362548828,79
82,37,0.022980213165283203,79
83,100,0.022015810012817383,79
84,41,0.02499842643737793,79
85,38,0.02197265625,79
86,28,0.022996902465820312,79
87,12,0.022034645080566406,79
88,34,0.020962238311767578,79
89,34,0.022023439407348633,79
90,15,0.021982192993164062,79
91,58,0.02200007438659668,79
92,27,0.023001670837402344,79
93,42,0.023027658462524414,79
94,16,0.020002126693725586,79
95,58,0.023970603942871094,79
96,100,0.0220186710357666,79
97,61,0.022998571395874023,79
98,46,0.020997047424316406,79
99,14,0.02199840545654297,79
100,17,0.020002126693725586,79
101,9,0.02197718620300293,79
102,17,0.020998716354370117,79
103,100,0.021999359130859375,79
104,7,0.02399587631225586,79
105,38,0.02100825309753418,79
106,32,0.026007413864135742,79
107,61,0.01998305320739746,79
108,47,0.021999835968017578,79
109,27,0.02400827407836914,79
110,55,0.020000934600830078,79
111,68,0.0199887752532959,79
112,100,0.019002914428710938,79
113,52,0.025029659271240234,79
114,9,0.021000146865844727,79
115,22,0.022037029266357422,79
116,31,0.02199268341064453,79
117,87,0.021982908248901367,79
118,40,0.021999597549438477,79
119,11,0.019947528839111328,79
120,55,0.019019126892089844,79
121,51,0.019008159637451172,79
122,16,0.024003982543945312,79
123,100,0.021984577178955078,79
124,32,0.025995254516601562,79
125,13,0.021999120712280273,79
126,26,0.02201676368713379,79
127,66,0.023009300231933594,79
128,39,0.023001909255981445,79
129,16,0.018986940383911133,79
130,42,0.02099323272705078,79
131,27,0.02200007438659668,79
132,37,0.022011280059814453,79
133,100,0.022003889083862305,79
134,35,0.01999354362487793,79
135,21,0.02401137351989746,79
136,26,0.022032499313354492,79
137,47,0.023976802825927734,79
138,97,0.023000717163085938,79
139,20,0.021000146865844727,79
140,18,0.021036863327026367,79
141,24,0.023977279663085938,79
142,21,0.022995948791503906,79
143,61,0.02399897575378418,79
144,82,0.0210111141204834,79
145,42,0.020994186401367188,79
146,27,0.024065256118774414,79
147,18,0.01992940902709961,79
148,24,0.02200460433959961,79
149,67,0.020977258682250977,79
150,100,0.021995067596435547,79
151,64,0.023148059844970703,79
152,39,0.022996187210083008,79
153,64,0.02199721336364746,79
154,72,0.024004697799682617,79
155,40,0.021012544631958008,79
156,67,0.020982980728149414,79
157,89,0.02299642562866211,79
158,14,0.021008729934692383,79
159,24,0.023009538650512695,79
160,23,0.02298283576965332,79
161,100,0.022569894790649414,79
162,33,0.023990154266357422,79
163,30,0.021999120712280273,79
164,20,0.022006750106811523,79
165,34,0.023014545440673828,79
166,41,0.01900005340576172,79
167,34,0.020992517471313477,79
168,22,0.028003454208374023,79
169,19,0.021996021270751953,79
170,87,0.02400350570678711,79
171,26,0.01898503303527832,79
172,30,0.02102494239807129,79
173,33,0.023034334182739258,79
174,19,0.020964860916137695,79
175,100,0.022003650665283203,79
176,37,0.023986339569091797,79
177,31,0.021021366119384766,79
178,100,0.022019386291503906,79
179,18,0.023961305618286133,79
180,87,0.021010637283325195,79
181,53,0.021021604537963867,79
182,47,0.023003339767456055,79
183,77,0.022034406661987305,79
184,100,0.024995803833007812,79
185,43,0.021004199981689453,79
186,26,0.02099299430847168,79
187,17,0.02701282501220703,79
188,38,0.02100372314453125,79
189,36,0.026005029678344727,79
190,45,0.01999950408935547,79
191,16,0.02197432518005371,79
192,100,0.024004697799682617,79
193,72,0.019999980926513672,79
194,66,0.01997065544128418,79
195,28,0.021988868713378906,79
196,26,0.021992206573486328,79
197,78,0.02100205421447754,79
198,23,0.023996591567993164,79
199,46,0.02506422996520996,79
200,23,0.0269927978515625,79
201,70,0.022023677825927734,79
202,13,0.023984670639038086,79
203,17,0.022024154663085938,79
204,20,0.019996166229248047,79
205,11,0.023035526275634766,79
206,60,0.020964384078979492,79
207,19,0.021996021270751953,79
208,17,0.02798748016357422,79
209,18,0.021682262420654297,79
210,14,0.02503371238708496,79
211,73,0.022972583770751953,79
212,26,0.023015737533569336,79
213,46,0.020989418029785156,79
214,100,0.020014524459838867,79
215,79,0.02402806282043457,79
216,71,0.020997047424316406,79
217,38,0.023012876510620117,79
218,93,0.021986722946166992,79
219,29,0.020087003707885742,79
220,24,0.022971630096435547,79
221,58,0.02299213409423828,79
222,17,0.02400040626525879,79
223,52,0.027002573013305664,79
224,37,0.020009994506835938,79
225,10,0.019989490509033203,79
226,43,0.02300238609313965,79
227,62,0.022008895874023438,79
228,12,0.021008729934692383,79
229,89,0.022991657257080078,79
230,100,0.021994829177856445,79
231,13,0.024006128311157227,79
232,13,0.02099776268005371,79
233,25,0.02101898193359375,79
234,34,0.021988868713378906,79
235,79,0.022990703582763672,79
236,28,0.02201557159423828,79
237,53,0.02498793601989746,79
238,30,0.01999974250793457,79
239,56,0.02101898193359375,79
240,21,0.023968219757080078,79
241,75,0.021011829376220703,79
242,19,0.018982410430908203,79
243,43,0.023013830184936523,79
244,100,0.02199101448059082,79
245,8,0.020999431610107422,79
246,53,0.025000333786010742,79
247,12,0.022966861724853516,79
248,71,0.024007558822631836,79
249,83,0.020016908645629883,79
250,30,0.02301335334777832,79
251,15,0.022972822189331055,79
252,20,0.022001028060913086,79
253,27,0.02202630043029785,79
254,72,0.023973464965820312,79
255,15,0.022998332977294922,79
256,38,0.022997617721557617,79
257,38,0.022033214569091797,79
258,22,0.021970033645629883,79
259,22,0.02299666404724121,79
260,64,0.021014928817749023,79
261,21,0.02199721336364746,79
262,34,0.01998758316040039,79
263,18,0.022017717361450195,79
264,21,0.02399468421936035,79
265,29,0.02399897575378418,79
266,17,0.021029233932495117,79
267,49,0.021968603134155273,79
268,72,0.02100372314453125,79
269,80,0.02102828025817871,79
270,90,0.0219879150390625,79
271,20,0.021009206771850586,79
272,46,0.019976377487182617,79
273,27,0.021044492721557617,79
274,27,0.024956464767456055,79
275,22,0.022000551223754883,79
276,100,0.023972034454345703,79
277,25,0.021105051040649414,79
278,88,0.024976015090942383,79
279,8,0.019994735717773438,79
280,25,0.023003816604614258,79
281,20,0.023024320602416992,79
282,18,0.02099442481994629,79
283,37,0.021004438400268555,79
284,100,0.021999835968017578,79
285,33,0.020018815994262695,79
286,57,0.01900005340576172,79
287,10,0.025829076766967773,79
288,17,0.021011829376220703,79
289,100,0.020984649658203125,79
290,39,0.022005319595336914,79
291,27,0.023995637893676758,79
292,100,0.020007610321044922,79
293,48,0.02598881721496582,79
294,35,0.021020889282226562,79
295,41,0.021953821182250977,79
296,25,0.02199578285217285,79
297,31,0.019002437591552734,79
298,24,0.022007465362548828,79
299,63,0.027002573013305664,79
300,14,0.022994279861450195,79
301,55,0.021030664443969727,79
302,39,0.021962404251098633,79
303,43,0.022024154663085938,79
304,26,0.023979902267456055,79
305,62,0.02200007438659668,79
306,60,0.0240018367767334,79
307,42,0.022010326385498047,79
308,57,0.02001166343688965,79
309,100,0.026009082794189453,79
310,25,0.02001023292541504,79
311,68,0.023988008499145508,79
312,50,0.022997617721557617,79
313,31,0.022008419036865234,79
314,28,0.021991491317749023,79
315,19,0.02100062370300293,79
316,42,0.023996591567993164,79
317,51,0.025022506713867188,79
318,13,0.01999807357788086,79
319,59,0.025000333786010742,79
320,13,0.022999048233032227,79
321,15,0.020024776458740234,79
322,31,0.024985790252685547,79
323,39,0.021025896072387695,79
324,30,0.019977331161499023,79
325,12,0.02400970458984375,79
326,14,0.020009994506835938,79
327,22,0.022004365921020508,79
328,66,0.022032499313354492,79
329,40,0.02296757698059082,79
330,23,0.022000551223754883,79
331,11,0.025998353958129883,79
332,15,0.023024320602416992,79
333,75,0.02400946617126465,79
334,75,0.020016193389892578,79
335,23,0.024001121520996094,79
336,100,0.019971847534179688,79
337,18,0.01999187469482422,79
338,34,0.01998114585876465,79
339,34,0.022996902465820312,79
340,31,0.021010875701904297,79
341,19,0.024997711181640625,79
342,8,0.02198314666748047,79
343,51,0.020999908447265625,79
344,16,0.02499222755432129,79
345,15,0.021997928619384766,79
346,23,0.021022319793701172,79
347,67,0.022974014282226562,79
348,21,0.02200484275817871,79
349,18,0.02102494239807129,79
350,58,0.023975610733032227,79
351,30,0.02306389808654785,79
352,20,0.02500748634338379,79
353,20,0.020987272262573242,79
354,58,0.019032001495361328,79
355,61,0.023000717163085938,79
356,30,0.02400517463684082,79
357,13,0.020995616912841797,79
358,95,0.020999908447265625,79
359,67,0.02100539207458496,79
360,57,0.022053003311157227,79
361,27,0.023000001907348633,79
362,74,0.020028114318847656,79
363,56,0.021001100540161133,79
364,43,0.02297377586364746,79
365,29,0.020984172821044922,79
366,100,0.021001100540161133,79
367,10,0.023998737335205078,79
368,41,0.0219881534576416,79
369,73,0.022006750106811523,79
370,62,0.022999048233032227,79
371,26,0.02099752426147461,79
372,69,0.022001266479492188,79
373,21,0.023005247116088867,79
374,76,0.022004365921020508,79
375,27,0.02501702308654785,79
376,38,0.021005868911743164,79
377,12,0.02098703384399414,79
378,20,0.023983478546142578,79
379,56,0.022999286651611328,79
380,16,0.02002096176147461,79
381,15,0.02300739288330078,79
382,10,0.01999044418334961,79
383,93,0.0209808349609375,79
384,26,0.02300858497619629,79
385,30,0.019997358322143555,79
386,100,0.022034168243408203,79
387,100,0.02392435073852539,79
388,25,0.029015302658081055,79
389,67,0.022014379501342773,79
390,47,0.02196812629699707,79
391,66,0.021003007888793945,79
392,47,0.023006677627563477,79
393,22,0.021009445190429688,79
394,50,0.023989200592041016,79
395,16,0.018976211547851562,79
396,33,0.02000713348388672,79
397,54,0.02300095558166504,79
398,78,0.021971702575683594,79
399,33,0.022013187408447266,79
400,13,0.022983789443969727,79
401,20,0.02301192283630371,79
402,80,0.023996353149414062,79
403,71,0.021976232528686523,79
404,31,0.024000883102416992,79
405,11,0.022995710372924805,79
406,69,0.02103710174560547,79
407,10,0.023983001708984375,79
408,12,0.02399420738220215,79
409,35,0.01900482177734375,79
410,7,0.021004676818847656,79
411,29,0.025014877319335938,79
412,46,0.02100396156311035,79
413,65,0.01997828483581543,79
414,28,0.022001266479492188,79
415,47,0.022016525268554688,79
416,42,0.019988536834716797,79
417,10,0.024997472763061523,79
418,54,0.022000789642333984,79
419,100,0.02300882339477539,79
420,20,0.020999431610107422,79
421,14,0.02199864387512207,79
422,11,0.021004199981689453,79
423,30,0.022997379302978516,79
424,9,0.02200150489807129,79
425,14,0.021986007690429688,79
426,48,0.022003173828125,79
427,100,0.02200174331665039,79
428,37,0.02297067642211914,79
429,14,0.02300405502319336,79
430,78,0.020000696182250977,79
431,71,0.026047706604003906,79
432,49,0.020989656448364258,79
433,27,0.02600264549255371,79
434,56,0.023000240325927734,79
435,55,0.02300739288330078,79
436,13,0.021989822387695312,79
437,56,0.02303290367126465,79
438,35,0.023003578186035156,79
439,88,0.022020578384399414,79
440,12,0.0200960636138916,79
441,17,0.022991418838500977,79
442,34,0.02400040626525879,79
443,68,0.022996187210083008,79
444,65,0.024022579193115234,79
445,39,0.021010160446166992,79
446,17,0.022989749908447266,79
447,27,0.022992849349975586,79
448,100,0.022988080978393555,79
449,33,0.02097630500793457,79
450,46,0.02202749252319336,79
451,31,0.02497243881225586,79
452,19,0.023015975952148438,79
453,65,0.020984172821044922,79
454,45,0.024004220962524414,79
455,9,0.0229949951171875,79
456,61,0.023001670837402344,79
457,69,0.0230405330657959,79
458,79,0.021970510482788086,79
459,18,0.023042917251586914,79
460,29,0.024927377700805664,79
461,35,0.032001495361328125,79
462,23,0.032030344009399414,79
463,16,0.02999711036682129,79
464,24,0.040001869201660156,79
465,10,0.03999948501586914,79
466,48,0.03401350975036621,79
467,27,0.025996685028076172,79
468,58,0.025005817413330078,79
469,70,0.022044658660888672,79
470,49,0.023967504501342773,79
471,14,0.024022579193115234,79
472,63,0.022983551025390625,79
473,17,0.022998332977294922,79
474,29,0.02100086212158203,79
475,9,0.02301502227783203,79
476,100,0.020993709564208984,79
477,41,0.020999431610107422,79
478,35,0.022997379302978516,79
479,16,0.02100348472595215,79
480,90,0.021030426025390625,79
481,12,0.020986318588256836,79
482,40,0.02202439308166504,79
483,30,0.022010326385498047,79
484,84,0.023955583572387695,79
485,55,0.019997358322143555,79
486,16,0.020998716354370117,79
487,26,0.024007320404052734,79
488,20,0.022012710571289062,79
489,10,0.020978927612304688,79
490,44,0.025998592376708984,79
491,15,0.02105093002319336,79
492,61,0.019982099533081055,79
493,28,0.022043466567993164,79
494,100,0.02097487449645996,79
495,43,0.020982027053833008,79
496,34,0.02300119400024414,79
497,49,0.020994186401367188,79
498,100,0.02103447914123535,79
499,27,0.022982120513916016,79
500,100,0.02200460433959961,79
501,20,0.021997690200805664,79
502,24,0.022997140884399414,79
503,17,0.02555108070373535,79
504,20,0.022528648376464844,79
505,44,0.021025657653808594,79
506,53,0.020973682403564453,79
507,54,0.025001049041748047,79
508,22,0.022014617919921875,79
509,41,0.02200937271118164,79
510,96,0.022977113723754883,79
511,23,0.019984006881713867,79
512,36,0.021076440811157227,79
513,38,0.02243661880493164,79
514,13,0.020004749298095703,79
515,76,0.020999908447265625,79
516,78,0.023003339767456055,79
517,29,0.021993398666381836,79
518,100,0.02300405502319336,79
519,100,0.023009061813354492,79
520,21,0.020983219146728516,79
521,13,0.018994808197021484,79
522,33,0.02200603485107422,79
523,21,0.021999120712280273,79
524,25,0.022024154663085938,79
525,26,0.022996187210083008,79
526,62,0.01899886131286621,79
527,47,0.019988298416137695,79
528,82,0.021985769271850586,79
529,29,0.02100229263305664,79
530,60,0.01999974250793457,79
531,42,0.02100062370300293,79
532,51,0.01998615264892578,79
533,100,0.021016359329223633,79
534,40,0.02203512191772461,79
535,94,0.021978378295898438,79
536,100,0.02401256561279297,79
537,30,0.026009321212768555,79
538,71,0.023990392684936523,79
539,39,0.026003599166870117,79
540,47,0.021010875701904297,79
541,25,0.020986080169677734,79
542,48,0.020997047424316406,79
543,20,0.021030187606811523,79
544,69,0.02097296714782715,79
545,45,0.02199578285217285,79
546,29,0.02198958396911621,79
547,17,0.022028684616088867,79
548,18,0.024000167846679688,79
549,11,0.020989656448364258,79
550,100,0.021008729934692383,79
551,17,0.022984743118286133,79
552,47,0.02200627326965332,79
553,99,0.022005319595336914,79
554,25,0.02400064468383789,79
555,8,0.021999835968017578,79
556,61,0.0220029354095459,79
557,8,0.023028135299682617,79
558,10,0.022998809814453125,79
559,60,0.024003267288208008,79
560,27,0.02296733856201172,79
561,13,0.02500009536743164,79
562,7,0.02100062370300293,79
563,19,0.0230100154876709,79
564,14,0.02207016944885254,79
565,13,0.020931482315063477,79
566,37,0.020032644271850586,79
567,30,0.0229794979095459,79
568,8,0.022022008895874023,79
569,13,0.021971464157104492,79
570,31,0.02301621437072754,79
571,68,0.020983219146728516,79
572,32,0.02200174331665039,79
573,26,0.022997617721557617,79
574,29,0.02101731300354004,79
575,26,0.02201104164123535,79
576,14,0.02197265625,79
577,88,0.024026870727539062,79
578,19,0.019993066787719727,79
579,87,0.0209963321685791,79
580,23,0.021019697189331055,79
581,60,0.021005868911743164,79
582,61,0.023005008697509766,79
583,33,0.02099609375,79
584,36,0.02099919319152832,79
585,68,0.019999265670776367,79
586,32,0.023955821990966797,79
587,35,0.022028684616088867,79
588,11,0.023970842361450195,79
589,18,0.020018577575683594,79
590,37,0.02097797393798828,79
591,11,0.019002914428710938,79
592,18,0.022982358932495117,79
593,30,0.023020267486572266,79
594,9,0.02198171615600586,79
595,100,0.022005558013916016,79
596,68,0.022986173629760742,79
597,8,0.02400040626525879,79
598,49,0.022009611129760742,79
599,7,0.02202296257019043,79
600,83,0.025990724563598633,79
601,28,0.01997971534729004,79
602,25,0.026009798049926758,79
603,12,0.02182602882385254,79
604,15,0.020017623901367188,79
605,12,0.026994705200195312,79
606,69,0.022004127502441406,79
607,32,0.02198052406311035,79
608,37,0.022000789642333984,79
609,37,0.021008729934692383,79
610,23,0.023985862731933594,79
611,62,0.022008657455444336,79
612,29,0.022984743118286133,79
613,10,0.023003578186035156,79
614,41,0.021999120712280273,79
615,28,0.023015975952148438,79
616,9,0.02199721336364746,79
617,24,0.02000117301940918,79
618,52,0.020001888275146484,79
619,71,0.02301812171936035,79
620,38,0.020009756088256836,79
621,100,0.02297353744506836,79
622,53,0.021001815795898438,79
623,74,0.02200937271118164,79
624,26,0.022996187210083008,79
625,22,0.024000883102416992,79
626,26,0.022000551223754883,79
627,11,0.0209958553314209,79
628,35,0.022004127502441406,79
629,31,0.021680355072021484,79
630,15,0.022651195526123047,79
631,10,0.02234816551208496,79
632,20,0.02301621437072754,79
633,55,0.021979570388793945,79
634,72,0.022999286651611328,79
635,100,0.021974563598632812,79
636,91,0.02301311492919922,79
637,36,0.02100396156311035,79
638,37,0.023013830184936523,79
639,10,0.02100825309753418,79
640,88,0.018973588943481445,79
641,16,0.024080276489257812,79
642,31,0.020030736923217773,79
643,96,0.02199864387512207,79
644,100,0.02402210235595703,79
645,45,0.019999265670776367,79
646,41,0.021030187606811523,79
647,79,0.023000717163085938,79
648,62,0.021000385284423828,79
649,18,0.027529239654541016,79
650,57,0.022003173828125,79
651,35,0.02500438690185547,79
652,19,0.021027326583862305,79
653,30,0.020984888076782227,79
654,28,0.023003101348876953,79
655,6,0.020016193389892578,79
656,13,0.021983623504638672,79
657,44,0.02400040626525879,79
658,23,0.02059459686279297,79
659,59,0.022003889083862305,79
660,36,0.02299666404724121,79
661,13,0.0220184326171875,79
662,25,0.022986412048339844,79
663,100,0.021999120712280273,79
664,38,0.020998716354370117,79
665,25,0.02200460433959961,79
666,100,0.022999048233032227,79
667,40,0.02205061912536621,79
668,13,0.019020795822143555,79
669,14,0.02501082420349121,79
670,90,0.020995378494262695,79
671,62,0.022022724151611328,79
672,46,0.023002147674560547,79
673,28,0.020990610122680664,79
674,9,0.0240478515625,79
675,22,0.019951820373535156,79
676,58,0.02202582359313965,79
677,12,0.022985458374023438,79
678,42,0.021008729934692383,79
679,18,0.020984888076782227,79
680,11,0.022014141082763672,79
681,71,0.021985530853271484,79
682,22,0.021025657653808594,79
683,13,0.026973247528076172,79
684,100,0.021001338958740234,79
685,32,0.024011611938476562,79
686,41,0.022004365921020508,79
687,24,0.021984100341796875,79
688,15,0.024030685424804688,79
689,53,0.02310800552368164,79
690,91,0.022005796432495117,79
691,78,0.023000717163085938,79
692,24,0.02099442481994629,79
693,28,0.025994062423706055,79
694,24,0.02303457260131836,79
695,48,0.01996445655822754,79
696,60,0.024005889892578125,79
697,16,0.020977020263671875,79
698,42,0.025002479553222656,79
699,95,0.0230255126953125,79
700,50,0.02099895477294922,79
701,72,0.02397894859313965,79
702,27,0.02099895477294922,79
703,29,0.021988391876220703,79
704,15,0.02398395538330078,79
705,20,0.02200007438659668,79
706,31,0.022002696990966797,79
707,11,0.020992755889892578,79
708,100,0.022003173828125,79
709,29,0.024997949600219727,79
710,18,0.022996902465820312,79
711,34,0.02097463607788086,79
712,100,0.01997661590576172,79
713,27,0.024005889892578125,79
714,100,0.0229952335357666,79
715,42,0.021993637084960938,79
716,36,0.02098226547241211,79
717,34,0.02098870277404785,79
718,61,0.022011756896972656,79
719,45,0.01998448371887207,79
720,63,0.023005247116088867,79
721,23,0.020022153854370117,79
722,43,0.020999670028686523,79
723,92,0.02500128746032715,79
724,22,0.024549245834350586,79
725,52,0.023998737335205078,79
726,21,0.02097630500793457,79
727,43,0.02302098274230957,79
728,19,0.021012306213378906,79
729,53,0.022984981536865234,79
730,22,0.021998882293701172,79
731,28,0.024002790451049805,79
732,22,0.022027254104614258,79
733,21,0.020985841751098633,79
734,98,0.02250218391418457,79
735,36,0.021999120712280273,79
736,43,0.022966861724853516,79
737,17,0.02400946617126465,79
738,42,0.02398371696472168,79
739,64,0.025532245635986328,79
740,25,0.022027015686035156,79
741,53,0.023020029067993164,79
742,29,0.021001338958740234,79
743,15,0.020978927612304688,79
744,10,0.02400040626525879,79
745,100,0.021999359130859375,79
746,100,0.018997907638549805,79
747,93,0.023000717163085938,79
748,27,0.02308177947998047,79
749,56,0.020976543426513672,79
750,22,0.02200174331665039,79
751,31,0.020003557205200195,79
752,100,0.020995378494262695,79
753,75,0.020000934600830078,79
754,33,0.018975257873535156,79
755,100,0.020039081573486328,79
756,26,0.021968603134155273,79
757,100,0.021990060806274414,79
758,64,0.02453446388244629,79
759,12,0.022027015686035156,79
760,51,0.022971153259277344,79
761,30,0.02099919319152832,79
762,57,0.022997379302978516,79
763,54,0.01999497413635254,79
764,38,0.021015167236328125,79
765,90,0.022989511489868164,79
766,13,0.02201390266418457,79
767,80,0.023986339569091797,79
768,51,0.022954702377319336,79
769,22,0.02300882339477539,79
770,44,0.02297520637512207,79
771,100,0.02199530601501465,79
772,42,0.021036386489868164,79
773,39,0.022974491119384766,79
774,24,0.02102518081665039,79
775,15,0.021998882293701172,79
776,29,0.01998591423034668,79
777,28,0.02000880241394043,79
778,7,0.020020723342895508,79
779,26,0.02397775650024414,79
780,31,0.019010543823242188,79
781,39,0.019992351531982422,79
782,39,0.026035547256469727,79
783,13,0.021962881088256836,79
784,40,0.02299952507019043,79
785,20,0.022001028060913086,79
786,27,0.02097916603088379,79
787,57,0.024033784866333008,79
788,12,0.02196645736694336,79
789,41,0.021997690200805664,79
790,20,0.020003318786621094,79
791,11,0.02202582359313965,79
792,16,0.021985769271850586,79
793,27,0.020987749099731445,79
794,37,0.044997215270996094,79
795,10,0.023003339767456055,79
796,43,0.023998260498046875,79
797,32,0.0210111141204834,79
798,100,0.020988941192626953,79
799,35,0.027028560638427734,79
800,24,0.021978139877319336,79
801,13,0.02202320098876953,79
802,25,0.02097606658935547,79
803,17,0.023992538452148438,79
804,12,0.023999691009521484,79
805,10,0.02300119400024414,79
806,34,0.019999027252197266,79
807,100,0.025997638702392578,79
808,45,0.02605438232421875,79
809,13,0.022004127502441406,79
810,53,0.018999338150024414,79
811,26,0.020007848739624023,79
812,20,0.02399134635925293,79
813,20,0.021028995513916016,79
814,25,0.022969722747802734,79
815,78,0.023012161254882812,79
816,67,0.020989179611206055,79
817,28,0.02102351188659668,79
818,80,0.021504878997802734,79
819,53,0.02001333236694336,79
820,19,0.020987987518310547,79
821,11,0.020026683807373047,79
822,87,0.019999980926513672,79
823,62,0.026003122329711914,79
824,38,0.022008180618286133,79
825,100,0.026001691818237305,79
826,15,0.021979808807373047,79
827,25,0.02400684356689453,79
828,25,0.022980213165283203,79
829,19,0.022005319595336914,79
830,47,0.02100229263305664,79
831,27,0.022020578384399414,79
832,66,0.021978378295898438,79
833,25,0.023000478744506836,79
834,22,0.02400517463684082,79
835,9,0.01997661590576172,79
836,10,0.022991657257080078,79
837,62,0.020003795623779297,79
838,71,0.02102184295654297,79
839,50,0.022008895874023438,79
840,27,0.021001338958740234,79
841,100,0.019973278045654297,79
842,100,0.020986557006835938,79
843,100,0.023008108139038086,79
844,66,0.02399611473083496,79
845,22,0.023046016693115234,79
846,53,0.02101445198059082,79
847,41,0.019999980926513672,79
848,68,0.022995710372924805,79
849,13,0.021000385284423828,79
850,76,0.021008968353271484,79
851,29,0.021988391876220703,79
852,62,0.02200174331665039,79
853,16,0.020999908447265625,79
854,100,0.02398204803466797,79
855,54,0.023020267486572266,79
856,43,0.022978782653808594,79
857,27,0.021950483322143555,79
858,12,0.022998571395874023,79
859,100,0.023014307022094727,79
860,12,0.024020671844482422,79
861,90,0.022969722747802734,79
862,61,0.022013187408447266,79
863,9,0.021994590759277344,79
864,14,0.020978450775146484,79
865,100,0.021002531051635742,79
866,26,0.020017623901367188,79
867,44,0.022998809814453125,79
868,9,0.021962404251098633,79
869,21,0.027901649475097656,79
870,45,0.020996570587158203,79
871,60,0.02199864387512207,79
872,40,0.023993492126464844,79
873,27,0.02200031280517578,79
874,64,0.024013757705688477,79
875,73,0.023018360137939453,79
876,71,0.02102041244506836,79
877,26,0.023962736129760742,79
878,29,0.020019054412841797,79
879,17,0.02097606658935547,79
880,86,0.022999286651611328,79
881,14,0.0220029354095459,79
882,13,0.026007890701293945,79
883,87,0.02099013328552246,79
884,17,0.02099895477294922,79
885,27,0.022032499313354492,79
886,20,0.02296733856201172,79
887,15,0.020000457763671875,79
888,20,0.02499699592590332,79
889,35,0.022003173828125,79
890,21,0.021005868911743164,79
891,17,0.025003433227539062,79
892,48,0.019983530044555664,79
893,21,0.020000457763671875,79
894,57,0.02302098274230957,79
895,100,0.020995378494262695,79
896,65,0.021002531051635742,79
897,64,0.02503180503845215,79
898,11,0.02097034454345703,79
899,24,0.02102494239807129,79
900,31,0.028031110763549805,79
901,10,0.021009206771850586,79
902,18,0.023009538650512695,79
903,26,0.02198052406311035,79
904,63,0.02000141143798828,79
905,17,0.026022911071777344,79
906,78,0.020976543426513672,79
907,40,0.02299785614013672,79
908,68,0.021999359130859375,79
909,14,0.02190995216369629,79
910,85,0.0209653377532959,79
911,7,0.020995140075683594,79
912,16,0.020012855529785156,79
913,22,0.02498626708984375,79
914,29,0.024001121520996094,79
915,39,0.027013778686523438,79
916,10,0.021019697189331055,79
917,100,0.020987987518310547,79
918,12,0.022005558013916016,79
919,61,0.023015737533569336,79
920,37,0.02096843719482422,79
921,39,0.023985862731933594,79
922,45,0.021999359130859375,79
923,39,0.02000117301940918,79
924,26,0.022982358932495117,79
925,46,0.021001100540161133,79
926,100,0.021999835968017578,79
927,31,0.02296733856201172,79
928,45,0.020973682403564453,79
929,32,0.022008180618286133,79
930,16,0.02401876449584961,79
931,38,0.021982669830322266,79
932,33,0.02199840545654297,79
933,51,0.021028757095336914,79
934,15,0.0230104923248291,79
935,10,0.02199864387512207,79
936,25,0.020964384078979492,79
937,25,0.019994735717773438,79
938,32,0.021001815795898438,79
939,63,0.023998260498046875,79
940,100,0.020002365112304688,79
941,75,0.023015499114990234,79
942,43,0.022023677825927734,79
943,9,0.02199578285217285,79
944,82,0.022026538848876953,79
945,39,0.020997285842895508,79
946,24,0.023033618927001953,79
947,38,0.023981094360351562,79
948,30,0.02099919319152832,79
949,36,0.022000551223754883,79
950,27,0.022026777267456055,79
951,27,0.021993398666381836,79
952,9,0.0220029354095459,79
953,48,0.023026466369628906,79
954,16,0.019974231719970703,79
955,12,0.021982431411743164,79
956,82,0.022986412048339844,79
957,24,0.02397465705871582,79
958,54,0.02399754524230957,79
959,15,0.021005868911743164,79
960,54,0.024017810821533203,79
961,52,0.020981311798095703,79
962,30,0.021016359329223633,79
963,38,0.02299785614013672,79
964,18,0.022998571395874023,79
965,14,0.02101421356201172,79
966,69,0.02398371696472168,79
967,28,0.024008512496948242,79
968,50,0.024017810821533203,79
969,17,0.021008968353271484,79
970,62,0.025989532470703125,79
971,18,0.021022796630859375,79
972,50,0.021979093551635742,79
973,27,0.021014928817749023,79
974,41,0.021985530853271484,79
975,68,0.022975444793701172,79
976,39,0.025008201599121094,79
977,18,0.02099752426147461,79
978,82,0.0220034122467041,79
979,26,0.02200150489807129,79
980,40,0.020028114318847656,79
981,44,0.02599954605102539,79
982,12,0.020018339157104492,79
983,26,0.021003246307373047,79
984,23,0.022006511688232422,79
985,12,0.019999980926513672,79
986,35,0.021995067596435547,79
987,100,0.026000022888183594,79
988,47,0.020805835723876953,79
989,30,0.02199268341064453,79
990,21,0.0229949951171875,79
991,11,0.021996021270751953,79
992,100,0.021010160446166992,79
993,24,0.02400040626525879,79
994,77,0.02102184295654297,79
995,82,0.02299642562866211,79
996,12,0.022001266479492188,79
997,97,0.02098250389099121,79
998,21,0.022528409957885742,79
999,88,0.021031618118286133,79
