Episode,Steps,Time,Converged at Iterations
0,100,0.022014856338500977,79
1,23,0.02697610855102539,79
2,24,0.0260012149810791,79
3,100,0.021001815795898438,79
4,16,0.020994901657104492,79
5,22,0.024018526077270508,79
6,31,0.021999359130859375,79
7,30,0.020025253295898438,79
8,37,0.02401590347290039,79
9,32,0.0230257511138916,79
10,19,0.020976781845092773,79
11,22,0.022026538848876953,79
12,14,0.021984338760375977,79
13,42,0.023023366928100586,79
14,94,0.021015405654907227,79
15,14,0.021001100540161133,79
16,95,0.020003318786621094,79
17,27,0.021973133087158203,79
18,36,0.022026777267456055,79
19,42,0.0220184326171875,79
20,27,0.02202630043029785,79
21,24,0.01997828483581543,79
22,15,0.021006107330322266,79
23,25,0.02254319190979004,79
24,58,0.020956993103027344,79
25,69,0.023003339767456055,79
26,37,0.02300238609313965,79
27,55,0.02200150489807129,79
28,36,0.022996187210083008,79
29,16,0.02200031280517578,79
30,32,0.02000904083251953,79
31,52,0.02299189567565918,79
32,53,0.02401447296142578,79
33,100,0.01999378204345703,79
34,33,0.0239715576171875,79
35,18,0.023001432418823242,79
36,10,0.021004438400268555,79
37,67,0.022014141082763672,79
38,20,0.022008657455444336,79
39,29,0.020006656646728516,79
40,36,0.02298879623413086,79
41,100,0.022990942001342773,79
42,34,0.02299976348876953,79
43,60,0.01999640464782715,79
44,29,0.02098703384399414,79
45,27,0.0229947566986084,79
46,22,0.02201056480407715,79
47,32,0.01899409294128418,79
48,37,0.022041797637939453,79
49,39,0.02102518081665039,79
50,68,0.020010948181152344,79
51,100,0.01999378204345703,79
52,31,0.024006128311157227,79
53,59,0.021033287048339844,79
54,86,0.021965503692626953,79
55,36,0.022997617721557617,79
56,79,0.023005008697509766,79
57,80,0.022979736328125,79
58,66,0.02400064468383789,79
59,40,0.019001483917236328,79
60,22,0.021996259689331055,79
61,24,0.02000284194946289,79
62,51,0.021023035049438477,79
63,24,0.02098822593688965,79
64,46,0.021990060806274414,79
65,25,0.01999640464782715,79
66,31,0.019985675811767578,79
67,32,0.021002769470214844,79
68,100,0.023984193801879883,79
69,44,0.026005983352661133,79
70,53,0.022994518280029297,79
71,30,0.019986391067504883,79
72,39,0.02203059196472168,79
73,19,0.021004915237426758,79
74,19,0.021001577377319336,79
75,33,0.024992704391479492,79
76,22,0.02300548553466797,79
77,100,0.022995948791503906,79
78,100,0.02000737190246582,79
79,20,0.020993947982788086,79
80,30,0.021995067596435547,79
81,32,0.020000696182250977,79
82,27,0.024005889892578125,79
83,17,0.020951032638549805,79
84,11,0.021003007888793945,79
85,81,0.02399730682373047,79
86,62,0.023001432418823242,79
87,45,0.02200031280517578,79
88,24,0.022016286849975586,79
89,25,0.02199554443359375,79
90,47,0.02100539207458496,79
91,51,0.022999048233032227,79
92,100,0.020998716354370117,79
93,36,0.02102208137512207,79
94,20,0.02200913429260254,79
95,20,0.020994186401367188,79
96,91,0.023021459579467773,79
97,56,0.02500128746032715,79
98,22,0.02003335952758789,79
99,40,0.021961688995361328,79
100,45,0.0220034122467041,79
101,20,0.02103114128112793,79
102,34,0.027001619338989258,79
103,19,0.01996588706970215,79
104,7,0.023001909255981445,79
105,28,0.024010419845581055,79
106,10,0.023012638092041016,79
107,69,0.025972366333007812,79
108,39,0.022030353546142578,79
109,34,0.020972728729248047,79
110,22,0.02499675750732422,79
111,25,0.023013591766357422,79
112,82,0.02098560333251953,79
113,47,0.022578954696655273,79
114,23,0.032523155212402344,79
115,31,0.01901865005493164,79
116,19,0.02398514747619629,79
117,77,0.025000810623168945,79
118,22,0.023000001907348633,79
119,13,0.022983312606811523,79
120,35,0.02000570297241211,79
121,45,0.022977113723754883,79
122,58,0.02002716064453125,79
123,45,0.022527694702148438,79
124,27,0.027002811431884766,79
125,30,0.02100825309753418,79
126,6,0.020998716354370117,79
127,20,0.022998809814453125,79
128,57,0.021997928619384766,79
129,35,0.017999649047851562,79
130,25,0.023027420043945312,79
131,42,0.02000594139099121,79
132,30,0.018999099731445312,79
133,32,0.022997379302978516,79
134,63,0.02300119400024414,79
135,12,0.024011850357055664,79
136,24,0.021966934204101562,79
137,34,0.02300262451171875,79
138,39,0.025992393493652344,79
139,22,0.022998571395874023,79
140,100,0.023006439208984375,79
141,36,0.02300238609313965,79
142,44,0.02201533317565918,79
143,14,0.030063629150390625,79
144,29,0.021980762481689453,79
145,27,0.022012948989868164,79
146,45,0.01999831199645996,79
147,14,0.021005630493164062,79
148,13,0.023005962371826172,79
149,50,0.020972490310668945,79
150,49,0.018999099731445312,79
151,81,0.02601027488708496,79
152,47,0.022986412048339844,79
153,12,0.02002692222595215,79
154,13,0.021975994110107422,79
155,60,0.024997472763061523,79
156,78,0.024019956588745117,79
157,67,0.023996829986572266,79
158,45,0.025007247924804688,79
159,38,0.019000530242919922,79
160,61,0.021996021270751953,79
161,22,0.025511741638183594,79
162,43,0.02300262451171875,79
163,11,0.022999048233032227,79
164,33,0.020998001098632812,79
165,13,0.02200627326965332,79
166,18,0.02500009536743164,79
167,69,0.021993637084960938,79
168,26,0.022002458572387695,79
169,50,0.024002552032470703,79
170,71,0.023550033569335938,79
171,10,0.024998188018798828,79
172,16,0.018975019454956055,79
173,34,0.01900005340576172,79
174,68,0.024021148681640625,79
175,21,0.024079084396362305,79
176,19,0.020975828170776367,79
177,94,0.020998716354370117,79
178,64,0.021996736526489258,79
179,83,0.02202582359313965,79
180,56,0.022975921630859375,79
181,14,0.0209963321685791,79
182,61,0.020000696182250977,79
183,31,0.023000001907348633,79
184,63,0.023001670837402344,79
185,100,0.02553248405456543,79
186,49,0.02100348472595215,79
187,16,0.020003080368041992,79
188,98,0.02599501609802246,79
189,83,0.024003028869628906,79
190,38,0.027019262313842773,79
191,71,0.02297830581665039,79
192,30,0.02303004264831543,79
193,100,0.021975040435791016,79
194,87,0.020963430404663086,79
195,100,0.025002479553222656,79
196,32,0.019999265670776367,79
197,29,0.019994735717773438,79
198,36,0.020007610321044922,79
199,29,0.02102184295654297,79
200,52,0.021994829177856445,79
201,13,0.02798175811767578,79
202,82,0.0209958553314209,79
203,26,0.022019147872924805,79
204,51,0.021948814392089844,79
205,20,0.021999120712280273,79
206,16,0.022997379302978516,79
207,100,0.021999597549438477,79
208,46,0.01900458335876465,79
209,27,0.025987863540649414,79
210,100,0.02201080322265625,79
211,20,0.021979093551635742,79
212,99,0.022009611129760742,79
213,45,0.018986225128173828,79
214,53,0.01801919937133789,79
215,22,0.024016380310058594,79
216,44,0.020979881286621094,79
217,70,0.025000572204589844,79
218,100,0.021000146865844727,79
219,57,0.021998882293701172,79
220,23,0.023001909255981445,79
221,46,0.022996187210083008,79
222,55,0.021000146865844727,79
223,81,0.02203369140625,79
224,27,0.021011829376220703,79
225,100,0.019988298416137695,79
226,48,0.024079084396362305,79
227,19,0.020023107528686523,79
228,72,0.024982452392578125,79
229,20,0.021984338760375977,79
230,37,0.02301812171936035,79
231,21,0.02196645736694336,79
232,42,0.020000219345092773,79
233,24,0.022999048233032227,79
234,37,0.023054122924804688,79
235,23,0.022947072982788086,79
236,8,0.021002769470214844,79
237,17,0.024999380111694336,79
238,32,0.021026611328125,79
239,17,0.019970178604125977,79
240,21,0.023006200790405273,79
241,21,0.02199697494506836,79
242,35,0.02201104164123535,79
243,55,0.023001432418823242,79
244,35,0.021031856536865234,79
245,14,0.025963544845581055,79
246,51,0.02100539207458496,79
247,22,0.02399754524230957,79
248,27,0.023000478744506836,79
249,100,0.0209958553314209,79
250,15,0.0260007381439209,79
251,64,0.021001338958740234,79
252,100,0.022017478942871094,79
253,70,0.020992040634155273,79
254,42,0.021001815795898438,79
255,17,0.02199864387512207,79
256,57,0.021999359130859375,79
257,100,0.022037029266357422,79
258,47,0.0229947566986084,79
259,50,0.026004791259765625,79
260,25,0.022011518478393555,79
261,27,0.021986722946166992,79
262,13,0.018999576568603516,79
263,8,0.0220034122467041,79
264,12,0.023002147674560547,79
265,100,0.024983882904052734,79
266,18,0.0280001163482666,79
267,15,0.021997451782226562,79
268,36,0.023012161254882812,79
269,40,0.020993709564208984,79
270,100,0.020998477935791016,79
271,36,0.021006107330322266,79
272,64,0.023999691009521484,79
273,25,0.022997140884399414,79
274,14,0.022997140884399414,79
275,41,0.02500319480895996,79
276,41,0.02399754524230957,79
277,18,0.021010398864746094,79
278,69,0.021022558212280273,79
279,40,0.02198052406311035,79
280,10,0.020032644271850586,79
281,28,0.02098536491394043,79
282,13,0.022979736328125,79
283,27,0.02200174331665039,79
284,40,0.02102971076965332,79
285,15,0.023990392684936523,79
286,49,0.019991636276245117,79
287,7,0.021990060806274414,79
288,21,0.02599501609802246,79
289,31,0.021010875701904297,79
290,33,0.019988536834716797,79
291,39,0.023002147674560547,79
292,47,0.021023035049438477,79
293,45,0.020023822784423828,79
294,38,0.021999120712280273,79
295,24,0.021986007690429688,79
296,16,0.021985292434692383,79
297,31,0.023000717163085938,79
298,31,0.02202439308166504,79
299,21,0.022991657257080078,79
300,36,0.024007558822631836,79
301,60,0.02199721336364746,79
302,24,0.019969701766967773,79
303,25,0.026547908782958984,79
304,11,0.02200174331665039,79
305,33,0.022999286651611328,79
306,100,0.022015810012817383,79
307,30,0.0259702205657959,79
308,27,0.020005226135253906,79
309,31,0.02198648452758789,79
310,35,0.021002769470214844,79
311,53,0.0229952335357666,79
312,10,0.022006511688232422,79
313,100,0.025013208389282227,79
314,67,0.022985219955444336,79
315,26,0.02095484733581543,79
316,18,0.026998281478881836,79
317,23,0.024001359939575195,79
318,19,0.02200174331665039,79
319,64,0.021011829376220703,79
320,84,0.024988412857055664,79
321,8,0.02100205421447754,79
322,50,0.020993709564208984,79
323,9,0.0260164737701416,79
324,20,0.021001577377319336,79
325,100,0.019999265670776367,79
326,19,0.02202892303466797,79
327,45,0.021979093551635742,79
328,55,0.019008159637451172,79
329,34,0.019994497299194336,79
330,14,0.025025367736816406,79
331,82,0.022002696990966797,79
332,86,0.024005413055419922,79
333,25,0.019001245498657227,79
334,100,0.024015426635742188,79
335,67,0.021022558212280273,79
336,6,0.02396702766418457,79
337,11,0.021008729934692383,79
338,40,0.023557424545288086,79
339,64,0.03151082992553711,79
340,61,0.030997514724731445,79
341,49,0.031991004943847656,79
342,62,0.021032094955444336,79
343,16,0.02399277687072754,79
344,100,0.023021459579467773,79
345,48,0.021033763885498047,79
346,100,0.021023988723754883,79
347,25,0.02300286293029785,79
348,21,0.02399754524230957,79
349,35,0.020021438598632812,79
350,37,0.023543119430541992,79
351,89,0.022017478942871094,79
352,20,0.021998882293701172,79
353,36,0.020998239517211914,79
354,28,0.022022247314453125,79
355,81,0.019976377487182617,79
356,28,0.020991086959838867,79
357,16,0.023997068405151367,79
358,68,0.020018815994262695,79
359,60,0.020028352737426758,79
360,90,0.026964187622070312,79
361,23,0.020977258682250977,79
362,11,0.021999120712280273,79
363,59,0.02199864387512207,79
364,15,0.021021127700805664,79
365,28,0.0229794979095459,79
366,21,0.023001670837402344,79
367,35,0.0229952335357666,79
368,97,0.028015851974487305,79
369,29,0.02300286293029785,79
370,29,0.02200603485107422,79
371,46,0.019978046417236328,79
372,55,0.021005630493164062,79
373,13,0.020983219146728516,79
374,24,0.022002458572387695,79
375,100,0.02700042724609375,79
376,44,0.020003557205200195,79
377,67,0.02200770378112793,79
378,12,0.023000240325927734,79
379,57,0.021977901458740234,79
380,22,0.026058197021484375,79
381,100,0.024005889892578125,79
382,27,0.02300095558166504,79
383,14,0.020999431610107422,79
384,20,0.022002220153808594,79
385,49,0.026997089385986328,79
386,61,0.02299952507019043,79
387,52,0.02499985694885254,79
388,23,0.021030902862548828,79
389,55,0.021966218948364258,79
390,19,0.021014690399169922,79
391,84,0.021021604537963867,79
392,21,0.021937131881713867,79
393,6,0.019371509552001953,79
394,32,0.02102041244506836,79
395,49,0.02000904083251953,79
396,45,0.022967100143432617,79
397,19,0.023011207580566406,79
398,23,0.020984172821044922,79
399,89,0.0220029354095459,79
400,58,0.022998809814453125,79
401,23,0.02299785614013672,79
402,19,0.02200007438659668,79
403,47,0.021550893783569336,79
404,19,0.019991159439086914,79
405,55,0.02494645118713379,79
406,58,0.023037433624267578,79
407,13,0.024970054626464844,79
408,21,0.022017478942871094,79
409,31,0.020994186401367188,79
410,15,0.024016618728637695,79
411,100,0.021006345748901367,79
412,15,0.02196359634399414,79
413,9,0.022010087966918945,79
414,23,0.023992538452148438,79
415,100,0.023011445999145508,79
416,58,0.022014141082763672,79
417,100,0.0199887752532959,79
418,30,0.021968364715576172,79
419,28,0.025000572204589844,79
420,21,0.02702188491821289,79
421,33,0.019003629684448242,79
422,100,0.02100658416748047,79
423,56,0.02199077606201172,79
424,27,0.020998001098632812,79
425,56,0.02202296257019043,79
426,23,0.024977684020996094,79
427,24,0.02099919319152832,79
428,40,0.0220029354095459,79
429,100,0.02499842643737793,79
430,86,0.018984079360961914,79
431,50,0.021000146865844727,79
432,11,0.021003007888793945,79
433,13,0.020996809005737305,79
434,36,0.02302074432373047,79
435,11,0.020984649658203125,79
436,27,0.025988101959228516,79
437,46,0.02300739288330078,79
438,48,0.022994518280029297,79
439,71,0.021020889282226562,79
440,100,0.019993066787719727,79
441,48,0.02403092384338379,79
442,35,0.02299785614013672,79
443,41,0.02299785614013672,79
444,36,0.019993305206298828,79
445,46,0.026005029678344727,79
446,32,0.022980690002441406,79
447,97,0.023993730545043945,79
448,96,0.021027565002441406,79
449,72,0.022017240524291992,79
450,18,0.023515701293945312,79
451,52,0.022016048431396484,79
452,21,0.021990060806274414,79
453,19,0.02199268341064453,79
454,45,0.021998882293701172,79
455,72,0.0210111141204834,79
456,74,0.023020505905151367,79
457,23,0.021999120712280273,79
458,24,0.022000551223754883,79
459,24,0.031005382537841797,79
460,51,0.02199411392211914,79
461,6,0.022017955780029297,79
462,24,0.02697014808654785,79
463,75,0.025994300842285156,79
464,19,0.023001670837402344,79
465,12,0.022004127502441406,79
466,100,0.022008419036865234,79
467,18,0.020990610122680664,79
468,25,0.02199697494506836,79
469,29,0.02299809455871582,79
470,49,0.022002458572387695,79
471,26,0.024998188018798828,79
472,28,0.025002717971801758,79
473,11,0.022997617721557617,79
474,10,0.022008419036865234,79
475,43,0.02199101448059082,79
476,22,0.021020174026489258,79
477,43,0.02198481559753418,79
478,34,0.021996259689331055,79
479,27,0.021016359329223633,79
480,20,0.020967483520507812,79
481,12,0.02100539207458496,79
482,32,0.02298283576965332,79
483,9,0.02002120018005371,79
484,32,0.01999211311340332,79
485,38,0.02099895477294922,79
486,100,0.019996166229248047,79
487,32,0.020032882690429688,79
488,51,0.022999048233032227,79
489,26,0.020965576171875,79
490,92,0.02300405502319336,79
491,33,0.024998188018798828,79
492,32,0.026007890701293945,79
493,20,0.021992206573486328,79
494,22,0.0260007381439209,79
495,74,0.026007890701293945,79
496,100,0.020000934600830078,79
497,41,0.020000696182250977,79
498,25,0.02199268341064453,79
499,21,0.02002549171447754,79
500,51,0.021084308624267578,79
501,97,0.022997379302978516,79
502,70,0.019998788833618164,79
503,17,0.023003101348876953,79
504,10,0.022028207778930664,79
505,21,0.019979238510131836,79
506,78,0.0269927978515625,79
507,30,0.019987106323242188,79
508,6,0.02102971076965332,79
509,25,0.0239715576171875,79
510,19,0.022063016891479492,79
511,35,0.02102041244506836,79
512,38,0.022981643676757812,79
513,32,0.019979238510131836,79
514,30,0.01997852325439453,79
515,45,0.027002573013305664,79
516,48,0.022002220153808594,79
517,60,0.02197098731994629,79
518,63,0.021002531051635742,79
519,33,0.019999980926513672,79
520,12,0.019995927810668945,79
521,32,0.024002790451049805,79
522,29,0.019979238510131836,79
523,58,0.02200174331665039,79
524,20,0.024000167846679688,79
525,51,0.01999521255493164,79
526,56,0.021003246307373047,79
527,51,0.02599620819091797,79
528,34,0.020005226135253906,79
529,61,0.022997379302978516,79
530,37,0.023000717163085938,79
531,100,0.02300095558166504,79
532,35,0.022989749908447266,79
533,23,0.020997285842895508,79
534,34,0.023003101348876953,79
535,28,0.02199864387512207,79
536,34,0.023001432418823242,79
537,22,0.020027875900268555,79
538,24,0.026970624923706055,79
539,62,0.02102804183959961,79
540,95,0.024979114532470703,79
541,36,0.02098822593688965,79
542,9,0.020024776458740234,79
543,29,0.022993087768554688,79
544,18,0.019979000091552734,79
545,56,0.021003246307373047,79
546,41,0.023021697998046875,79
547,34,0.02099132537841797,79
548,14,0.02197265625,79
549,19,0.022005081176757812,79
550,35,0.02599477767944336,79
551,91,0.02403426170349121,79
552,45,0.0220034122467041,79
553,38,0.02099895477294922,79
554,100,0.021999597549438477,79
555,31,0.02097463607788086,79
556,71,0.02052760124206543,79
557,100,0.02398395538330078,79
558,42,0.02202606201171875,79
559,37,0.0319981575012207,79
560,79,0.02799701690673828,79
561,35,0.02300262451171875,79
562,39,0.02499985694885254,79
563,54,0.02202749252319336,79
564,81,0.01997065544128418,79
565,57,0.01900029182434082,79
566,29,0.022995710372924805,79
567,43,0.019999980926513672,79
568,100,0.02457880973815918,79
569,23,0.020537376403808594,79
570,12,0.019997119903564453,79
571,14,0.02397298812866211,79
572,37,0.018999338150024414,79
573,20,0.020020723342895508,79
574,49,0.01900506019592285,79
575,15,0.02299785614013672,79
576,45,0.02299666404724121,79
577,23,0.024007558822631836,79
578,45,0.02099323272705078,79
579,26,0.02000141143798828,79
580,29,0.023984432220458984,79
581,25,0.024023771286010742,79
582,34,0.027971506118774414,79
583,45,0.018999576568603516,79
584,78,0.025011539459228516,79
585,12,0.021999835968017578,79
586,18,0.022024154663085938,79
587,100,0.024979591369628906,79
588,87,0.019995450973510742,79
589,51,0.023006439208984375,79
590,44,0.020992755889892578,79
591,33,0.022002696990966797,79
592,9,0.020036935806274414,79
593,11,0.02297496795654297,79
594,68,0.030048131942749023,79
595,40,0.023000478744506836,79
596,30,0.02700185775756836,79
597,31,0.023001670837402344,79
598,21,0.023010730743408203,79
599,59,0.02099776268005371,79
600,27,0.019995450973510742,79
601,38,0.024004220962524414,79
602,59,0.024023771286010742,79
603,21,0.021977901458740234,79
604,18,0.023100852966308594,79
605,15,0.021003007888793945,79
606,12,0.020999670028686523,79
607,21,0.023019790649414062,79
608,24,0.020998001098632812,79
609,90,0.01799154281616211,79
610,66,0.019997596740722656,79
611,19,0.0229952335357666,79
612,53,0.0200192928314209,79
613,24,0.022002696990966797,79
614,100,0.021007537841796875,79
615,16,0.023997068405151367,79
616,12,0.027003049850463867,79
617,16,0.02301812171936035,79
618,37,0.019974470138549805,79
619,23,0.022003889083862305,79
620,10,0.022016048431396484,79
621,100,0.021997690200805664,79
622,33,0.02299976348876953,79
623,62,0.022030115127563477,79
624,28,0.021996259689331055,79
625,97,0.024976015090942383,79
626,100,0.020996809005737305,79
627,16,0.01902604103088379,79
628,26,0.023973703384399414,79
629,8,0.021007776260375977,79
630,40,0.021992206573486328,79
631,27,0.02045893669128418,79
632,58,0.020998477935791016,79
633,88,0.02100086212158203,79
634,15,0.026996850967407227,79
635,38,0.022005319595336914,79
636,71,0.02299976348876953,79
637,44,0.026001453399658203,79
638,14,0.021995067596435547,79
639,88,0.024014949798583984,79
640,35,0.022978544235229492,79
641,40,0.023009061813354492,79
642,54,0.019984006881713867,79
643,73,0.022003173828125,79
644,38,0.0229947566986084,79
645,100,0.023003101348876953,79
646,55,0.02001047134399414,79
647,26,0.0209958553314209,79
648,64,0.021999359130859375,79
649,91,0.02001333236694336,79
650,28,0.021989822387695312,79
651,13,0.021998167037963867,79
652,68,0.025014400482177734,79
653,8,0.02099013328552246,79
654,17,0.022976398468017578,79
655,17,0.02100825309753418,79
656,57,0.023990869522094727,79
657,63,0.022002696990966797,79
658,98,0.02599930763244629,79
659,13,0.024009227752685547,79
660,96,0.02200150489807129,79
661,17,0.0209958553314209,79
662,100,0.023007869720458984,79
663,10,0.023036956787109375,79
664,19,0.019960880279541016,79
665,13,0.022000789642333984,79
666,45,0.021999120712280273,79
667,16,0.022001266479492188,79
668,17,0.024000167846679688,79
669,48,0.020000457763671875,79
670,17,0.019997835159301758,79
671,21,0.020037174224853516,79
672,46,0.025968313217163086,79
673,100,0.024001121520996094,79
674,81,0.023999452590942383,79
675,40,0.02198958396911621,79
676,13,0.022998809814453125,79
677,36,0.022002696990966797,79
678,20,0.021007776260375977,79
679,50,0.01997208595275879,79
680,45,0.02197742462158203,79
681,19,0.025996685028076172,79
682,21,0.02400374412536621,79
683,40,0.021004199981689453,79
684,21,0.02200031280517578,79
685,77,0.02100062370300293,79
686,12,0.020994186401367188,79
687,19,0.02254796028137207,79
688,12,0.02251148223876953,79
689,42,0.022996187210083008,79
690,31,0.022003889083862305,79
691,100,0.023997068405151367,79
692,58,0.02200150489807129,79
693,59,0.020016193389892578,79
694,13,0.020979642868041992,79
695,53,0.023996353149414062,79
696,64,0.025998592376708984,79
697,20,0.02053546905517578,79
698,34,0.02499532699584961,79
699,93,0.01999950408935547,79
700,31,0.02200484275817871,79
701,100,0.02599644660949707,79
702,20,0.020033597946166992,79
703,40,0.023968935012817383,79
704,55,0.02199864387512207,79
705,28,0.027005672454833984,79
706,16,0.023004531860351562,79
707,13,0.020994901657104492,79
708,18,0.021001577377319336,79
709,49,0.023009300231933594,79
710,53,0.021983623504638672,79
711,40,0.02200150489807129,79
712,66,0.019999265670776367,79
713,100,0.021995067596435547,79
714,66,0.023004770278930664,79
715,6,0.0229952335357666,79
716,30,0.02301192283630371,79
717,82,0.021010637283325195,79
718,38,0.021004438400268555,79
719,100,0.021946191787719727,79
720,48,0.022983312606811523,79
721,77,0.023000001907348633,79
722,83,0.022999048233032227,79
723,29,0.020983457565307617,79
724,35,0.02097463607788086,79
725,41,0.03004169464111328,79
726,100,0.026002168655395508,79
727,75,0.020000696182250977,79
728,45,0.027026653289794922,79
729,100,0.0200350284576416,79
730,37,0.021003007888793945,79
731,77,0.0229947566986084,79
732,31,0.02300238609313965,79
733,76,0.02199697494506836,79
734,14,0.020231962203979492,79
735,54,0.0240018367767334,79
736,73,0.02600383758544922,79
737,16,0.022994518280029297,79
738,49,0.02409815788269043,79
739,22,0.021999359130859375,79
740,10,0.018994808197021484,79
741,16,0.02500128746032715,79
742,92,0.0200045108795166,79
743,34,0.023011445999145508,79
744,100,0.022008180618286133,79
745,10,0.019995689392089844,79
746,67,0.018998146057128906,79
747,27,0.027007579803466797,79
748,39,0.020564556121826172,79
749,37,0.019999265670776367,79
750,22,0.025000572204589844,79
751,100,0.022997379302978516,79
752,26,0.028017282485961914,79
753,57,0.02199554443359375,79
754,38,0.024985313415527344,79
755,28,0.020994901657104492,79
756,13,0.02101922035217285,79
757,39,0.02298450469970703,79
758,52,0.024010658264160156,79
759,84,0.023984909057617188,79
760,13,0.02103114128112793,79
761,100,0.023976564407348633,79
762,55,0.02199387550354004,79
763,25,0.021004915237426758,79
764,31,0.020001649856567383,79
765,21,0.021996498107910156,79
766,12,0.02202129364013672,79
767,85,0.02197885513305664,79
768,100,0.025996685028076172,79
769,32,0.02000594139099121,79
770,98,0.019999980926513672,79
771,11,0.02299785614013672,79
772,54,0.021073579788208008,79
773,8,0.023921728134155273,79
774,20,0.022018909454345703,79
775,46,0.02199840545654297,79
776,20,0.026982784271240234,79
777,70,0.02100515365600586,79
778,59,0.023996829986572266,79
779,27,0.0220186710357666,79
780,51,0.021979570388793945,79
781,15,0.02400374412536621,79
782,79,0.023999929428100586,79
783,11,0.026990413665771484,79
784,20,0.020009517669677734,79
785,45,0.019977092742919922,79
786,9,0.022012948989868164,79
787,100,0.02098536491394043,79
788,34,0.02201390266418457,79
789,9,0.02197098731994629,79
790,14,0.021000385284423828,79
791,67,0.020974159240722656,79
792,25,0.02100539207458496,79
793,21,0.02399897575378418,79
794,100,0.022014856338500977,79
795,40,0.023990154266357422,79
796,30,0.022066831588745117,79
797,19,0.021935462951660156,79
798,43,0.024240970611572266,79
799,47,0.02098989486694336,79
800,68,0.022999286651611328,79
801,17,0.021006107330322266,79
802,20,0.02199840545654297,79
803,41,0.022017240524291992,79
804,36,0.021987438201904297,79
805,39,0.024016857147216797,79
806,35,0.023982524871826172,79
807,47,0.023502349853515625,79
808,14,0.02300429344177246,79
809,12,0.02000713348388672,79
810,80,0.021993160247802734,79
811,17,0.025000810623168945,79
812,45,0.02300262451171875,79
813,59,0.024008512496948242,79
814,65,0.02200031280517578,79
815,16,0.023003101348876953,79
816,25,0.02300405502319336,79
817,16,0.021010875701904297,79
818,8,0.021984577178955078,79
819,100,0.021001815795898438,79
820,71,0.02299809455871582,79
821,52,0.020998716354370117,79
822,22,0.023000240325927734,79
823,19,0.02299666404724121,79
824,17,0.02600407600402832,79
825,50,0.021996498107910156,79
826,22,0.0230252742767334,79
827,85,0.022976398468017578,79
828,100,0.022000789642333984,79
829,13,0.021986961364746094,79
830,50,0.019000768661499023,79
831,21,0.01998758316040039,79
832,31,0.0221097469329834,79
833,100,0.0249936580657959,79
834,40,0.020025014877319336,79
835,30,0.022999048233032227,79
836,42,0.024001359939575195,79
837,32,0.023998022079467773,79
838,73,0.023024797439575195,79
839,90,0.019997119903564453,79
840,32,0.021004199981689453,79
841,69,0.021532297134399414,79
842,26,0.02191925048828125,79
843,40,0.022975683212280273,79
844,45,0.023000717163085938,79
845,36,0.02200794219970703,79
846,45,0.021981477737426758,79
847,20,0.021027326583862305,79
848,13,0.02097153663635254,79
849,65,0.021004676818847656,79
850,8,0.022999048233032227,79
851,80,0.02103567123413086,79
852,23,0.02399611473083496,79
853,78,0.01898956298828125,79
854,52,0.01802825927734375,79
855,57,0.026963472366333008,79
856,34,0.02300286293029785,79
857,41,0.022572755813598633,79
858,54,0.019990921020507812,79
859,27,0.02199387550354004,79
860,41,0.024006128311157227,79
861,46,0.0229794979095459,79
862,66,0.021016597747802734,79
863,44,0.021024227142333984,79
864,14,0.01997685432434082,79
865,54,0.02199864387512207,79
866,21,0.022971630096435547,79
867,37,0.02160930633544922,79
868,15,0.023952722549438477,79
869,16,0.021016597747802734,79
870,31,0.021981000900268555,79
871,28,0.023999929428100586,79
872,11,0.024998903274536133,79
873,27,0.023003578186035156,79
874,8,0.022008419036865234,79
875,18,0.021001577377319336,79
876,18,0.019988536834716797,79
877,31,0.023021936416625977,79
878,61,0.021990060806274414,79
879,10,0.021001100540161133,79
880,56,0.022999048233032227,79
881,26,0.026000499725341797,79
882,28,0.020000696182250977,79
883,17,0.02399921417236328,79
884,32,0.01902151107788086,79
885,19,0.020999431610107422,79
886,51,0.02200174331665039,79
887,40,0.020978927612304688,79
888,15,0.020992040634155273,79
889,100,0.021997690200805664,79
890,34,0.022003173828125,79
891,84,0.021999835968017578,79
892,9,0.02096700668334961,79
893,12,0.020993947982788086,79
894,48,0.02200031280517578,79
895,32,0.02300119400024414,79
896,66,0.023001909255981445,79
897,28,0.025998592376708984,79
898,29,0.01999831199645996,79
899,44,0.022025346755981445,79
900,60,0.02800130844116211,79
901,100,0.020979881286621094,79
902,30,0.027029991149902344,79
903,15,0.021020889282226562,79
904,74,0.022971630096435547,79
905,100,0.02099299430847168,79
906,52,0.020993709564208984,79
907,13,0.02002692222595215,79
908,14,0.024973630905151367,79
909,32,0.022014617919921875,79
910,32,0.022994279861450195,79
911,63,0.02099919319152832,79
912,9,0.021004676818847656,79
913,29,0.023023128509521484,79
914,18,0.022976160049438477,79
915,9,0.02300429344177246,79
916,77,0.022003173828125,79
917,12,0.020987510681152344,79
918,64,0.01899433135986328,79
919,17,0.023047685623168945,79
920,89,0.019966840744018555,79
921,72,0.020972013473510742,79
922,18,0.02500462532043457,79
923,24,0.023029088973999023,79
924,16,0.023970365524291992,79
925,18,0.022995710372924805,79
926,100,0.02300572395324707,79
927,20,0.020990848541259766,79
928,22,0.022000551223754883,79
929,29,0.0220029354095459,79
930,34,0.020000219345092773,79
931,41,0.021982908248901367,79
932,21,0.022998809814453125,79
933,17,0.02100396156311035,79
934,15,0.021007537841796875,79
935,9,0.019968509674072266,79
936,44,0.02500152587890625,79
937,56,0.02099895477294922,79
938,50,0.024001359939575195,79
939,10,0.02099776268005371,79
940,60,0.020999431610107422,79
941,16,0.0240023136138916,79
942,17,0.021997690200805664,79
943,57,0.022005319595336914,79
944,21,0.023995637893676758,79
945,58,0.021021366119384766,79
946,41,0.019975900650024414,79
947,13,0.023002147674560547,79
948,27,0.024999380111694336,79
949,22,0.02300238609313965,79
950,100,0.024997472763061523,79
951,11,0.02500295639038086,79
952,38,0.02100205421447754,79
953,16,0.020999431610107422,79
954,96,0.024010419845581055,79
955,84,0.02299785614013672,79
956,50,0.025722742080688477,79
957,14,0.02351999282836914,79
958,64,0.022996902465820312,79
959,59,0.02200174331665039,79
960,41,0.019999265670776367,79
961,20,0.019032001495361328,79
962,17,0.023966312408447266,79
963,100,0.020015478134155273,79
964,100,0.020006895065307617,79
965,32,0.022019624710083008,79
966,43,0.021007537841796875,79
967,82,0.019968032836914062,79
968,42,0.024001359939575195,79
969,25,0.021999597549438477,79
970,8,0.02099895477294922,79
971,69,0.021004199981689453,79
972,75,0.027989625930786133,79
973,47,0.025002002716064453,79
974,67,0.024026870727539062,79
975,11,0.023975372314453125,79
976,20,0.0229952335357666,79
977,74,0.01999521255493164,79
978,24,0.024000883102416992,79
979,12,0.023000240325927734,79
980,74,0.022009849548339844,79
981,31,0.022017955780029297,79
982,75,0.021984577178955078,79
983,68,0.023973464965820312,79
984,12,0.021016836166381836,79
985,100,0.025984525680541992,79
986,30,0.022008895874023438,79
987,20,0.02399158477783203,79
988,48,0.027002334594726562,79
989,77,0.02099752426147461,79
990,25,0.02500009536743164,79
991,29,0.02099919319152832,79
992,35,0.020000219345092773,79
993,20,0.02203083038330078,79
994,21,0.02297186851501465,79
995,49,0.0240020751953125,79
996,24,0.021018028259277344,79
997,31,0.021993398666381836,79
998,25,0.024988651275634766,79
999,18,0.021999597549438477,79
