Episode,Steps,Time,Converged at Iterations
0,32,0.020990848541259766,79
1,23,0.021999835968017578,79
2,72,0.022017478942871094,79
3,56,0.022996902465820312,79
4,11,0.02199864387512207,79
5,25,0.024012088775634766,79
6,50,0.02900218963623047,79
7,75,0.025017738342285156,79
8,9,0.02297067642211914,79
9,91,0.026999473571777344,79
10,26,0.0240018367767334,79
11,16,0.021984100341796875,79
12,47,0.02700209617614746,79
13,66,0.022981882095336914,79
14,16,0.02399587631225586,79
15,24,0.022028207778930664,79
16,33,0.02296900749206543,79
17,54,0.023026227951049805,79
18,52,0.019995689392089844,79
19,100,0.026000261306762695,79
20,7,0.02399587631225586,79
21,29,0.020017623901367188,79
22,25,0.02299976348876953,79
23,23,0.022986888885498047,79
24,30,0.023998737335205078,79
25,38,0.020999670028686523,79
26,17,0.022966623306274414,79
27,75,0.022012710571289062,79
28,30,0.020992040634155273,79
29,23,0.02400803565979004,79
30,34,0.02499222755432129,79
31,11,0.021012067794799805,79
32,74,0.023993253707885742,79
33,51,0.020998477935791016,79
34,100,0.02300405502319336,79
35,51,0.0249936580657959,79
36,25,0.023001909255981445,79
37,100,0.023999452590942383,79
38,16,0.021992206573486328,79
39,25,0.02300119400024414,79
40,44,0.0240023136138916,79
41,18,0.02699732780456543,79
42,27,0.02500152587890625,79
43,17,0.024021148681640625,79
44,11,0.0209810733795166,79
45,30,0.022000551223754883,79
46,35,0.02100086212158203,79
47,27,0.025014400482177734,79
48,34,0.024622440338134766,79
49,12,0.02387833595275879,79
50,75,0.02788710594177246,79
51,42,0.0200350284576416,79
52,30,0.021026611328125,79
53,28,0.022966861724853516,79
54,96,0.0209963321685791,79
55,30,0.023000240325927734,79
56,35,0.02500009536743164,79
57,25,0.019005537033081055,79
58,17,0.020993947982788086,79
59,30,0.026004791259765625,79
60,40,0.024000167846679688,79
61,21,0.026995420455932617,79
62,9,0.03173351287841797,79
63,35,0.03300070762634277,79
64,16,0.03100109100341797,79
65,22,0.026001453399658203,79
66,21,0.021997690200805664,79
67,33,0.023000001907348633,79
68,34,0.02899932861328125,79
69,20,0.01999807357788086,79
70,56,0.01999974250793457,79
71,38,0.02505803108215332,79
72,100,0.021990299224853516,79
73,24,0.021018266677856445,79
74,35,0.021999597549438477,79
75,28,0.020000696182250977,79
76,41,0.02500128746032715,79
77,13,0.02299666404724121,79
78,7,0.02102971076965332,79
79,100,0.021003007888793945,79
80,26,0.021975994110107422,79
81,19,0.023995161056518555,79
82,39,0.022002696990966797,79
83,87,0.020975828170776367,79
84,75,0.02299189567565918,79
85,69,0.02200174331665039,79
86,33,0.02299976348876953,79
87,63,0.026027441024780273,79
88,89,0.022017478942871094,79
89,44,0.02198624610900879,79
90,9,0.026998281478881836,79
91,54,0.027025938034057617,79
92,55,0.02200937271118164,79
93,22,0.019984006881713867,79
94,67,0.022992849349975586,79
95,46,0.023012399673461914,79
96,31,0.023998737335205078,79
97,50,0.02399134635925293,79
98,78,0.027999162673950195,79
99,23,0.020000696182250977,79
100,100,0.021004438400268555,79
101,35,0.022985219955444336,79
102,27,0.021999359130859375,79
103,26,0.023999691009521484,79
104,67,0.024518728256225586,79
105,16,0.0279998779296875,79
106,16,0.022995710372924805,79
107,12,0.021036386489868164,79
108,41,0.023968935012817383,79
109,52,0.01999688148498535,79
110,46,0.021013736724853516,79
111,44,0.023981571197509766,79
112,53,0.023003101348876953,79
113,78,0.026999950408935547,79
114,40,0.022574186325073242,79
115,74,0.02602982521057129,79
116,14,0.02146291732788086,79
117,100,0.021002531051635742,79
118,13,0.024010658264160156,79
119,29,0.0249936580657959,79
120,36,0.02499103546142578,79
121,32,0.022020578384399414,79
122,17,0.021984100341796875,79
123,10,0.02900242805480957,79
124,31,0.024660825729370117,79
125,96,0.021587133407592773,79
126,12,0.02499985694885254,79
127,27,0.023998022079467773,79
128,86,0.02200460433959961,79
129,64,0.01899886131286621,79
130,23,0.022974252700805664,79
131,100,0.022014617919921875,79
132,93,0.026999950408935547,79
133,25,0.023014068603515625,79
134,59,0.02097606658935547,79
135,24,0.02499842643737793,79
136,41,0.02298116683959961,79
137,46,0.022014141082763672,79
138,17,0.024988174438476562,79
139,23,0.020018815994262695,79
140,42,0.01998162269592285,79
141,41,0.024002552032470703,79
142,35,0.0219724178314209,79
143,46,0.020995616912841797,79
144,16,0.021000385284423828,79
145,100,0.020988941192626953,79
146,26,0.020998001098632812,79
147,29,0.026000499725341797,79
148,53,0.024032115936279297,79
149,31,0.023969650268554688,79
150,14,0.022997617721557617,79
151,12,0.024004459381103516,79
152,19,0.021999120712280273,79
153,28,0.022012710571289062,79
154,6,0.022984981536865234,79
155,23,0.020998239517211914,79
156,13,0.022009611129760742,79
157,24,0.023008346557617188,79
158,29,0.021002531051635742,79
159,16,0.0190274715423584,79
160,14,0.020972490310668945,79
161,40,0.023994922637939453,79
162,22,0.019998788833618164,79
163,33,0.022005558013916016,79
164,100,0.02302408218383789,79
165,63,0.021969318389892578,79
166,17,0.0220034122467041,79
167,8,0.02499842643737793,79
168,13,0.025019168853759766,79
169,29,0.020997285842895508,79
170,78,0.0200045108795166,79
171,38,0.018986940383911133,79
172,15,0.02299976348876953,79
173,100,0.020001649856567383,79
174,26,0.021007299423217773,79
175,46,0.024006128311157227,79
176,10,0.02298879623413086,79
177,12,0.019999980926513672,79
178,21,0.02501845359802246,79
179,69,0.023001432418823242,79
180,50,0.023978710174560547,79
181,43,0.021000146865844727,79
182,16,0.021004199981689453,79
183,77,0.022011756896972656,79
184,49,0.0209810733795166,79
185,41,0.020970821380615234,79
186,67,0.021999359130859375,79
187,44,0.023997068405151367,79
188,75,0.0200045108795166,79
189,51,0.024013519287109375,79
190,20,0.02100515365600586,79
191,38,0.023981332778930664,79
192,36,0.02101731300354004,79
193,33,0.02201104164123535,79
194,31,0.02096700668334961,79
195,18,0.02599811553955078,79
196,12,0.0240023136138916,79
197,44,0.023988962173461914,79
198,78,0.020993709564208984,79
199,25,0.024001598358154297,79
200,51,0.023003816604614258,79
201,38,0.02399730682373047,79
202,100,0.021996021270751953,79
203,60,0.02101612091064453,79
204,38,0.02099776268005371,79
205,6,0.021010875701904297,79
206,90,0.025997400283813477,79
207,33,0.022999048233032227,79
208,21,0.0240020751953125,79
209,75,0.02500152587890625,79
210,57,0.021015167236328125,79
211,98,0.023972511291503906,79
212,91,0.021172523498535156,79
213,17,0.025096654891967773,79
214,21,0.021986961364746094,79
215,14,0.01999974250793457,79
216,16,0.02098250389099121,79
217,15,0.0229952335357666,79
218,26,0.022007226943969727,79
219,43,0.024996280670166016,79
220,14,0.02407050132751465,79
221,12,0.020909786224365234,79
222,35,0.020031452178955078,79
223,13,0.021966934204101562,79
224,36,0.023996353149414062,79
225,44,0.024004220962524414,79
226,100,0.02299666404724121,79
227,38,0.024003982543945312,79
228,22,0.02199530601501465,79
229,40,0.02399897575378418,79
230,8,0.023001432418823242,79
231,34,0.025997638702392578,79
232,18,0.020999431610107422,79
233,20,0.02200913429260254,79
234,100,0.02196049690246582,79
235,100,0.020985126495361328,79
236,34,0.0249788761138916,79
237,46,0.021965503692626953,79
238,21,0.022041797637939453,79
239,75,0.02297830581665039,79
240,34,0.0239713191986084,79
241,66,0.023697853088378906,79
242,46,0.02400040626525879,79
243,20,0.029000043869018555,79
244,54,0.030999422073364258,79
245,58,0.030004262924194336,79
246,48,0.024980545043945312,79
247,26,0.03100299835205078,79
248,50,0.03200101852416992,79
249,76,0.02600264549255371,79
250,40,0.024997949600219727,79
251,44,0.0232086181640625,79
252,32,0.02252984046936035,79
253,53,0.023998498916625977,79
254,24,0.02199864387512207,79
255,21,0.026003599166870117,79
256,54,0.02799820899963379,79
257,28,0.025998592376708984,79
258,100,0.022029638290405273,79
259,100,0.024989843368530273,79
260,60,0.027971982955932617,79
261,26,0.02599954605102539,79
262,100,0.023994922637939453,79
263,17,0.021968603134155273,79
264,10,0.022003173828125,79
265,24,0.020991802215576172,79
266,24,0.02002882957458496,79
267,52,0.021001100540161133,79
268,36,0.021966934204101562,79
269,15,0.0210111141204834,79
270,7,0.02202320098876953,79
271,63,0.022965192794799805,79
272,25,0.023984432220458984,79
273,80,0.026513338088989258,79
274,8,0.02099609375,79
275,35,0.02103281021118164,79
276,23,0.023968935012817383,79
277,39,0.023009300231933594,79
278,24,0.024986743927001953,79
279,9,0.0200192928314209,79
280,14,0.022980451583862305,79
281,23,0.025009632110595703,79
282,33,0.02100515365600586,79
283,32,0.022006511688232422,79
284,25,0.020995140075683594,79
285,100,0.021005630493164062,79
286,64,0.024027347564697266,79
287,60,0.02101755142211914,79
288,38,0.02099895477294922,79
289,21,0.025023221969604492,79
290,50,0.021976232528686523,79
291,32,0.019994497299194336,79
292,38,0.023000240325927734,79
293,48,0.0220029354095459,79
294,46,0.020999908447265625,79
295,12,0.026001930236816406,79
296,25,0.020998239517211914,79
297,16,0.024003028869628906,79
298,92,0.025008440017700195,79
299,13,0.02000141143798828,79
300,13,0.02699756622314453,79
301,27,0.021014928817749023,79
302,27,0.024995803833007812,79
303,39,0.024985790252685547,79
304,78,0.023004531860351562,79
305,12,0.01998424530029297,79
306,66,0.021026611328125,79
307,14,0.022983551025390625,79
308,23,0.023997783660888672,79
309,31,0.02500176429748535,79
310,26,0.0229952335357666,79
311,29,0.025008201599121094,79
312,51,0.02299952507019043,79
313,100,0.020000457763671875,79
314,17,0.021029233932495117,79
315,67,0.023006200790405273,79
316,47,0.02196216583251953,79
317,32,0.024004459381103516,79
318,7,0.023997783660888672,79
319,48,0.0260012149810791,79
320,20,0.027001380920410156,79
321,37,0.02400970458984375,79
322,25,0.02001953125,79
323,19,0.025968313217163086,79
324,21,0.023999691009521484,79
325,9,0.027997255325317383,79
326,34,0.02000260353088379,79
327,39,0.02299976348876953,79
328,54,0.02100229263305664,79
329,47,0.021080732345581055,79
330,50,0.019994735717773438,79
331,100,0.020990371704101562,79
332,43,0.022977828979492188,79
333,9,0.020999431610107422,79
334,12,0.024009227752685547,79
335,98,0.02398848533630371,79
336,100,0.022983074188232422,79
337,18,0.02202916145324707,79
338,17,0.023974180221557617,79
339,28,0.021524906158447266,79
340,42,0.021001338958740234,79
341,34,0.021987438201904297,79
342,46,0.020009517669677734,79
343,18,0.01997518539428711,79
344,33,0.021975040435791016,79
345,55,0.023029565811157227,79
346,100,0.026002168655395508,79
347,15,0.02299785614013672,79
348,75,0.020994901657104492,79
349,27,0.022002458572387695,79
350,18,0.021010160446166992,79
351,36,0.020993709564208984,79
352,14,0.01999354362487793,79
353,14,0.022003650665283203,79
354,100,0.02093052864074707,79
355,22,0.0200040340423584,79
356,46,0.02599167823791504,79
357,26,0.01999950408935547,79
358,60,0.02001333236694336,79
359,17,0.02298593521118164,79
360,19,0.026001930236816406,79
361,45,0.0240325927734375,79
362,88,0.021967649459838867,79
363,62,0.024031400680541992,79
364,32,0.024997711181640625,79
365,100,0.024001121520996094,79
366,100,0.021996498107910156,79
367,31,0.02100062370300293,79
368,100,0.026003599166870117,79
369,39,0.02101612091064453,79
370,24,0.021993160247802734,79
371,43,0.02198028564453125,79
372,57,0.02101278305053711,79
373,100,0.026984214782714844,79
374,35,0.02098250389099121,79
375,13,0.022005796432495117,79
376,66,0.023000478744506836,79
377,40,0.022997379302978516,79
378,26,0.024024486541748047,79
379,100,0.02199244499206543,79
380,50,0.020044565200805664,79
381,20,0.02197718620300293,79
382,15,0.02201104164123535,79
383,39,0.021990299224853516,79
384,59,0.024013280868530273,79
385,32,0.020997047424316406,79
386,47,0.02200007438659668,79
387,26,0.02199721336364746,79
388,28,0.02301025390625,79
389,12,0.02497386932373047,79
390,18,0.0229947566986084,79
391,12,0.02200460433959961,79
392,29,0.025999784469604492,79
393,27,0.02300238609313965,79
394,9,0.021994590759277344,79
395,14,0.02203965187072754,79
396,56,0.02196478843688965,79
397,66,0.020019054412841797,79
398,8,0.02196669578552246,79
399,34,0.026003599166870117,79
400,21,0.021994352340698242,79
401,68,0.025000572204589844,79
402,27,0.021018028259277344,79
403,30,0.0220034122467041,79
404,63,0.024991512298583984,79
405,63,0.021999835968017578,79
406,29,0.02302861213684082,79
407,14,0.02397322654724121,79
408,100,0.022979021072387695,79
409,86,0.02599930763244629,79
410,24,0.0220034122467041,79
411,58,0.02699899673461914,79
412,48,0.02500176429748535,79
413,69,0.022994279861450195,79
414,14,0.02400517463684082,79
415,70,0.020994901657104492,79
416,48,0.023008108139038086,79
417,69,0.02399611473083496,79
418,16,0.025014877319335938,79
419,15,0.025989770889282227,79
420,47,0.02599644660949707,79
421,59,0.024001121520996094,79
422,11,0.020995140075683594,79
423,20,0.02003192901611328,79
424,54,0.021969318389892578,79
425,16,0.024078369140625,79
426,24,0.026017427444458008,79
427,58,0.019980192184448242,79
428,14,0.026001930236816406,79
429,62,0.022002696990966797,79
430,36,0.023000240325927734,79
431,64,0.02601480484008789,79
432,35,0.023985862731933594,79
433,38,0.024000167846679688,79
434,81,0.023998737335205078,79
435,46,0.021010398864746094,79
436,43,0.02399277687072754,79
437,100,0.022004127502441406,79
438,40,0.022997140884399414,79
439,16,0.020003318786621094,79
440,33,0.021030664443969727,79
441,61,0.02096700668334961,79
442,26,0.02299642562866211,79
443,7,0.023006916046142578,79
444,33,0.021991968154907227,79
445,60,0.021027088165283203,79
446,37,0.024997949600219727,79
447,73,0.025000810623168945,79
448,76,0.020964860916137695,79
449,28,0.024000883102416992,79
450,10,0.023000001907348633,79
451,65,0.02300119400024414,79
452,12,0.020003557205200195,79
453,11,0.020001888275146484,79
454,36,0.020007610321044922,79
455,100,0.022997379302978516,79
456,63,0.021999835968017578,79
457,99,0.028998851776123047,79
458,49,0.023018360137939453,79
459,34,0.021979808807373047,79
460,19,0.025002479553222656,79
461,56,0.027994394302368164,79
462,41,0.026019811630249023,79
463,32,0.02298450469970703,79
464,100,0.026003122329711914,79
465,26,0.020001649856567383,79
466,13,0.021983861923217773,79
467,17,0.02200007438659668,79
468,51,0.024996519088745117,79
469,17,0.022003889083862305,79
470,36,0.024003028869628906,79
471,24,0.0240020751953125,79
472,18,0.025026798248291016,79
473,35,0.028968095779418945,79
474,74,0.02201533317565918,79
475,35,0.020997047424316406,79
476,13,0.02099752426147461,79
477,32,0.022006750106811523,79
478,12,0.018990516662597656,79
479,21,0.025002479553222656,79
480,48,0.018997907638549805,79
481,40,0.02200007438659668,79
482,17,0.02000570297241211,79
483,39,0.024015188217163086,79
484,35,0.02129983901977539,79
485,43,0.021236181259155273,79
486,17,0.024002552032470703,79
487,30,0.020005226135253906,79
488,19,0.02199244499206543,79
489,18,0.020997285842895508,79
490,14,0.02301931381225586,79
491,36,0.0229952335357666,79
492,31,0.022985458374023438,79
493,19,0.024018049240112305,79
494,51,0.02199411392211914,79
495,24,0.023515701293945312,79
496,20,0.02100086212158203,79
497,17,0.0240170955657959,79
498,56,0.02202630043029785,79
499,25,0.021982431411743164,79
500,46,0.02202916145324707,79
501,97,0.020976543426513672,79
502,17,0.025005102157592773,79
503,72,0.022995471954345703,79
504,58,0.023007869720458984,79
505,29,0.02399611473083496,79
506,62,0.02500152587890625,79
507,47,0.022008180618286133,79
508,20,0.02100229263305664,79
509,100,0.025985002517700195,79
510,24,0.021022796630859375,79
511,100,0.018976688385009766,79
512,9,0.02502894401550293,79
513,23,0.021975994110107422,79
514,25,0.02200150489807129,79
515,39,0.02199268341064453,79
516,21,0.02303147315979004,79
517,26,0.03207707405090332,79
518,48,0.02299809455871582,79
519,78,0.021016359329223633,79
520,8,0.021000385284423828,79
521,24,0.026000022888183594,79
522,28,0.021003007888793945,79
523,19,0.023978233337402344,79
524,8,0.020998001098632812,79
525,64,0.021007537841796875,79
526,42,0.019985198974609375,79
527,62,0.022000789642333984,79
528,20,0.02099442481994629,79
529,31,0.020032405853271484,79
530,32,0.02001190185546875,79
531,41,0.02396416664123535,79
532,9,0.021018505096435547,79
533,100,0.01897287368774414,79
534,32,0.022000789642333984,79
535,32,0.024001598358154297,79
536,18,0.022031068801879883,79
537,99,0.021965980529785156,79
538,22,0.020020246505737305,79
539,24,0.021984577178955078,79
540,18,0.023997783660888672,79
541,20,0.02207350730895996,79
542,35,0.018992185592651367,79
543,39,0.023005008697509766,79
544,12,0.024040937423706055,79
545,12,0.022984743118286133,79
546,100,0.018999576568603516,79
547,32,0.022002458572387695,79
548,41,0.0220029354095459,79
549,29,0.023020029067993164,79
550,100,0.0249786376953125,79
551,43,0.023039817810058594,79
552,61,0.024960994720458984,79
553,20,0.023996829986572266,79
554,80,0.022510766983032227,79
555,34,0.022003650665283203,79
556,32,0.02301788330078125,79
557,72,0.01898336410522461,79
558,25,0.021996021270751953,79
559,25,0.023003578186035156,79
560,8,0.020999670028686523,79
561,14,0.02502584457397461,79
562,32,0.019999265670776367,79
563,13,0.020014286041259766,79
564,43,0.024966716766357422,79
565,72,0.021002769470214844,79
566,56,0.020009517669677734,79
567,100,0.027000904083251953,79
568,28,0.023006200790405273,79
569,18,0.02198958396911621,79
570,24,0.023000240325927734,79
571,54,0.025000333786010742,79
572,25,0.022000789642333984,79
573,55,0.020998477935791016,79
574,44,0.02599334716796875,79
575,44,0.02100086212158203,79
576,48,0.023000478744506836,79
577,100,0.020998716354370117,79
578,15,0.021001815795898438,79
579,27,0.02300715446472168,79
580,100,0.020991802215576172,79
581,68,0.020999431610107422,79
582,30,0.0240018367767334,79
583,35,0.023003339767456055,79
584,61,0.025998353958129883,79
585,51,0.02102184295654297,79
586,8,0.020997047424316406,79
587,8,0.023004770278930664,79
588,34,0.02199697494506836,79
589,37,0.020032405853271484,79
590,24,0.022968292236328125,79
591,32,0.023993730545043945,79
592,24,0.022995471954345703,79
593,15,0.022998332977294922,79
594,23,0.021003246307373047,79
595,67,0.02101898193359375,79
596,28,0.022019147872924805,79
597,26,0.02698373794555664,79
598,88,0.024014949798583984,79
599,11,0.02298426628112793,79
600,21,0.022997140884399414,79
601,65,0.02200031280517578,79
602,9,0.023000478744506836,79
603,54,0.02099895477294922,79
604,41,0.01999950408935547,79
605,25,0.024003267288208008,79
606,13,0.023981571197509766,79
607,18,0.022035837173461914,79
608,30,0.02100658416748047,79
609,25,0.02000260353088379,79
610,26,0.03398466110229492,79
611,38,0.0280001163482666,79
612,8,0.02599930763244629,79
613,24,0.022020339965820312,79
614,49,0.021997451782226562,79
615,100,0.020994901657104492,79
616,27,0.025005340576171875,79
617,23,0.021029233932495117,79
618,16,0.020984411239624023,79
619,41,0.022968292236328125,79
620,21,0.02099895477294922,79
621,86,0.021999597549438477,79
622,38,0.022119998931884766,79
623,86,0.01998448371887207,79
624,75,0.02298283576965332,79
625,50,0.02399897575378418,79
626,29,0.02299952507019043,79
627,98,0.02400994300842285,79
628,77,0.02499985694885254,79
629,23,0.020944833755493164,79
630,31,0.01999640464782715,79
631,36,0.01938796043395996,79
632,41,0.022018909454345703,79
633,32,0.021987438201904297,79
634,37,0.023983001708984375,79
635,31,0.024010181427001953,79
636,33,0.02099919319152832,79
637,100,0.025992870330810547,79
638,59,0.02097916603088379,79
639,65,0.01999521255493164,79
640,7,0.02200174331665039,79
641,18,0.02099895477294922,79
642,20,0.0235140323638916,79
643,76,0.02499556541442871,79
644,39,0.02200031280517578,79
645,75,0.02499675750732422,79
646,33,0.023002147674560547,79
647,93,0.026003599166870117,79
648,80,0.01998424530029297,79
649,47,0.02498340606689453,79
650,100,0.027997970581054688,79
651,28,0.020999670028686523,79
652,100,0.021999835968017578,79
653,47,0.020029544830322266,79
654,36,0.022971630096435547,79
655,80,0.021002769470214844,79
656,34,0.01999974250793457,79
657,19,0.021999835968017578,79
658,23,0.021994590759277344,79
659,33,0.0220029354095459,79
660,85,0.024999618530273438,79
661,16,0.024000167846679688,79
662,38,0.02300286293029785,79
663,25,0.021997690200805664,79
664,22,0.02102065086364746,79
665,17,0.0229799747467041,79
666,25,0.02200007438659668,79
667,30,0.021025896072387695,79
668,14,0.023999691009521484,79
669,100,0.021981000900268555,79
670,50,0.023998737335205078,79
671,37,0.02500128746032715,79
672,41,0.024997711181640625,79
673,25,0.021004915237426758,79
674,31,0.021997690200805664,79
675,26,0.021968841552734375,79
676,55,0.02300405502319336,79
677,33,0.021992921829223633,79
678,100,0.02300548553466797,79
679,84,0.02302265167236328,79
680,16,0.021997690200805664,79
681,12,0.023019790649414062,79
682,27,0.02198052406311035,79
683,33,0.025017499923706055,79
684,10,0.021008729934692383,79
685,68,0.02096867561340332,79
686,17,0.026000261306762695,79
687,28,0.022001266479492188,79
688,9,0.022003889083862305,79
689,43,0.022020578384399414,79
690,11,0.024048805236816406,79
691,76,0.0290224552154541,79
692,51,0.019998788833618164,79
693,14,0.023988723754882812,79
694,36,0.01998305320739746,79
695,51,0.020989656448364258,79
696,61,0.024993896484375,79
697,33,0.021003246307373047,79
698,100,0.021999597549438477,79
699,93,0.02300238609313965,79
700,22,0.02203822135925293,79
701,46,0.02600264549255371,79
702,64,0.022004365921020508,79
703,91,0.02497720718383789,79
704,63,0.021010398864746094,79
705,67,0.02001786231994629,79
706,32,0.02097344398498535,79
707,18,0.024991750717163086,79
708,80,0.02002429962158203,79
709,63,0.027997732162475586,79
710,12,0.022996187210083008,79
711,62,0.022998332977294922,79
712,100,0.02000117301940918,79
713,88,0.022029876708984375,79
714,100,0.026000499725341797,79
715,60,0.025000810623168945,79
716,100,0.02000737190246582,79
717,27,0.024973154067993164,79
718,26,0.024003267288208008,79
719,48,0.026006460189819336,79
720,13,0.02199101448059082,79
721,37,0.020994186401367188,79
722,50,0.023001670837402344,79
723,22,0.02203512191772461,79
724,92,0.02198338508605957,79
725,27,0.02198624610900879,79
726,17,0.020956754684448242,79
727,65,0.02200484275817871,79
728,82,0.02299356460571289,79
729,47,0.022998332977294922,79
730,53,0.021010637283325195,79
731,24,0.024026155471801758,79
732,33,0.020967483520507812,79
733,42,0.026001453399658203,79
734,33,0.023524999618530273,79
735,16,0.027002811431884766,79
736,20,0.02399611473083496,79
737,14,0.025005578994750977,79
738,88,0.02399444580078125,79
739,28,0.021003007888793945,79
740,100,0.022000551223754883,79
741,51,0.020987272262573242,79
742,64,0.021001577377319336,79
743,86,0.02450084686279297,79
744,21,0.018512725830078125,79
745,50,0.025994539260864258,79
746,38,0.019999265670776367,79
747,73,0.02103281021118164,79
748,87,0.022963285446166992,79
749,100,0.023995161056518555,79
750,15,0.03000020980834961,79
751,100,0.02899646759033203,79
752,61,0.03198432922363281,79
753,23,0.031000614166259766,79
754,13,0.025000333786010742,79
755,16,0.02299785614013672,79
756,32,0.02101278305053711,79
757,56,0.02699422836303711,79
758,100,0.02100062370300293,79
759,25,0.019990205764770508,79
760,68,0.02599477767944336,79
761,31,0.02198195457458496,79
762,8,0.02900099754333496,79
763,25,0.02399611473083496,79
764,32,0.02102351188659668,79
765,57,0.021985530853271484,79
766,26,0.0209958553314209,79
767,40,0.022068500518798828,79
768,11,0.020007848739624023,79
769,54,0.021927595138549805,79
770,33,0.023019075393676758,79
771,47,0.02099442481994629,79
772,32,0.022991657257080078,79
773,9,0.02199864387512207,79
774,14,0.023995637893676758,79
775,53,0.031096935272216797,79
776,48,0.020982742309570312,79
777,25,0.023001909255981445,79
778,44,0.021999359130859375,79
779,31,0.022001266479492188,79
780,100,0.02200150489807129,79
781,29,0.025005817413330078,79
782,95,0.022992610931396484,79
783,28,0.021998167037963867,79
784,45,0.022093534469604492,79
785,80,0.02799844741821289,79
786,27,0.02599811553955078,79
787,33,0.020048141479492188,79
788,40,0.023998260498046875,79
789,100,0.02403092384338379,79
790,7,0.02599811553955078,79
791,31,0.020997047424316406,79
792,23,0.023999691009521484,79
793,26,0.02300095558166504,79
794,60,0.023001670837402344,79
795,24,0.02098393440246582,79
796,16,0.02200031280517578,79
797,23,0.0209963321685791,79
798,46,0.0240023136138916,79
799,12,0.02400660514831543,79
800,50,0.02003955841064453,79
801,63,0.02195286750793457,79
802,83,0.0220184326171875,79
803,46,0.02299809455871582,79
804,17,0.022998809814453125,79
805,71,0.0210416316986084,79
806,47,0.02395939826965332,79
807,50,0.026001691818237305,79
808,28,0.020019054412841797,79
809,43,0.022982120513916016,79
810,43,0.0249936580657959,79
811,30,0.020999670028686523,79
812,21,0.022005319595336914,79
813,90,0.019999265670776367,79
814,37,0.02001214027404785,79
815,56,0.024982213973999023,79
816,23,0.021996021270751953,79
817,8,0.02200794219970703,79
818,17,0.025998592376708984,79
819,25,0.024998188018798828,79
820,68,0.020997285842895508,79
821,57,0.021022319793701172,79
822,70,0.019977331161499023,79
823,33,0.021985769271850586,79
824,31,0.02300095558166504,79
825,36,0.023000240325927734,79
826,61,0.01997661590576172,79
827,43,0.021029949188232422,79
828,19,0.023020029067993164,79
829,16,0.019921064376831055,79
830,14,0.02001166343688965,79
831,31,0.020995616912841797,79
832,23,0.024002552032470703,79
833,26,0.023998022079467773,79
834,24,0.025007963180541992,79
835,74,0.019008398056030273,79
836,35,0.02099442481994629,79
837,40,0.020006179809570312,79
838,46,0.0250089168548584,79
839,44,0.02099609375,79
840,12,0.025005102157592773,79
841,19,0.022023677825927734,79
842,39,0.022001266479492188,79
843,100,0.022024154663085938,79
844,11,0.020971298217773438,79
845,18,0.02600550651550293,79
846,10,0.022997617721557617,79
847,12,0.023999452590942383,79
848,10,0.022014856338500977,79
849,17,0.01998758316040039,79
850,59,0.022014379501342773,79
851,18,0.02200484275817871,79
852,36,0.02397751808166504,79
853,55,0.020998001098632812,79
854,57,0.026996374130249023,79
855,41,0.027001380920410156,79
856,31,0.023995161056518555,79
857,40,0.023000240325927734,79
858,8,0.02202439308166504,79
859,23,0.025974273681640625,79
860,9,0.02199721336364746,79
861,100,0.02299976348876953,79
862,20,0.023011207580566406,79
863,100,0.021976709365844727,79
864,100,0.02302384376525879,79
865,43,0.023046016693115234,79
866,69,0.02495431900024414,79
867,23,0.02100062370300293,79
868,70,0.019983530044555664,79
869,21,0.025002717971801758,79
870,19,0.01999664306640625,79
871,32,0.023670196533203125,79
872,18,0.02000570297241211,79
873,27,0.020985126495361328,79
874,22,0.020993471145629883,79
875,17,0.02301192283630371,79
876,52,0.018987178802490234,79
877,40,0.022997379302978516,79
878,77,0.02300262451171875,79
879,22,0.024018526077270508,79
880,20,0.027979612350463867,79
881,59,0.022028446197509766,79
882,17,0.028015613555908203,79
883,100,0.021966934204101562,79
884,28,0.023960590362548828,79
885,43,0.027997732162475586,79
886,31,0.022998571395874023,79
887,29,0.025002717971801758,79
888,98,0.021033048629760742,79
889,90,0.02498149871826172,79
890,9,0.02199554443359375,79
891,29,0.021999835968017578,79
892,100,0.021005630493164062,79
893,47,0.024998903274536133,79
894,46,0.01999664306640625,79
895,14,0.020004749298095703,79
896,10,0.022995471954345703,79
897,37,0.020015716552734375,79
898,23,0.02300882339477539,79
899,22,0.02100372314453125,79
900,76,0.022998332977294922,79
901,39,0.02300095558166504,79
902,99,0.0229947566986084,79
903,13,0.020812034606933594,79
904,24,0.02481675148010254,79
905,23,0.025021076202392578,79
906,60,0.02597665786743164,79
907,40,0.02303028106689453,79
908,19,0.023969173431396484,79
909,38,0.020004749298095703,79
910,11,0.018984317779541016,79
911,30,0.02300548553466797,79
912,12,0.022004365921020508,79
913,73,0.021003246307373047,79
914,55,0.02100205421447754,79
915,71,0.018991470336914062,79
916,31,0.02199697494506836,79
917,41,0.02098703384399414,79
918,20,0.02399587631225586,79
919,52,0.020009994506835938,79
920,16,0.020016908645629883,79
921,63,0.02500176429748535,79
922,16,0.020999670028686523,79
923,55,0.024030685424804688,79
924,16,0.02598285675048828,79
925,17,0.02499699592590332,79
926,73,0.021994590759277344,79
927,31,0.021001577377319336,79
928,20,0.025982379913330078,79
929,12,0.02199411392211914,79
930,40,0.02500176429748535,79
931,23,0.021998167037963867,79
932,7,0.021004676818847656,79
933,23,0.022055864334106445,79
934,54,0.021997928619384766,79
935,68,0.021000146865844727,79
936,31,0.024019718170166016,79
937,100,0.020002365112304688,79
938,28,0.022024869918823242,79
939,16,0.023031234741210938,79
940,12,0.022970199584960938,79
941,66,0.022018909454345703,79
942,75,0.021999359130859375,79
943,18,0.020022869110107422,79
944,100,0.02299785614013672,79
945,32,0.022019147872924805,79
946,23,0.019986629486083984,79
947,15,0.024522066116333008,79
948,25,0.02499866485595703,79
949,81,0.022005796432495117,79
950,22,0.022022485733032227,79
951,64,0.02099442481994629,79
952,77,0.023005247116088867,79
953,13,0.024024009704589844,79
954,100,0.02197742462158203,79
955,31,0.021031856536865234,79
956,76,0.028966665267944336,79
957,7,0.0210111141204834,79
958,12,0.022991657257080078,79
959,41,0.026026487350463867,79
960,10,0.021970510482788086,79
961,84,0.023003101348876953,79
962,7,0.023000717163085938,79
963,19,0.020031452178955078,79
964,48,0.020983457565307617,79
965,21,0.022027254104614258,79
966,10,0.02108311653137207,79
967,32,0.021982908248901367,79
968,13,0.019998550415039062,79
969,14,0.02301478385925293,79
970,58,0.01998591423034668,79
971,95,0.024977922439575195,79
972,100,0.022003650665283203,79
973,15,0.022030115127563477,79
974,27,0.0259702205657959,79
975,34,0.02200007438659668,79
976,6,0.025987863540649414,79
977,18,0.02102041244506836,79
978,36,0.02599501609802246,79
979,22,0.022998332977294922,79
980,43,0.02303338050842285,79
981,28,0.020980119705200195,79
982,12,0.020008325576782227,79
983,35,0.02298116683959961,79
984,16,0.020992040634155273,79
985,41,0.01999497413635254,79
986,49,0.020499706268310547,79
987,42,0.023983478546142578,79
988,100,0.024997472763061523,79
989,22,0.02001047134399414,79
990,14,0.020000219345092773,79
991,14,0.025990009307861328,79
992,14,0.02499699592590332,79
993,23,0.020997047424316406,79
994,100,0.021989822387695312,79
995,37,0.021013736724853516,79
996,41,0.02097916603088379,79
997,45,0.02500128746032715,79
998,96,0.019004344940185547,79
999,16,0.01997971534729004,79
