Episode,Steps,Time,Converged at Iterations
0,35,0.02599954605102539,79
1,29,0.0240020751953125,79
2,34,0.021999120712280273,79
3,12,0.02499699592590332,79
4,92,0.0230257511138916,79
5,23,0.0249783992767334,79
6,43,0.020989179611206055,79
7,7,0.020000457763671875,79
8,47,0.020030975341796875,79
9,18,0.0239715576171875,79
10,49,0.021990537643432617,79
11,13,0.019991636276245117,79
12,10,0.024999380111694336,79
13,15,0.02300286293029785,79
14,58,0.025018930435180664,79
15,37,0.021981000900268555,79
16,39,0.0200040340423584,79
17,9,0.0220184326171875,79
18,27,0.020991802215576172,79
19,55,0.021631956100463867,79
20,71,0.022001266479492188,79
21,11,0.02199864387512207,79
22,30,0.024001598358154297,79
23,43,0.024999141693115234,79
24,16,0.0200045108795166,79
25,37,0.019991397857666016,79
26,13,0.022006988525390625,79
27,44,0.022022247314453125,79
28,93,0.020999431610107422,79
29,52,0.025043487548828125,79
30,36,0.023927688598632812,79
31,40,0.023013830184936523,79
32,29,0.02298426628112793,79
33,75,0.024997711181640625,79
34,27,0.020025968551635742,79
35,51,0.0199735164642334,79
36,65,0.0230104923248291,79
37,30,0.022005319595336914,79
38,28,0.021015167236328125,79
39,37,0.019021034240722656,79
40,34,0.02096724510192871,79
41,30,0.024029016494750977,79
42,18,0.02298116683959961,79
43,62,0.02399897575378418,79
44,19,0.02100825309753418,79
45,100,0.025983095169067383,79
46,100,0.020005226135253906,79
47,33,0.020981788635253906,79
48,100,0.022000789642333984,79
49,52,0.022036075592041016,79
50,62,0.021969079971313477,79
51,20,0.02002406120300293,79
52,30,0.0260164737701416,79
53,8,0.020000696182250977,79
54,19,0.021005868911743164,79
55,20,0.0229949951171875,79
56,22,0.020997047424316406,79
57,30,0.019986629486083984,79
58,49,0.02099895477294922,79
59,19,0.021994352340698242,79
60,100,0.01999831199645996,79
61,46,0.021010160446166992,79
62,97,0.02399134635925293,79
63,16,0.02302098274230957,79
64,57,0.02397322654724121,79
65,17,0.02201247215270996,79
66,16,0.020007848739624023,79
67,10,0.025986909866333008,79
68,23,0.02299785614013672,79
69,58,0.024005651473999023,79
70,27,0.025998353958129883,79
71,60,0.024004459381103516,79
72,21,0.02199864387512207,79
73,61,0.02001500129699707,79
74,11,0.02598404884338379,79
75,25,0.022020578384399414,79
76,44,0.021991968154907227,79
77,41,0.021993398666381836,79
78,35,0.023016929626464844,79
79,47,0.025429487228393555,79
80,19,0.022008180618286133,79
81,26,0.021968841552734375,79
82,21,0.02200460433959961,79
83,14,0.022998571395874023,79
84,13,0.020996570587158203,79
85,40,0.024031400680541992,79
86,47,0.0199739933013916,79
87,88,0.023999452590942383,79
88,27,0.025104761123657227,79
89,79,0.02355217933654785,79
90,8,0.02298712730407715,79
91,51,0.020984172821044922,79
92,88,0.022003889083862305,79
93,19,0.020998716354370117,79
94,65,0.020010948181152344,79
95,18,0.023003101348876953,79
96,13,0.020984172821044922,79
97,95,0.020023107528686523,79
98,82,0.020998001098632812,79
99,31,0.026058435440063477,79
100,11,0.020982742309570312,79
101,10,0.021992206573486328,79
102,31,0.020998239517211914,79
103,46,0.021019935607910156,79
104,100,0.020998001098632812,79
105,11,0.023011445999145508,79
106,24,0.019993066787719727,79
107,55,0.021972179412841797,79
108,37,0.022019147872924805,79
109,100,0.022023439407348633,79
110,14,0.020017623901367188,79
111,20,0.02698063850402832,79
112,22,0.020996809005737305,79
113,18,0.02003002166748047,79
114,89,0.025004148483276367,79
115,27,0.019008159637451172,79
116,100,0.020006179809570312,79
117,66,0.022989511489868164,79
118,36,0.020009517669677734,79
119,19,0.02498912811279297,79
120,15,0.024005651473999023,79
121,52,0.020989656448364258,79
122,41,0.02200031280517578,79
123,54,0.021001815795898438,79
124,86,0.023999929428100586,79
125,100,0.02203369140625,79
126,78,0.019963741302490234,79
127,6,0.022968292236328125,79
128,46,0.022023916244506836,79
129,100,0.021982431411743164,79
130,26,0.023970603942871094,79
131,49,0.022017240524291992,79
132,12,0.019003868103027344,79
133,22,0.02698230743408203,79
134,69,0.0220034122467041,79
135,45,0.021994590759277344,79
136,26,0.023003339767456055,79
137,16,0.032996177673339844,79
138,16,0.030997753143310547,79
139,70,0.023025989532470703,79
140,13,0.02299332618713379,79
141,75,0.019014835357666016,79
142,13,0.02098369598388672,79
143,66,0.02299952507019043,79
144,87,0.02199697494506836,79
145,23,0.019980192184448242,79
146,25,0.02201080322265625,79
147,25,0.02200913429260254,79
148,38,0.02098560333251953,79
149,13,0.024062395095825195,79
150,11,0.019998788833618164,79
151,18,0.021000385284423828,79
152,18,0.021995067596435547,79
153,22,0.0229947566986084,79
154,46,0.021006345748901367,79
155,9,0.025001049041748047,79
156,19,0.022966623306274414,79
157,49,0.02201247215270996,79
158,17,0.02164769172668457,79
159,31,0.020542144775390625,79
160,18,0.019994020462036133,79
161,34,0.023990154266357422,79
162,20,0.021017789840698242,79
163,44,0.022999048233032227,79
164,82,0.020967483520507812,79
165,66,0.0240023136138916,79
166,75,0.02457737922668457,79
167,75,0.024003982543945312,79
168,28,0.022005319595336914,79
169,13,0.021005868911743164,79
170,62,0.021979093551635742,79
171,12,0.0220029354095459,79
172,48,0.02199840545654297,79
173,40,0.022034406661987305,79
174,51,0.02498173713684082,79
175,53,0.022983551025390625,79
176,21,0.02501082420349121,79
177,41,0.022005796432495117,79
178,8,0.02200484275817871,79
179,52,0.022994279861450195,79
180,33,0.022011995315551758,79
181,10,0.020968198776245117,79
182,50,0.022998809814453125,79
183,34,0.023002147674560547,79
184,15,0.01999044418334961,79
185,11,0.0249941349029541,79
186,56,0.020006179809570312,79
187,49,0.02299046516418457,79
188,17,0.022005319595336914,79
189,30,0.021994352340698242,79
190,12,0.021997690200805664,79
191,31,0.021003246307373047,79
192,11,0.020999431610107422,79
193,21,0.019983530044555664,79
194,66,0.022995710372924805,79
195,38,0.02100396156311035,79
196,24,0.021015167236328125,79
197,29,0.022984981536865234,79
198,10,0.019986391067504883,79
199,23,0.02198648452758789,79
200,10,0.022001266479492188,79
201,26,0.022011280059814453,79
202,20,0.01999354362487793,79
203,13,0.022997379302978516,79
204,59,0.023021221160888672,79
205,31,0.020012617111206055,79
206,29,0.022009849548339844,79
207,17,0.023040056228637695,79
208,9,0.021971940994262695,79
209,96,0.023009061813354492,79
210,54,0.020008563995361328,79
211,39,0.0200197696685791,79
212,26,0.01996755599975586,79
213,23,0.023997783660888672,79
214,57,0.022995710372924805,79
215,34,0.023035287857055664,79
216,26,0.022030353546142578,79
217,100,0.01999187469482422,79
218,88,0.02296900749206543,79
219,75,0.021029949188232422,79
220,50,0.021039247512817383,79
221,27,0.0229647159576416,79
222,77,0.023995637893676758,79
223,26,0.02299976348876953,79
224,28,0.021998882293701172,79
225,11,0.021001577377319336,79
226,18,0.020988941192626953,79
227,14,0.020000457763671875,79
228,28,0.021999120712280273,79
229,79,0.02299976348876953,79
230,48,0.0240023136138916,79
231,100,0.02103424072265625,79
232,36,0.020985841751098633,79
233,31,0.02297377586364746,79
234,28,0.019999980926513672,79
235,25,0.02300858497619629,79
236,22,0.02000260353088379,79
237,58,0.021018028259277344,79
238,13,0.020969390869140625,79
239,23,0.022995471954345703,79
240,8,0.020027637481689453,79
241,16,0.020979642868041992,79
242,31,0.021010160446166992,79
243,11,0.02399587631225586,79
244,25,0.022995710372924805,79
245,99,0.022026538848876953,79
246,100,0.021973133087158203,79
247,32,0.023006439208984375,79
248,20,0.022017955780029297,79
249,60,0.019983530044555664,79
250,23,0.018999814987182617,79
251,43,0.02397465705871582,79
252,22,0.02003169059753418,79
253,55,0.02350759506225586,79
254,15,0.02000737190246582,79
255,100,0.021002769470214844,79
256,55,0.022997617721557617,79
257,10,0.023005247116088867,79
258,31,0.020996570587158203,79
259,24,0.024997472763061523,79
260,25,0.020007610321044922,79
261,16,0.022014617919921875,79
262,25,0.022999048233032227,79
263,28,0.022561073303222656,79
264,38,0.022960662841796875,79
265,39,0.024024486541748047,79
266,27,0.024991989135742188,79
267,12,0.0219879150390625,79
268,15,0.021996259689331055,79
269,19,0.02101445198059082,79
270,56,0.025989055633544922,79
271,12,0.019968748092651367,79
272,93,0.021012067794799805,79
273,19,0.025014400482177734,79
274,24,0.01998448371887207,79
275,67,0.020006418228149414,79
276,23,0.022988080978393555,79
277,40,0.021012067794799805,79
278,51,0.022988557815551758,79
279,29,0.023000001907348633,79
280,13,0.024018526077270508,79
281,100,0.02198648452758789,79
282,19,0.022989511489868164,79
283,33,0.020029067993164062,79
284,62,0.022984027862548828,79
285,37,0.021996021270751953,79
286,100,0.021976709365844727,79
287,10,0.02402043342590332,79
288,49,0.021974563598632812,79
289,37,0.022003650665283203,79
290,24,0.022028684616088867,79
291,46,0.025971651077270508,79
292,55,0.020997285842895508,79
293,65,0.022005081176757812,79
294,30,0.02002096176147461,79
295,32,0.024994850158691406,79
296,11,0.01998281478881836,79
297,38,0.022027015686035156,79
298,52,0.025979995727539062,79
299,51,0.02099299430847168,79
300,84,0.02000117301940918,79
301,12,0.025033235549926758,79
302,100,0.021976709365844727,79
303,25,0.022991418838500977,79
304,14,0.02102351188659668,79
305,59,0.02197408676147461,79
306,28,0.023019075393676758,79
307,12,0.021019458770751953,79
308,41,0.021985769271850586,79
309,72,0.023990631103515625,79
310,15,0.02600264549255371,79
311,21,0.022997140884399414,79
312,30,0.02100062370300293,79
313,34,0.021012306213378906,79
314,20,0.02299022674560547,79
315,15,0.023015975952148438,79
316,72,0.02198958396911621,79
317,63,0.023997068405151367,79
318,40,0.021004438400268555,79
319,31,0.02198195457458496,79
320,74,0.023001909255981445,79
321,77,0.021986961364746094,79
322,56,0.021004915237426758,79
323,69,0.021001338958740234,79
324,47,0.022022008895874023,79
325,25,0.020978450775146484,79
326,33,0.02502584457397461,79
327,30,0.020975828170776367,79
328,100,0.023994922637939453,79
329,33,0.02400994300842285,79
330,65,0.024993181228637695,79
331,56,0.0210113525390625,79
332,12,0.024000883102416992,79
333,45,0.022005796432495117,79
334,14,0.021024465560913086,79
335,17,0.02396869659423828,79
336,40,0.020995616912841797,79
337,10,0.023000717163085938,79
338,19,0.02356243133544922,79
339,26,0.019986629486083984,79
340,67,0.020026445388793945,79
341,20,0.021978378295898438,79
342,18,0.02100968360900879,79
343,21,0.020994186401367188,79
344,86,0.022001028060913086,79
345,65,0.019970417022705078,79
346,65,0.020989656448364258,79
347,100,0.022000551223754883,79
348,52,0.025536537170410156,79
349,93,0.019997596740722656,79
350,34,0.022007226943969727,79
351,43,0.021997928619384766,79
352,18,0.020996570587158203,79
353,35,0.025003671646118164,79
354,51,0.025993824005126953,79
355,26,0.024039268493652344,79
356,14,0.020958423614501953,79
357,56,0.020035982131958008,79
358,18,0.024977922439575195,79
359,12,0.020995378494262695,79
360,15,0.020995140075683594,79
361,66,0.022021770477294922,79
362,100,0.020025253295898438,79
363,15,0.02196979522705078,79
364,53,0.02000284194946289,79
365,80,0.02399730682373047,79
366,18,0.02102947235107422,79
367,30,0.022974491119384766,79
368,37,0.023999452590942383,79
369,92,0.02701091766357422,79
370,12,0.020983219146728516,79
371,82,0.020015716552734375,79
372,51,0.02302694320678711,79
373,41,0.021964311599731445,79
374,18,0.021035194396972656,79
375,23,0.023999452590942383,79
376,49,0.0239870548248291,79
377,27,0.023995161056518555,79
378,51,0.024005889892578125,79
379,33,0.018987178802490234,79
380,50,0.0210111141204834,79
381,23,0.02101755142211914,79
382,99,0.02097487449645996,79
383,18,0.02199721336364746,79
384,44,0.020003557205200195,79
385,48,0.022042036056518555,79
386,11,0.022989749908447266,79
387,45,0.021997451782226562,79
388,31,0.0250394344329834,79
389,13,0.021997690200805664,79
390,22,0.021004199981689453,79
391,23,0.02200007438659668,79
392,65,0.022022008895874023,79
393,21,0.019975900650024414,79
394,28,0.022008180618286133,79
395,16,0.022991180419921875,79
396,38,0.023000478744506836,79
397,52,0.020024538040161133,79
398,38,0.026401519775390625,79
399,36,0.022015094757080078,79
400,23,0.02099299430847168,79
401,47,0.02198004722595215,79
402,18,0.02200937271118164,79
403,19,0.02399158477783203,79
404,48,0.020999670028686523,79
405,16,0.02199864387512207,79
406,26,0.02399754524230957,79
407,14,0.020004749298095703,79
408,20,0.022025346755981445,79
409,64,0.022970199584960938,79
410,62,0.021007299423217773,79
411,14,0.022997140884399414,79
412,28,0.0225522518157959,79
413,17,0.021999597549438477,79
414,52,0.023007631301879883,79
415,16,0.023936986923217773,79
416,7,0.022994279861450195,79
417,9,0.027006149291992188,79
418,24,0.021996259689331055,79
419,46,0.021001338958740234,79
420,29,0.02301788330078125,79
421,30,0.022526025772094727,79
422,45,0.019007205963134766,79
423,35,0.020998716354370117,79
424,15,0.01897740364074707,79
425,11,0.0260009765625,79
426,100,0.024999141693115234,79
427,33,0.02300095558166504,79
428,81,0.021021127700805664,79
429,58,0.02299642562866211,79
430,42,0.02102518081665039,79
431,29,0.021973371505737305,79
432,13,0.02200007438659668,79
433,86,0.02100062370300293,79
434,14,0.021997928619384766,79
435,21,0.020032167434692383,79
436,27,0.023000001907348633,79
437,100,0.020987272262573242,79
438,36,0.024028301239013672,79
439,62,0.020987510681152344,79
440,21,0.02298450469970703,79
441,49,0.02302241325378418,79
442,100,0.022979021072387695,79
443,14,0.022977828979492188,79
444,20,0.022023439407348633,79
445,39,0.0219728946685791,79
446,19,0.02499675750732422,79
447,28,0.020012855529785156,79
448,40,0.021004438400268555,79
449,27,0.023013830184936523,79
450,100,0.021996259689331055,79
451,12,0.02000141143798828,79
452,9,0.022002696990966797,79
453,18,0.024030208587646484,79
454,23,0.02196955680847168,79
455,35,0.023009061813354492,79
456,60,0.022005558013916016,79
457,11,0.022970914840698242,79
458,100,0.023028850555419922,79
459,100,0.020020484924316406,79
460,48,0.02203536033630371,79
461,17,0.020975351333618164,79
462,14,0.02398538589477539,79
463,28,0.023998022079467773,79
464,16,0.023018360137939453,79
465,9,0.025009870529174805,79
466,41,0.021981477737426758,79
467,18,0.020000457763671875,79
468,49,0.02299976348876953,79
469,21,0.020994186401367188,79
470,27,0.030547380447387695,79
471,40,0.03000044822692871,79
472,24,0.03402566909790039,79
473,46,0.029003620147705078,79
474,30,0.026016712188720703,79
475,52,0.024985551834106445,79
476,37,0.02100992202758789,79
477,18,0.020978212356567383,79
478,24,0.022001028060913086,79
479,27,0.02301621437072754,79
480,65,0.022983789443969727,79
481,55,0.02399921417236328,79
482,15,0.022024154663085938,79
483,11,0.02501511573791504,79
484,32,0.02398681640625,79
485,28,0.021998167037963867,79
486,21,0.02200007438659668,79
487,62,0.019998788833618164,79
488,78,0.0209810733795166,79
489,28,0.024997234344482422,79
490,27,0.022020578384399414,79
491,31,0.023999691009521484,79
492,81,0.020998716354370117,79
493,86,0.023981332778930664,79
494,32,0.02198958396911621,79
495,10,0.021009206771850586,79
496,25,0.02198004722595215,79
497,64,0.02202892303466797,79
498,26,0.021005630493164062,79
499,73,0.024001121520996094,79
500,51,0.023019075393676758,79
501,72,0.020030498504638672,79
502,11,0.02396535873413086,79
503,50,0.019999980926513672,79
504,35,0.02197098731994629,79
505,100,0.022005558013916016,79
506,44,0.0240018367767334,79
507,43,0.022998809814453125,79
508,55,0.022000789642333984,79
509,55,0.01898813247680664,79
510,14,0.020986080169677734,79
511,41,0.023001670837402344,79
512,21,0.022029399871826172,79
513,22,0.022996902465820312,79
514,20,0.02097177505493164,79
515,77,0.024013042449951172,79
516,18,0.02300548553466797,79
517,88,0.021012544631958008,79
518,56,0.02500152587890625,79
519,62,0.021996259689331055,79
520,100,0.02100205421447754,79
521,69,0.023005962371826172,79
522,39,0.019998550415039062,79
523,84,0.021027326583862305,79
524,37,0.02297234535217285,79
525,27,0.019028663635253906,79
526,82,0.02196788787841797,79
527,44,0.019020795822143555,79
528,18,0.02896595001220703,79
529,9,0.021013259887695312,79
530,10,0.020991802215576172,79
531,24,0.02299952507019043,79
532,8,0.01999807357788086,79
533,37,0.023003101348876953,79
534,16,0.020987510681152344,79
535,33,0.023018360137939453,79
536,100,0.02202010154724121,79
537,100,0.023007869720458984,79
538,11,0.02204155921936035,79
539,19,0.022935152053833008,79
540,33,0.020015239715576172,79
541,24,0.020003795623779297,79
542,35,0.02397894859313965,79
543,100,0.021022796630859375,79
544,8,0.022981882095336914,79
545,46,0.02103447914123535,79
546,85,0.02396869659423828,79
547,32,0.023999452590942383,79
548,19,0.023005962371826172,79
549,78,0.021034955978393555,79
550,74,0.023001670837402344,79
551,10,0.020994901657104492,79
552,13,0.02200031280517578,79
553,20,0.02201557159423828,79
554,47,0.020997285842895508,79
555,79,0.02300238609313965,79
556,100,0.023001909255981445,79
557,100,0.020026445388793945,79
558,22,0.020999431610107422,79
559,67,0.02099919319152832,79
560,21,0.02203655242919922,79
561,17,0.022970914840698242,79
562,32,0.020987749099731445,79
563,100,0.020005464553833008,79
564,37,0.021991729736328125,79
565,82,0.021012067794799805,79
566,72,0.023019790649414062,79
567,26,0.021978378295898438,79
568,33,0.023016691207885742,79
569,58,0.021982192993164062,79
570,27,0.022002696990966797,79
571,23,0.020004749298095703,79
572,12,0.022205114364624023,79
573,18,0.0260007381439209,79
574,11,0.02199244499206543,79
575,17,0.02400803565979004,79
576,16,0.021000385284423828,79
577,37,0.02101421356201172,79
578,21,0.022979736328125,79
579,85,0.021019458770751953,79
580,23,0.019987106323242188,79
581,100,0.022008419036865234,79
582,89,0.022003889083862305,79
583,46,0.02197098731994629,79
584,24,0.02200174331665039,79
585,20,0.022006750106811523,79
586,37,0.02000713348388672,79
587,19,0.023988962173461914,79
588,20,0.022003173828125,79
589,31,0.021024703979492188,79
590,43,0.02102351188659668,79
591,100,0.021004676818847656,79
592,12,0.02197122573852539,79
593,31,0.027000904083251953,79
594,31,0.019976139068603516,79
595,73,0.023987770080566406,79
596,19,0.02199268341064453,79
597,72,0.02100992202758789,79
598,34,0.02998828887939453,79
599,41,0.023677587509155273,79
600,13,0.024192094802856445,79
601,9,0.022970914840698242,79
602,23,0.021990299224853516,79
603,44,0.02098536491394043,79
604,81,0.024986982345581055,79
605,19,0.020995616912841797,79
606,100,0.02099919319152832,79
607,16,0.02198934555053711,79
608,45,0.022997617721557617,79
609,39,0.020564556121826172,79
610,25,0.025012493133544922,79
611,42,0.01900959014892578,79
612,77,0.02101874351501465,79
613,46,0.023978710174560547,79
614,10,0.02300739288330078,79
615,21,0.0199892520904541,79
616,27,0.023996591567993164,79
617,63,0.022031068801879883,79
618,27,0.02099609375,79
619,26,0.024999141693115234,79
620,21,0.020026683807373047,79
621,100,0.022974729537963867,79
622,12,0.020996570587158203,79
623,9,0.02299976348876953,79
624,10,0.02200174331665039,79
625,28,0.02299809455871582,79
626,15,0.022997617721557617,79
627,16,0.02400994300842285,79
628,30,0.02099299430847168,79
629,17,0.022001028060913086,79
630,60,0.02400684356689453,79
631,47,0.020976543426513672,79
632,22,0.023999452590942383,79
633,27,0.023017406463623047,79
634,15,0.02598428726196289,79
635,61,0.022998332977294922,79
636,87,0.02103447914123535,79
637,47,0.02196669578552246,79
638,95,0.021984577178955078,79
639,19,0.02296900749206543,79
640,34,0.024998188018798828,79
641,18,0.023000717163085938,79
642,22,0.02299952507019043,79
643,65,0.021023035049438477,79
644,64,0.024964570999145508,79
645,68,0.021004915237426758,79
646,100,0.01999187469482422,79
647,19,0.024970054626464844,79
648,43,0.020011425018310547,79
649,64,0.020972251892089844,79
650,19,0.02400493621826172,79
651,12,0.031004667282104492,79
652,79,0.02257990837097168,79
653,11,0.02099466323852539,79
654,88,0.023984193801879883,79
655,68,0.022030115127563477,79
656,27,0.019971370697021484,79
657,23,0.023997068405151367,79
658,17,0.02199721336364746,79
659,22,0.022002696990966797,79
660,26,0.025000810623168945,79
661,30,0.020028352737426758,79
662,15,0.022982120513916016,79
663,62,0.020990371704101562,79
664,70,0.021999835968017578,79
665,50,0.02297353744506836,79
666,32,0.024001598358154297,79
667,47,0.021007537841796875,79
668,37,0.022567272186279297,79
669,11,0.02200031280517578,79
670,16,0.027534961700439453,79
671,31,0.02198481559753418,79
672,33,0.020002365112304688,79
673,30,0.02199411392211914,79
674,13,0.02099895477294922,79
675,100,0.02200460433959961,79
676,15,0.021996259689331055,79
677,38,0.021999835968017578,79
678,14,0.0200040340423584,79
679,38,0.02158188819885254,79
680,33,0.022981643676757812,79
681,26,0.020006418228149414,79
682,28,0.02203655242919922,79
683,13,0.02397012710571289,79
684,17,0.02099752426147461,79
685,61,0.021994829177856445,79
686,28,0.024988412857055664,79
687,36,0.022003889083862305,79
688,100,0.02299976348876953,79
689,41,0.022995948791503906,79
690,100,0.02098846435546875,79
691,75,0.02200031280517578,79
692,41,0.021956682205200195,79
693,23,0.02400064468383789,79
694,80,0.02501988410949707,79
695,53,0.02200174331665039,79
696,100,0.020997047424316406,79
697,46,0.021018505096435547,79
698,21,0.02498030662536621,79
699,28,0.02199530601501465,79
700,32,0.02202153205871582,79
701,30,0.02196979522705078,79
702,41,0.021004676818847656,79
703,76,0.02699589729309082,79
704,10,0.02499866485595703,79
705,8,0.021001338958740234,79
706,66,0.024029254913330078,79
707,58,0.023006677627563477,79
708,33,0.025002241134643555,79
709,29,0.020990371704101562,79
710,41,0.021000385284423828,79
711,14,0.023996353149414062,79
712,14,0.021017074584960938,79
713,31,0.022027015686035156,79
714,91,0.02297806739807129,79
715,100,0.020998477935791016,79
716,100,0.021004199981689453,79
717,15,0.027000904083251953,79
718,33,0.02203679084777832,79
719,56,0.020958900451660156,79
720,13,0.023018360137939453,79
721,30,0.022994518280029297,79
722,54,0.024990558624267578,79
723,38,0.021022796630859375,79
724,12,0.02199721336364746,79
725,56,0.022001981735229492,79
726,49,0.02097630500793457,79
727,70,0.025982379913330078,79
728,91,0.023985862731933594,79
729,18,0.021000385284423828,79
730,15,0.02200031280517578,79
731,71,0.020996570587158203,79
732,24,0.017963647842407227,79
733,14,0.02201390266418457,79
734,44,0.022026777267456055,79
735,100,0.01999187469482422,79
736,8,0.024005651473999023,79
737,14,0.022993087768554688,79
738,27,0.02100539207458496,79
739,43,0.022995710372924805,79
740,34,0.023007631301879883,79
741,16,0.02100396156311035,79
742,43,0.02598285675048828,79
743,43,0.020005226135253906,79
744,16,0.02202296257019043,79
745,15,0.019983768463134766,79
746,38,0.022994279861450195,79
747,18,0.027001619338989258,79
748,9,0.0240170955657959,79
749,31,0.02197861671447754,79
750,100,0.0220034122467041,79
751,28,0.02699732780456543,79
752,14,0.025000333786010742,79
753,24,0.018995046615600586,79
754,64,0.02200770378112793,79
755,100,0.023975133895874023,79
756,73,0.02298116683959961,79
757,100,0.0219724178314209,79
758,18,0.02100825309753418,79
759,13,0.021989107131958008,79
760,43,0.022005081176757812,79
761,14,0.021025419235229492,79
762,38,0.020974397659301758,79
763,34,0.021000146865844727,79
764,30,0.019999027252197266,79
765,16,0.023996829986572266,79
766,18,0.0220029354095459,79
767,33,0.020000457763671875,79
768,19,0.020032644271850586,79
769,23,0.023968935012817383,79
770,24,0.021018028259277344,79
771,68,0.021010160446166992,79
772,20,0.021012544631958008,79
773,70,0.021986007690429688,79
774,19,0.02197742462158203,79
775,17,0.026999711990356445,79
776,42,0.021028995513916016,79
777,9,0.02297687530517578,79
778,79,0.01999521255493164,79
779,52,0.02198481559753418,79
780,53,0.020002365112304688,79
781,70,0.02300858497619629,79
782,33,0.020979881286621094,79
783,39,0.02101302146911621,79
784,93,0.024018287658691406,79
785,63,0.021000146865844727,79
786,42,0.01999378204345703,79
787,19,0.023006200790405273,79
788,17,0.023996353149414062,79
789,66,0.023003339767456055,79
790,47,0.021671295166015625,79
791,19,0.023422956466674805,79
792,44,0.025014638900756836,79
793,27,0.03897976875305176,79
794,46,0.028005599975585938,79
795,28,0.02202892303466797,79
796,25,0.019971609115600586,79
797,25,0.02200150489807129,79
798,41,0.020990610122680664,79
799,34,0.024971961975097656,79
800,30,0.022992849349975586,79
801,25,0.021035432815551758,79
802,22,0.022011995315551758,79
803,100,0.020987987518310547,79
804,25,0.022983789443969727,79
805,29,0.02200150489807129,79
806,86,0.021019935607910156,79
807,42,0.01997995376586914,79
808,12,0.023039817810058594,79
809,34,0.021968364715576172,79
810,100,0.019978046417236328,79
811,37,0.02298593521118164,79
812,21,0.020999431610107422,79
813,100,0.02203202247619629,79
814,44,0.023021936416625977,79
815,14,0.020993471145629883,79
816,88,0.020983457565307617,79
817,43,0.021999835968017578,79
818,90,0.021999359130859375,79
819,65,0.02299332618713379,79
820,100,0.02100992202758789,79
821,18,0.02102375030517578,79
822,100,0.02597498893737793,79
823,19,0.02100992202758789,79
824,61,0.021989822387695312,79
825,69,0.02299976348876953,79
826,12,0.019979000091552734,79
827,17,0.02100062370300293,79
828,100,0.023004531860351562,79
829,46,0.020967721939086914,79
830,11,0.02003312110900879,79
831,63,0.02296900749206543,79
832,19,0.02200150489807129,79
833,20,0.021019697189331055,79
834,54,0.02298903465270996,79
835,35,0.023003339767456055,79
836,46,0.021029949188232422,79
837,46,0.024019718170166016,79
838,93,0.02101731300354004,79
839,8,0.022996902465820312,79
840,20,0.023003578186035156,79
841,100,0.020994901657104492,79
842,32,0.022005081176757812,79
843,18,0.02198171615600586,79
844,45,0.019995450973510742,79
845,39,0.02100658416748047,79
846,87,0.02199864387512207,79
847,51,0.021016359329223633,79
848,95,0.02099132537841797,79
849,15,0.02399897575378418,79
850,12,0.021990060806274414,79
851,30,0.01903510093688965,79
852,33,0.022966384887695312,79
853,29,0.020012617111206055,79
854,6,0.026987552642822266,79
855,55,0.02288079261779785,79
856,31,0.022505760192871094,79
857,29,0.022009611129760742,79
858,32,0.022000789642333984,79
859,22,0.023001909255981445,79
860,21,0.02498006820678711,79
861,11,0.02200031280517578,79
862,62,0.021001100540161133,79
863,6,0.022997617721557617,79
864,33,0.020999670028686523,79
865,17,0.02400064468383789,79
866,39,0.02099919319152832,79
867,34,0.0220186710357666,79
868,24,0.0260312557220459,79
869,55,0.022999048233032227,79
870,37,0.021980762481689453,79
871,37,0.02302718162536621,79
872,82,0.022996902465820312,79
873,17,0.022965431213378906,79
874,44,0.021008729934692383,79
875,37,0.02400994300842285,79
876,14,0.021001577377319336,79
877,46,0.019995450973510742,79
878,19,0.020528316497802734,79
879,100,0.022988557815551758,79
880,30,0.02297830581665039,79
881,19,0.020999431610107422,79
882,63,0.024000167846679688,79
883,29,0.0200192928314209,79
884,13,0.01997971534729004,79
885,22,0.022000789642333984,79
886,40,0.02100205421447754,79
887,27,0.022001981735229492,79
888,43,0.024967432022094727,79
889,46,0.021999359130859375,79
890,7,0.025999069213867188,79
891,40,0.022032499313354492,79
892,13,0.01996159553527832,79
893,87,0.022003173828125,79
894,28,0.023015499114990234,79
895,15,0.020010709762573242,79
896,45,0.02202129364013672,79
897,88,0.01900005340576172,79
898,20,0.0209810733795166,79
899,57,0.022030353546142578,79
900,21,0.022968769073486328,79
901,26,0.020000219345092773,79
902,25,0.022002696990966797,79
903,82,0.023016691207885742,79
904,66,0.020999670028686523,79
905,31,0.023998260498046875,79
906,20,0.020006418228149414,79
907,39,0.022991180419921875,79
908,19,0.026074647903442383,79
909,29,0.023001432418823242,79
910,24,0.022999286651611328,79
911,66,0.024997472763061523,79
912,100,0.022001028060913086,79
913,47,0.023996353149414062,79
914,37,0.025005578994750977,79
915,100,0.0229949951171875,79
916,38,0.01999974250793457,79
917,18,0.02398204803466797,79
918,69,0.021010875701904297,79
919,16,0.020009279251098633,79
920,50,0.021981000900268555,79
921,37,0.02299976348876953,79
922,74,0.0220792293548584,79
923,52,0.02400660514831543,79
924,51,0.025010347366333008,79
925,35,0.019983768463134766,79
926,16,0.021996021270751953,79
927,7,0.022014617919921875,79
928,33,0.022989749908447266,79
929,22,0.023000717163085938,79
930,34,0.02001476287841797,79
931,20,0.02198481559753418,79
932,100,0.021001100540161133,79
933,44,0.022009611129760742,79
934,71,0.021970748901367188,79
935,58,0.02202153205871582,79
936,19,0.02398681640625,79
937,26,0.02398824691772461,79
938,71,0.02000117301940918,79
939,28,0.021038532257080078,79
940,30,0.022959232330322266,79
941,28,0.020003080368041992,79
942,52,0.021981239318847656,79
943,48,0.023016691207885742,79
944,27,0.02200007438659668,79
945,59,0.020033836364746094,79
946,65,0.024996519088745117,79
947,14,0.021994829177856445,79
948,33,0.01900625228881836,79
949,70,0.022998571395874023,79
950,23,0.021970510482788086,79
951,16,0.022016048431396484,79
952,30,0.021988391876220703,79
953,29,0.020996809005737305,79
954,60,0.02101421356201172,79
955,92,0.021974802017211914,79
956,100,0.021013259887695312,79
957,50,0.02098679542541504,79
958,23,0.02399444580078125,79
959,33,0.021971702575683594,79
960,26,0.020993709564208984,79
961,15,0.022029876708984375,79
962,43,0.02197742462158203,79
963,15,0.023999691009521484,79
964,79,0.02602672576904297,79
965,26,0.023969173431396484,79
966,31,0.022985458374023438,79
967,27,0.024001359939575195,79
968,37,0.02299976348876953,79
969,17,0.020023822784423828,79
970,80,0.02296924591064453,79
971,20,0.022001028060913086,79
972,82,0.021029949188232422,79
973,43,0.025966405868530273,79
974,29,0.025023221969604492,79
975,21,0.020974159240722656,79
976,19,0.022001028060913086,79
977,42,0.020000696182250977,79
978,15,0.023981571197509766,79
979,20,0.02002692222595215,79
980,100,0.019993305206298828,79
981,34,0.023009300231933594,79
982,48,0.021002531051635742,79
983,54,0.018982410430908203,79
984,100,0.025014400482177734,79
985,32,0.021010160446166992,79
986,39,0.022972583770751953,79
987,33,0.02203202247619629,79
988,83,0.021999597549438477,79
989,65,0.02201557159423828,79
990,11,0.021989822387695312,79
991,60,0.02299642562866211,79
992,19,0.021986007690429688,79
993,11,0.023002147674560547,79
994,22,0.02100348472595215,79
995,28,0.025995254516601562,79
996,28,0.021029233932495117,79
997,12,0.020966291427612305,79
998,12,0.023035049438476562,79
999,7,0.022968292236328125,79
