Episode,Steps,Time,Converged at Iterations
0,38,0.03400111198425293,79
1,41,0.03200268745422363,79
2,29,0.034998416900634766,79
3,41,0.034028053283691406,79
4,20,0.02898573875427246,79
5,100,0.029000520706176758,79
6,36,0.03200888633728027,79
7,18,0.0329892635345459,79
8,84,0.03299593925476074,79
9,17,0.029005765914916992,79
10,8,0.038991689682006836,79
11,61,0.02899932861328125,79
12,16,0.02900099754333496,79
13,11,0.037000417709350586,79
14,39,0.03199958801269531,79
15,12,0.03102707862854004,79
16,34,0.026975393295288086,79
17,54,0.02899932861328125,79
18,64,0.02899765968322754,79
19,30,0.03199911117553711,79
20,33,0.030983686447143555,79
21,21,0.028998851776123047,79
22,25,0.031000614166259766,79
23,100,0.03902029991149902,79
24,22,0.03898763656616211,79
25,73,0.03799796104431152,79
26,56,0.034995079040527344,79
27,55,0.036002159118652344,79
28,100,0.03601884841918945,79
29,66,0.030989885330200195,79
30,55,0.03500008583068848,79
31,63,0.030043601989746094,79
32,38,0.03399944305419922,79
33,22,0.032994747161865234,79
34,41,0.027004480361938477,79
35,20,0.034998178482055664,79
36,50,0.02699899673461914,79
37,48,0.031999826431274414,79
38,71,0.02654123306274414,79
39,36,0.030996322631835938,79
40,46,0.03357267379760742,79
41,100,0.030518531799316406,79
42,71,0.03200054168701172,79
43,77,0.03599739074707031,79
44,51,0.032000064849853516,79
45,47,0.03799867630004883,79
46,20,0.03199934959411621,79
47,32,0.037004947662353516,79
48,15,0.028942108154296875,79
49,65,0.030002832412719727,79
50,33,0.029996395111083984,79
51,100,0.03500247001647949,79
52,36,0.03199911117553711,79
53,47,0.03099989891052246,79
54,100,0.035001277923583984,79
55,35,0.02900099754333496,79
56,15,0.029003381729125977,79
57,52,0.025996685028076172,79
58,17,0.030000925064086914,79
59,81,0.030004024505615234,79
60,15,0.028995752334594727,79
61,39,0.02900099754333496,79
62,24,0.032003164291381836,79
63,46,0.031000137329101562,79
64,100,0.02599930763244629,79
65,74,0.031999826431274414,79
66,71,0.032003164291381836,79
67,8,0.02999591827392578,79
68,9,0.03099966049194336,79
69,49,0.029999971389770508,79
70,57,0.027004480361938477,79
71,47,0.02899622917175293,79
72,100,0.030002355575561523,79
73,51,0.032994985580444336,79
74,89,0.032530784606933594,79
75,16,0.03599977493286133,79
76,24,0.03300023078918457,79
77,67,0.03400135040283203,79
78,15,0.030009031295776367,79
79,28,0.039003610610961914,79
80,11,0.029080867767333984,79
81,82,0.03495621681213379,79
82,17,0.028005599975585938,79
83,100,0.028997421264648438,79
84,22,0.030996322631835938,79
85,24,0.03200197219848633,79
86,100,0.03499865531921387,79
87,85,0.03499937057495117,79
88,24,0.0359950065612793,79
89,48,0.03399801254272461,79
90,18,0.03100299835205078,79
91,28,0.027995824813842773,79
92,45,0.03300285339355469,79
93,53,0.032004594802856445,79
94,20,0.03500032424926758,79
95,31,0.030000925064086914,79
96,19,0.03199577331542969,79
97,83,0.03299570083618164,79
98,59,0.0299985408782959,79
99,37,0.03700375556945801,79
100,32,0.03299736976623535,79
101,76,0.03500008583068848,79
102,75,0.030996084213256836,79
103,45,0.03600573539733887,79
104,31,0.02799201011657715,79
105,100,0.02899932861328125,79
106,16,0.029000282287597656,79
107,14,0.02900218963623047,79
108,58,0.027998685836791992,79
109,29,0.03504538536071777,79
110,23,0.02899909019470215,79
111,21,0.028998136520385742,79
112,74,0.03399968147277832,79
113,100,0.034999847412109375,79
114,100,0.03099966049194336,79
115,15,0.037006378173828125,79
116,49,0.031000614166259766,79
117,44,0.028001070022583008,79
118,11,0.03199410438537598,79
119,62,0.03500199317932129,79
120,26,0.029001712799072266,79
121,15,0.031534433364868164,79
122,100,0.029526948928833008,79
123,43,0.03199601173400879,79
124,24,0.03400135040283203,79
125,29,0.03199887275695801,79
126,55,0.03101658821105957,79
127,29,0.027981996536254883,79
128,100,0.027995824813842773,79
129,85,0.030998706817626953,79
130,34,0.029002666473388672,79
131,41,0.032999277114868164,79
132,40,0.03399968147277832,79
133,54,0.030997276306152344,79
134,91,0.029999732971191406,79
135,30,0.03200364112854004,79
136,17,0.032002925872802734,79
137,14,0.03299760818481445,79
138,44,0.03000354766845703,79
139,21,0.03600001335144043,79
140,15,0.03000807762145996,79
141,14,0.03798842430114746,79
142,35,0.03599953651428223,79
143,77,0.03100132942199707,79
144,21,0.029029130935668945,79
145,23,0.03497171401977539,79
146,41,0.028023958206176758,79
147,16,0.027997493743896484,79
148,69,0.0320279598236084,79
149,21,0.028994321823120117,79
150,8,0.02800440788269043,79
151,17,0.030995845794677734,79
152,34,0.0310056209564209,79
153,100,0.026526689529418945,79
154,50,0.0279998779296875,79
155,21,0.03099966049194336,79
156,36,0.02599644660949707,79
157,44,0.027001619338989258,79
158,27,0.028020858764648438,79
159,58,0.027004480361938477,79
160,24,0.032002925872802734,79
161,23,0.02899622917175293,79
162,29,0.029003381729125977,79
163,10,0.03302192687988281,79
164,84,0.03197646141052246,79
165,12,0.02957892417907715,79
166,8,0.028952360153198242,79
167,15,0.03400111198425293,79
168,52,0.031996726989746094,79
169,7,0.02699732780456543,79
170,33,0.03000783920288086,79
171,30,0.033974647521972656,79
172,74,0.03500223159790039,79
173,34,0.048000335693359375,79
174,100,0.033998966217041016,79
175,23,0.03400397300720215,79
176,19,0.03700542449951172,79
177,44,0.031993865966796875,79
178,31,0.038992881774902344,79
179,48,0.03600025177001953,79
180,65,0.03800201416015625,79
181,21,0.03599739074707031,79
182,26,0.03699612617492676,79
183,38,0.03200364112854004,79
184,55,0.03199505805969238,79
185,26,0.03099679946899414,79
186,45,0.034003257751464844,79
187,100,0.029999732971191406,79
188,64,0.028996944427490234,79
189,56,0.03299999237060547,79
190,19,0.03299665451049805,79
191,25,0.028002500534057617,79
192,14,0.029001235961914062,79
193,100,0.030996322631835938,79
194,53,0.03000044822692871,79
195,10,0.029002904891967773,79
196,40,0.0359954833984375,79
197,100,0.03400468826293945,79
198,84,0.0270230770111084,79
199,20,0.0299685001373291,79
200,48,0.029052734375,79
201,24,0.025998353958129883,79
202,19,0.031000137329101562,79
203,56,0.030001163482666016,79
204,32,0.027002334594726562,79
205,23,0.03099656105041504,79
206,25,0.0299990177154541,79
207,48,0.03300213813781738,79
208,13,0.034996747970581055,79
209,85,0.035004615783691406,79
210,10,0.02999567985534668,79
211,33,0.029003620147705078,79
212,60,0.03000164031982422,79
213,90,0.032585859298706055,79
214,15,0.027010679244995117,79
215,19,0.03300213813781738,79
216,11,0.028981924057006836,79
217,31,0.028000354766845703,79
218,97,0.030525922775268555,79
219,71,0.025997400283813477,79
220,30,0.0279998779296875,79
221,18,0.029001951217651367,79
222,25,0.029000043869018555,79
223,35,0.03199887275695801,79
224,59,0.029999256134033203,79
225,52,0.03152966499328613,79
226,16,0.030020713806152344,79
227,71,0.027977943420410156,79
228,25,0.025009632110595703,79
229,32,0.027990102767944336,79
230,14,0.02700519561767578,79
231,29,0.026994943618774414,79
232,31,0.03800368309020996,79
233,18,0.025000333786010742,79
234,100,0.030988693237304688,79
235,41,0.030004262924194336,79
236,52,0.024994373321533203,79
237,19,0.029994487762451172,79
238,79,0.027021169662475586,79
239,33,0.0289764404296875,79
240,39,0.030998945236206055,79
241,7,0.02699875831604004,79
242,29,0.027996540069580078,79
243,22,0.026001453399658203,79
244,50,0.025003671646118164,79
245,15,0.02805185317993164,79
246,53,0.025977373123168945,79
247,18,0.026000022888183594,79
248,96,0.026005268096923828,79
249,45,0.03199958801269531,79
250,51,0.03199887275695801,79
251,19,0.03500056266784668,79
252,27,0.0299985408782959,79
253,83,0.03152036666870117,79
254,26,0.02900099754333496,79
255,55,0.027995824813842773,79
256,36,0.02499866485595703,79
257,17,0.029000520706176758,79
258,16,0.025999784469604492,79
259,68,0.031000852584838867,79
260,16,0.03100132942199707,79
261,41,0.02899932861328125,79
262,17,0.02899956703186035,79
263,81,0.029999494552612305,79
264,100,0.024999618530273438,79
265,18,0.030000925064086914,79
266,9,0.02700066566467285,79
267,100,0.026000261306762695,79
268,100,0.027998685836791992,79
269,14,0.030000925064086914,79
270,36,0.02700209617614746,79
271,28,0.03361630439758301,79
272,49,0.03204917907714844,79
273,58,0.03300023078918457,79
274,100,0.026022672653198242,79
275,19,0.030989646911621094,79
276,100,0.02797865867614746,79
277,18,0.0279996395111084,79
278,15,0.026995182037353516,79
279,26,0.029000520706176758,79
280,48,0.02899932861328125,79
281,51,0.031000375747680664,79
282,17,0.027997732162475586,79
283,91,0.03699803352355957,79
284,57,0.02600550651550293,79
285,18,0.025994300842285156,79
286,17,0.025005578994750977,79
287,48,0.02699446678161621,79
288,38,0.0260012149810791,79
289,38,0.03000497817993164,79
290,43,0.0299990177154541,79
291,40,0.030001401901245117,79
292,14,0.03000330924987793,79
293,44,0.030998945236206055,79
294,31,0.0319972038269043,79
295,23,0.0320286750793457,79
296,26,0.029976606369018555,79
297,53,0.02799677848815918,79
298,100,0.030002117156982422,79
299,32,0.029000043869018555,79
300,24,0.03699970245361328,79
301,50,0.03400087356567383,79
302,20,0.03199577331542969,79
303,100,0.03399848937988281,79
304,25,0.032018423080444336,79
305,43,0.029992341995239258,79
306,38,0.033000946044921875,79
307,12,0.026998281478881836,79
308,14,0.027997255325317383,79
309,21,0.027543306350708008,79
310,75,0.029522418975830078,79
311,26,0.03299856185913086,79
312,29,0.026999711990356445,79
313,23,0.02600383758544922,79
314,55,0.026988983154296875,79
315,96,0.031983375549316406,79
316,86,0.024001121520996094,79
317,56,0.025519609451293945,79
318,41,0.024002790451049805,79
319,49,0.029996871948242188,79
320,49,0.03200411796569824,79
321,79,0.029996156692504883,79
322,100,0.029998779296875,79
323,35,0.02799844741821289,79
324,33,0.02701878547668457,79
325,38,0.02798175811767578,79
326,6,0.02799820899963379,79
327,25,0.02899932861328125,79
328,100,0.02899956703186035,79
329,11,0.0370030403137207,79
330,56,0.02902531623840332,79
331,31,0.02697134017944336,79
332,22,0.033003807067871094,79
333,20,0.029999971389770508,79
334,100,0.024991989135742188,79
335,36,0.027998924255371094,79
336,76,0.02800774574279785,79
337,61,0.033000946044921875,79
338,94,0.02696990966796875,79
339,32,0.028000354766845703,79
340,36,0.03000044822692871,79
341,69,0.029999971389770508,79
342,50,0.03399801254272461,79
343,20,0.03600001335144043,79
344,13,0.028000831604003906,79
345,13,0.031002283096313477,79
346,67,0.025029897689819336,79
347,9,0.02799510955810547,79
348,28,0.024997472763061523,79
349,11,0.028031110763549805,79
350,20,0.03400087356567383,79
351,47,0.027969837188720703,79
352,33,0.026999950408935547,79
353,25,0.0280301570892334,79
354,24,0.025995254516601562,79
355,61,0.03362250328063965,79
356,28,0.027531147003173828,79
357,50,0.030997753143310547,79
358,50,0.03299999237060547,79
359,22,0.03499627113342285,79
360,46,0.026998519897460938,79
361,25,0.02800297737121582,79
362,36,0.029998064041137695,79
363,15,0.029523372650146484,79
364,48,0.03099846839904785,79
365,33,0.030004262924194336,79
366,12,0.02899932861328125,79
367,10,0.028995990753173828,79
368,30,0.032004356384277344,79
369,18,0.02599787712097168,79
370,57,0.02399921417236328,79
371,100,0.027004480361938477,79
372,42,0.027003765106201172,79
373,30,0.029992341995239258,79
374,83,0.03399968147277832,79
375,56,0.028488636016845703,79
376,45,0.03000164031982422,79
377,57,0.03299689292907715,79
378,61,0.026003360748291016,79
379,15,0.026002168655395508,79
380,30,0.030010700225830078,79
381,100,0.03398871421813965,79
382,8,0.02836894989013672,79
383,10,0.031008243560791016,79
384,71,0.03299236297607422,79
385,38,0.02699875831604004,79
386,21,0.030002355575561523,79
387,31,0.03299736976623535,79
388,18,0.026002168655395508,79
389,14,0.024998903274536133,79
390,31,0.02601790428161621,79
391,51,0.028996944427490234,79
392,6,0.025014400482177734,79
393,89,0.036986589431762695,79
394,8,0.025994062423706055,79
395,50,0.03300118446350098,79
396,21,0.03199911117553711,79
397,95,0.03299999237060547,79
398,28,0.02500319480895996,79
399,23,0.028998374938964844,79
400,15,0.03200101852416992,79
401,35,0.02700328826904297,79
402,26,0.030994892120361328,79
403,21,0.030016660690307617,79
404,25,0.0279996395111084,79
405,17,0.025995254516601562,79
406,98,0.02800273895263672,79
407,41,0.034002065658569336,79
408,26,0.0429995059967041,79
409,14,0.042996883392333984,79
410,12,0.03300213813781738,79
411,21,0.034000396728515625,79
412,54,0.03199958801269531,79
413,20,0.0299985408782959,79
414,66,0.02700066566467285,79
415,64,0.031002044677734375,79
416,70,0.029996871948242188,79
417,44,0.03200125694274902,79
418,24,0.02699732780456543,79
419,10,0.029000520706176758,79
420,24,0.026001930236816406,79
421,8,0.02899909019470215,79
422,40,0.03400540351867676,79
423,27,0.026998281478881836,79
424,72,0.02499842643737793,79
425,31,0.028997421264648438,79
426,25,0.03399991989135742,79
427,24,0.03399300575256348,79
428,8,0.03000044822692871,79
429,11,0.029003620147705078,79
430,47,0.03399944305419922,79
431,74,0.029001951217651367,79
432,10,0.031003236770629883,79
433,54,0.029998779296875,79
434,38,0.02799510955810547,79
435,28,0.029004812240600586,79
436,56,0.030996084213256836,79
437,24,0.03400421142578125,79
438,23,0.03200125694274902,79
439,15,0.029998064041137695,79
440,36,0.0279996395111084,79
441,49,0.03199934959411621,79
442,13,0.03600716590881348,79
443,100,0.033994197845458984,79
444,100,0.032033681869506836,79
445,10,0.031002521514892578,79
446,27,0.03099799156188965,79
447,21,0.03099989891052246,79
448,20,0.03300333023071289,79
449,15,0.029999494552612305,79
450,50,0.030000925064086914,79
451,18,0.03099679946899414,79
452,19,0.028005599975585938,79
453,86,0.027997732162475586,79
454,52,0.029999494552612305,79
455,28,0.02699565887451172,79
456,62,0.03200554847717285,79
457,14,0.032994747161865234,79
458,33,0.025005340576171875,79
459,54,0.02699565887451172,79
460,37,0.03005385398864746,79
461,100,0.03700137138366699,79
462,28,0.040006160736083984,79
463,64,0.04199790954589844,79
464,24,0.04400300979614258,79
465,32,0.03699970245361328,79
466,69,0.03605318069458008,79
467,28,0.050000905990600586,79
468,63,0.053999900817871094,79
469,34,0.04199981689453125,79
470,42,0.036998748779296875,79
471,100,0.03300070762634277,79
472,63,0.033000946044921875,79
473,100,0.028998136520385742,79
474,69,0.04100370407104492,79
475,36,0.03000044822692871,79
476,31,0.031053543090820312,79
477,43,0.027002811431884766,79
478,30,0.028999805450439453,79
479,30,0.02902841567993164,79
480,31,0.026969194412231445,79
481,41,0.028006315231323242,79
482,8,0.029969215393066406,79
483,16,0.0320284366607666,79
484,100,0.031002044677734375,79
485,15,0.02900218963623047,79
486,100,0.03299713134765625,79
487,57,0.03199887275695801,79
488,59,0.027995586395263672,79
489,31,0.02899622917175293,79
490,35,0.02800607681274414,79
491,46,0.02599930763244629,79
492,100,0.026998281478881836,79
493,22,0.03553152084350586,79
494,8,0.03498482704162598,79
495,100,0.027999162673950195,79
496,34,0.02902507781982422,79
497,100,0.02599930763244629,79
498,77,0.02797555923461914,79
499,100,0.028992176055908203,79
500,33,0.029004573822021484,79
501,58,0.030002117156982422,79
502,77,0.02899312973022461,79
503,79,0.029035568237304688,79
504,27,0.029997825622558594,79
505,20,0.03499937057495117,79
506,12,0.03900146484375,79
507,40,0.025997161865234375,79
508,38,0.028003931045532227,79
509,33,0.02799534797668457,79
510,35,0.02908039093017578,79
511,22,0.025002479553222656,79
512,23,0.026022911071777344,79
513,20,0.024994611740112305,79
514,42,0.02698373794555664,79
515,65,0.026001691818237305,79
516,78,0.025995254516601562,79
517,21,0.027003765106201172,79
518,34,0.025026559829711914,79
519,14,0.031054258346557617,79
520,28,0.028994321823120117,79
521,20,0.03200554847717285,79
522,67,0.03199958801269531,79
523,16,0.02398967742919922,79
524,21,0.02800297737121582,79
525,41,0.026000022888183594,79
526,14,0.03199481964111328,79
527,64,0.028003215789794922,79
528,43,0.02801990509033203,79
529,19,0.027980327606201172,79
530,28,0.026022672653198242,79
531,20,0.027001380920410156,79
532,44,0.03800034523010254,79
533,85,0.05800056457519531,79
534,65,0.07399749755859375,79
535,20,0.043991804122924805,79
536,10,0.031027555465698242,79
537,30,0.03700137138366699,79
538,18,0.04204678535461426,79
539,30,0.029996156692504883,79
540,80,0.027001380920410156,79
541,27,0.030997514724731445,79
542,29,0.031000614166259766,79
543,14,0.034001827239990234,79
544,32,0.029003620147705078,79
545,25,0.03154325485229492,79
546,38,0.03400373458862305,79
547,100,0.028995752334594727,79
548,29,0.03500485420227051,79
549,39,0.033000946044921875,79
550,45,0.026996850967407227,79
551,100,0.03300070762634277,79
552,55,0.02699756622314453,79
553,100,0.029058456420898438,79
554,29,0.03499865531921387,79
555,60,0.02700352668762207,79
556,43,0.03499650955200195,79
557,11,0.02800774574279785,79
558,53,0.03299427032470703,79
559,18,0.028982877731323242,79
560,94,0.029001951217651367,79
561,32,0.028999805450439453,79
562,95,0.028995990753173828,79
563,35,0.032004356384277344,79
564,50,0.025998830795288086,79
565,49,0.026010990142822266,79
566,31,0.02854013442993164,79
567,45,0.0329890251159668,79
568,100,0.025995492935180664,79
569,100,0.02601909637451172,79
570,31,0.035017967224121094,79
571,99,0.028963327407836914,79
572,41,0.031033754348754883,79
573,14,0.031995534896850586,79
574,27,0.029971837997436523,79
575,63,0.024009227752685547,79
576,52,0.024982213973999023,79
577,17,0.023024559020996094,79
578,20,0.027979612350463867,79
579,67,0.02399921417236328,79
580,50,0.029999732971191406,79
581,37,0.03399991989135742,79
582,56,0.027996540069580078,79
583,22,0.029002904891967773,79
584,40,0.03000187873840332,79
585,36,0.023998260498046875,79
586,23,0.02300262451171875,79
587,37,0.03200054168701172,79
588,25,0.02799534797668457,79
589,58,0.02601933479309082,79
590,25,0.023999452590942383,79
591,29,0.034021615982055664,79
592,14,0.029979467391967773,79
593,25,0.033998727798461914,79
594,8,0.02704930305480957,79
595,53,0.032956600189208984,79
596,21,0.023995399475097656,79
597,7,0.025998353958129883,79
598,18,0.026002168655395508,79
599,54,0.035001516342163086,79
600,11,0.026997089385986328,79
601,32,0.025002717971801758,79
602,30,0.025999069213867188,79
603,50,0.02699756622314453,79
604,48,0.02701854705810547,79
605,34,0.02801227569580078,79
606,38,0.023970842361450195,79
607,100,0.025994062423706055,79
608,54,0.02403545379638672,79
609,26,0.02496480941772461,79
610,100,0.02500176429748535,79
611,76,0.0250091552734375,79
612,20,0.02501964569091797,79
613,14,0.022968292236328125,79
614,66,0.031004667282104492,79
615,31,0.02703261375427246,79
616,18,0.02896714210510254,79
617,77,0.026032209396362305,79
618,15,0.031976938247680664,79
619,54,0.022994279861450195,79
620,100,0.032006263732910156,79
621,39,0.023996591567993164,79
622,20,0.023000001907348633,79
623,34,0.029999494552612305,79
624,32,0.02499985694885254,79
625,44,0.029023408889770508,79
626,35,0.023964881896972656,79
627,62,0.03501415252685547,79
628,24,0.025012969970703125,79
629,21,0.02599477767944336,79
630,100,0.02402186393737793,79
631,20,0.022976160049438477,79
632,12,0.026005029678344727,79
633,46,0.026996135711669922,79
634,26,0.023999691009521484,79
635,29,0.024001598358154297,79
636,100,0.028006792068481445,79
637,23,0.02499985694885254,79
638,16,0.03003549575805664,79
639,13,0.028998613357543945,79
640,82,0.03000497817993164,79
641,41,0.033004045486450195,79
642,15,0.0370025634765625,79
643,65,0.030971288681030273,79
644,30,0.03200531005859375,79
645,23,0.024513721466064453,79
646,97,0.026996135711669922,79
647,83,0.023987293243408203,79
648,16,0.024994373321533203,79
649,12,0.024619340896606445,79
650,43,0.025004148483276367,79
651,16,0.023999452590942383,79
652,59,0.02299976348876953,79
653,14,0.036017417907714844,79
654,49,0.030983924865722656,79
655,51,0.02797102928161621,79
656,44,0.033551931381225586,79
657,100,0.02899789810180664,79
658,45,0.028998136520385742,79
659,13,0.02399611473083496,79
660,50,0.0250093936920166,79
661,16,0.023033618927001953,79
662,21,0.02698063850402832,79
663,9,0.027989625930786133,79
664,33,0.027011871337890625,79
665,19,0.03197431564331055,79
666,66,0.024995803833007812,79
667,22,0.023999929428100586,79
668,12,0.027004003524780273,79
669,13,0.025000572204589844,79
670,18,0.032000064849853516,79
671,67,0.027994632720947266,79
672,23,0.02400064468383789,79
673,20,0.02800297737121582,79
674,15,0.03199601173400879,79
675,17,0.029003381729125977,79
676,45,0.024998903274536133,79
677,88,0.0270230770111084,79
678,40,0.02399158477783203,79
679,43,0.02699565887451172,79
680,17,0.0350031852722168,79
681,22,0.03103017807006836,79
682,65,0.02196526527404785,79
683,27,0.026020526885986328,79
684,93,0.0350337028503418,79
685,52,0.027993440628051758,79
686,11,0.023001432418823242,79
687,34,0.02699875831604004,79
688,63,0.02400970458984375,79
689,23,0.026995182037353516,79
690,73,0.03300166130065918,79
691,17,0.028026342391967773,79
692,28,0.023973464965820312,79
693,60,0.027996063232421875,79
694,73,0.03100132942199707,79
695,26,0.023003101348876953,79
696,75,0.02399587631225586,79
697,18,0.02300429344177246,79
698,40,0.022956132888793945,79
699,28,0.023966073989868164,79
700,28,0.028002500534057617,79
701,100,0.02999591827392578,79
702,78,0.025001049041748047,79
703,45,0.03399920463562012,79
704,12,0.03199577331542969,79
705,73,0.02761530876159668,79
706,62,0.022985219955444336,79
707,17,0.02602696418762207,79
708,100,0.023993253707885742,79
709,37,0.030987024307250977,79
710,27,0.026998043060302734,79
711,46,0.024005651473999023,79
712,33,0.024994611740112305,79
713,20,0.027002334594726562,79
714,29,0.032004356384277344,79
715,83,0.02699899673461914,79
716,23,0.02799534797668457,79
717,9,0.02900552749633789,79
718,13,0.026994705200195312,79
719,100,0.033002376556396484,79
720,71,0.026039600372314453,79
721,13,0.025998592376708984,79
722,100,0.024006366729736328,79
723,17,0.024030685424804688,79
724,12,0.024997234344482422,79
725,66,0.023970365524291992,79
726,55,0.04062771797180176,79
727,59,0.029009342193603516,79
728,97,0.02297520637512207,79
729,20,0.024004697799682617,79
730,66,0.030999183654785156,79
731,100,0.028960466384887695,79
732,46,0.025999784469604492,79
733,26,0.029006481170654297,79
734,89,0.029004335403442383,79
735,20,0.028003454208374023,79
736,46,0.024996280670166016,79
737,31,0.03198742866516113,79
738,59,0.025995969772338867,79
739,18,0.0279996395111084,79
740,100,0.02800583839416504,79
741,52,0.029994487762451172,79
742,15,0.027005434036254883,79
743,17,0.027995586395263672,79
744,25,0.029024362564086914,79
745,16,0.02997732162475586,79
746,36,0.034114837646484375,79
747,46,0.025027990341186523,79
748,100,0.02399301528930664,79
749,35,0.023998498916625977,79
750,13,0.02400493621826172,79
751,43,0.026999950408935547,79
752,65,0.024021625518798828,79
753,100,0.02497386932373047,79
754,46,0.03010082244873047,79
755,62,0.0229952335357666,79
756,83,0.029028892517089844,79
757,49,0.028018474578857422,79
758,28,0.025966405868530273,79
759,13,0.023002147674560547,79
760,100,0.02500128746032715,79
761,45,0.0260009765625,79
762,45,0.028003454208374023,79
763,18,0.0290069580078125,79
764,26,0.02796459197998047,79
765,74,0.023998022079467773,79
766,18,0.02402472496032715,79
767,29,0.02497577667236328,79
768,11,0.02499556541442871,79
769,18,0.029999494552612305,79
770,68,0.02500176429748535,79
771,17,0.025997400283813477,79
772,46,0.024999141693115234,79
773,25,0.03300023078918457,79
774,100,0.029006242752075195,79
775,100,0.022994279861450195,79
776,28,0.028015851974487305,79
777,35,0.033978939056396484,79
778,82,0.02903914451599121,79
779,71,0.02297806739807129,79
780,34,0.024996280670166016,79
781,21,0.028001785278320312,79
782,13,0.023024559020996094,79
783,11,0.02298140525817871,79
784,34,0.02999591827392578,79
785,69,0.023017168045043945,79
786,17,0.02796649932861328,79
787,31,0.031999826431274414,79
788,22,0.02802252769470215,79
789,67,0.03198361396789551,79
790,15,0.02799677848815918,79
791,80,0.0280306339263916,79
792,60,0.028996944427490234,79
793,35,0.027001619338989258,79
794,97,0.030983686447143555,79
795,100,0.0255279541015625,79
796,18,0.025996685028076172,79
797,36,0.03099989891052246,79
798,31,0.03500533103942871,79
799,19,0.0260009765625,79
800,100,0.024003028869628906,79
801,72,0.03199601173400879,79
802,7,0.03400397300720215,79
803,8,0.027550220489501953,79
804,25,0.0269777774810791,79
805,34,0.028997182846069336,79
806,31,0.027001142501831055,79
807,10,0.024001121520996094,79
808,85,0.03699755668640137,79
809,30,0.04103207588195801,79
810,83,0.0339655876159668,79
811,23,0.030010461807250977,79
812,73,0.029989004135131836,79
813,51,0.02601456642150879,79
814,52,0.03200078010559082,79
815,54,0.02703118324279785,79
816,17,0.028554201126098633,79
817,63,0.027977466583251953,79
818,23,0.026007413864135742,79
819,21,0.025990962982177734,79
820,50,0.024975299835205078,79
821,13,0.03200411796569824,79
822,99,0.030997037887573242,79
823,79,0.03054046630859375,79
824,78,0.03598976135253906,79
825,19,0.030010223388671875,79
826,12,0.0360109806060791,79
827,40,0.030980348587036133,79
828,13,0.03300213813781738,79
829,47,0.027001380920410156,79
830,22,0.03199434280395508,79
831,79,0.026000261306762695,79
832,28,0.0260012149810791,79
833,24,0.02800130844116211,79
834,8,0.02399754524230957,79
835,44,0.02599930763244629,79
836,22,0.02802896499633789,79
837,11,0.028964757919311523,79
838,51,0.025999784469604492,79
839,18,0.026003599166870117,79
840,10,0.0280001163482666,79
841,51,0.02799844741821289,79
842,96,0.024008750915527344,79
843,32,0.02597784996032715,79
844,32,0.03200030326843262,79
845,65,0.02706742286682129,79
846,16,0.030998945236206055,79
847,81,0.0270235538482666,79
848,100,0.025017976760864258,79
849,97,0.031003236770629883,79
850,45,0.024993181228637695,79
851,78,0.0240023136138916,79
852,76,0.025510072708129883,79
853,25,0.029000043869018555,79
854,25,0.03399848937988281,79
855,89,0.03099966049194336,79
856,82,0.02399921417236328,79
857,38,0.02800893783569336,79
858,37,0.026987791061401367,79
859,15,0.026010751724243164,79
860,8,0.03398919105529785,79
861,25,0.03199625015258789,79
862,69,0.028005361557006836,79
863,30,0.029978513717651367,79
864,28,0.026000499725341797,79
865,23,0.03599834442138672,79
866,46,0.03100109100341797,79
867,13,0.02899622917175293,79
868,100,0.030994653701782227,79
869,14,0.029999971389770508,79
870,28,0.0260012149810791,79
871,53,0.02499866485595703,79
872,75,0.030998706817626953,79
873,44,0.030002117156982422,79
874,13,0.029026269912719727,79
875,100,0.023972272872924805,79
876,62,0.02800464630126953,79
877,48,0.030995845794677734,79
878,43,0.028000354766845703,79
879,35,0.03200054168701172,79
880,40,0.028996706008911133,79
881,42,0.0319979190826416,79
882,75,0.0299990177154541,79
883,65,0.02703118324279785,79
884,47,0.02797698974609375,79
885,22,0.03299903869628906,79
886,41,0.027983903884887695,79
887,93,0.03499722480773926,79
888,26,0.025996923446655273,79
889,9,0.02600407600402832,79
890,51,0.026995420455932617,79
891,20,0.03500175476074219,79
892,53,0.031003713607788086,79
893,21,0.026996850967407227,79
894,13,0.02700495719909668,79
895,22,0.0279996395111084,79
896,56,0.026000261306762695,79
897,20,0.025002241134643555,79
898,25,0.03099656105041504,79
899,38,0.02701735496520996,79
900,78,0.02698373794555664,79
901,51,0.028001785278320312,79
902,26,0.026994705200195312,79
903,56,0.03200078010559082,79
904,40,0.03000020980834961,79
905,8,0.03399968147277832,79
906,29,0.029995441436767578,79
907,52,0.030002355575561523,79
908,35,0.03310346603393555,79
909,54,0.02697920799255371,79
910,52,0.026983022689819336,79
911,100,0.024003028869628906,79
912,23,0.0279996395111084,79
913,17,0.029998779296875,79
914,46,0.03000044822692871,79
915,13,0.025509119033813477,79
916,50,0.026999950408935547,79
917,100,0.03200340270996094,79
918,43,0.02500009536743164,79
919,38,0.023020029067993164,79
920,11,0.02297520637512207,79
921,25,0.02500009536743164,79
922,45,0.02700018882751465,79
923,20,0.023029804229736328,79
924,57,0.02497720718383789,79
925,54,0.02502608299255371,79
926,100,0.02499079704284668,79
927,26,0.026004314422607422,79
928,9,0.030995607376098633,79
929,43,0.027005672454833984,79
930,30,0.02400660514831543,79
931,23,0.023988008499145508,79
932,95,0.024003267288208008,79
933,92,0.023999452590942383,79
934,44,0.02296924591064453,79
935,85,0.03099989891052246,79
936,86,0.02303028106689453,79
937,15,0.027019023895263672,79
938,23,0.028968334197998047,79
939,61,0.028995037078857422,79
940,66,0.02299976348876953,79
941,34,0.02500128746032715,79
942,46,0.03300023078918457,79
943,26,0.031013011932373047,79
944,47,0.026001930236816406,79
945,36,0.029033184051513672,79
946,33,0.026982545852661133,79
947,60,0.02699875831604004,79
948,63,0.026998281478881836,79
949,48,0.029999971389770508,79
950,39,0.024001121520996094,79
951,18,0.02403569221496582,79
952,100,0.031983137130737305,79
953,18,0.02300095558166504,79
954,19,0.0279848575592041,79
955,10,0.03300142288208008,79
956,44,0.028006792068481445,79
957,43,0.02596759796142578,79
958,29,0.025998830795288086,79
959,62,0.03099966049194336,79
960,37,0.02400040626525879,79
961,25,0.024024009704589844,79
962,70,0.02502918243408203,79
963,22,0.029992103576660156,79
964,12,0.031001567840576172,79
965,34,0.028998136520385742,79
966,39,0.03199434280395508,79
967,94,0.026015758514404297,79
968,25,0.026996612548828125,79
969,60,0.0319974422454834,79
970,62,0.030994415283203125,79
971,89,0.024005413055419922,79
972,75,0.0260012149810791,79
973,78,0.02499985694885254,79
974,63,0.024985790252685547,79
975,30,0.027994871139526367,79
976,84,0.028004884719848633,79
977,7,0.028999805450439453,79
978,68,0.029001235961914062,79
979,100,0.024971723556518555,79
980,100,0.02600264549255371,79
981,8,0.026137590408325195,79
982,23,0.030995845794677734,79
983,49,0.027979373931884766,79
984,65,0.02599644660949707,79
985,23,0.027004241943359375,79
986,28,0.02199578285217285,79
987,77,0.025997161865234375,79
988,30,0.02700042724609375,79
989,77,0.026575326919555664,79
990,14,0.024995803833007812,79
991,8,0.030426740646362305,79
992,31,0.024030447006225586,79
993,24,0.027958154678344727,79
994,26,0.031000137329101562,79
995,26,0.028003692626953125,79
996,22,0.0260007381439209,79
997,100,0.026001930236816406,79
998,17,0.0279996395111084,79
999,13,0.02753472328186035,79
