Episode,Steps,Time,Converged at Iterations
0,53,0.02655172348022461,79
1,100,0.021024227142333984,79
2,57,0.02299952507019043,79
3,22,0.025005578994750977,79
4,40,0.024010419845581055,79
5,38,0.022986173629760742,79
6,18,0.021999835968017578,79
7,24,0.021013498306274414,79
8,6,0.02298283576965332,79
9,51,0.020599842071533203,79
10,26,0.019963741302490234,79
11,47,0.02102208137512207,79
12,17,0.024549245834350586,79
13,14,0.019994020462036133,79
14,9,0.021033287048339844,79
15,72,0.020968914031982422,79
16,66,0.02398204803466797,79
17,33,0.027000904083251953,79
18,13,0.020999908447265625,79
19,29,0.02100372314453125,79
20,46,0.022997140884399414,79
21,40,0.022591590881347656,79
22,24,0.021984338760375977,79
23,25,0.02499866485595703,79
24,59,0.02200031280517578,79
25,14,0.024030685424804688,79
26,13,0.021987199783325195,79
27,10,0.01998305320739746,79
28,28,0.02299189567565918,79
29,15,0.021993160247802734,79
30,33,0.02099895477294922,79
31,10,0.022998332977294922,79
32,44,0.02201056480407715,79
33,23,0.02299022674560547,79
34,38,0.024008989334106445,79
35,42,0.021010160446166992,79
36,61,0.024020910263061523,79
37,29,0.02197551727294922,79
38,35,0.02099895477294922,79
39,15,0.022997617721557617,79
40,57,0.02199387550354004,79
41,60,0.02301168441772461,79
42,98,0.023003816604614258,79
43,30,0.020999670028686523,79
44,13,0.023003101348876953,79
45,9,0.026027441024780273,79
46,35,0.020975589752197266,79
47,32,0.022985458374023438,79
48,19,0.023003816604614258,79
49,30,0.0220034122467041,79
50,56,0.022988080978393555,79
51,21,0.02301025390625,79
52,22,0.021987438201904297,79
53,32,0.022017955780029297,79
54,27,0.020012617111206055,79
55,32,0.019997358322143555,79
56,7,0.022996902465820312,79
57,19,0.02200031280517578,79
58,17,0.019999027252197266,79
59,27,0.021997690200805664,79
60,24,0.023089885711669922,79
61,100,0.0260007381439209,79
62,65,0.023005962371826172,79
63,14,0.021001815795898438,79
64,38,0.027025699615478516,79
65,22,0.020989656448364258,79
66,30,0.02500748634338379,79
67,29,0.01997971534729004,79
68,63,0.019995450973510742,79
69,65,0.0210726261138916,79
70,19,0.021960973739624023,79
71,66,0.020006179809570312,79
72,47,0.022985219955444336,79
73,42,0.020998477935791016,79
74,41,0.02199244499206543,79
75,26,0.024002790451049805,79
76,17,0.022005319595336914,79
77,7,0.021027326583862305,79
78,28,0.022992610931396484,79
79,17,0.021001100540161133,79
80,68,0.02460193634033203,79
81,14,0.023012161254882812,79
82,17,0.020986080169677734,79
83,27,0.024000883102416992,79
84,100,0.026000261306762695,79
85,15,0.0239717960357666,79
86,49,0.02201247215270996,79
87,18,0.026005268096923828,79
88,55,0.02398061752319336,79
89,38,0.0209810733795166,79
90,13,0.021987438201904297,79
91,40,0.02099609375,79
92,34,0.023984193801879883,79
93,21,0.021004199981689453,79
94,43,0.019992351531982422,79
95,83,0.02398085594177246,79
96,67,0.0209808349609375,79
97,38,0.02003645896911621,79
98,26,0.024982690811157227,79
99,100,0.019994258880615234,79
100,47,0.020000219345092773,79
101,17,0.023031234741210938,79
102,62,0.022971391677856445,79
103,52,0.02397298812866211,79
104,92,0.020007610321044922,79
105,28,0.024975299835205078,79
106,22,0.024034500122070312,79
107,8,0.02397012710571289,79
108,68,0.022992372512817383,79
109,43,0.019012451171875,79
110,73,0.020999908447265625,79
111,100,0.02301478385925293,79
112,37,0.023002147674560547,79
113,23,0.018995046615600586,79
114,24,0.024007558822631836,79
115,8,0.02099895477294922,79
116,16,0.021998167037963867,79
117,18,0.02400040626525879,79
118,35,0.020023107528686523,79
119,44,0.022610187530517578,79
120,88,0.023998022079467773,79
121,66,0.023990869522094727,79
122,11,0.019978046417236328,79
123,31,0.02201366424560547,79
124,10,0.02099895477294922,79
125,100,0.020029544830322266,79
126,8,0.02299952507019043,79
127,24,0.023039817810058594,79
128,40,0.023962020874023438,79
129,83,0.02000594139099121,79
130,43,0.021004438400268555,79
131,34,0.023011207580566406,79
132,31,0.02199554443359375,79
133,42,0.020512104034423828,79
134,66,0.022023439407348633,79
135,30,0.02100086212158203,79
136,34,0.023009061813354492,79
137,13,0.022992610931396484,79
138,19,0.02199721336364746,79
139,25,0.024003982543945312,79
140,100,0.02299976348876953,79
141,15,0.026973247528076172,79
142,100,0.032549381256103516,79
143,89,0.07700061798095703,79
144,33,0.0469973087310791,79
145,31,0.038999080657958984,79
146,57,0.05200004577636719,79
147,59,0.0410006046295166,79
148,12,0.04600262641906738,79
149,20,0.03399538993835449,79
150,24,0.051001548767089844,79
151,40,0.056001901626586914,79
152,52,0.045996904373168945,79
153,32,0.035005807876586914,79
154,22,0.03499960899353027,79
155,38,0.029998779296875,79
156,72,0.035001516342163086,79
157,11,0.0449979305267334,79
158,26,0.02799820899963379,79
159,52,0.025012493133544922,79
160,45,0.024008750915527344,79
161,25,0.02498793601989746,79
162,40,0.02200150489807129,79
163,35,0.0220339298248291,79
164,22,0.024028778076171875,79
165,40,0.023968219757080078,79
166,55,0.02600407600402832,79
167,21,0.030997514724731445,79
168,85,0.03101325035095215,79
169,58,0.022975921630859375,79
170,33,0.025002002716064453,79
171,62,0.02298569679260254,79
172,100,0.021987199783325195,79
173,57,0.022991180419921875,79
174,23,0.020000219345092773,79
175,28,0.022000551223754883,79
176,16,0.024973392486572266,79
177,31,0.021982431411743164,79
178,37,0.021519184112548828,79
179,9,0.019998550415039062,79
180,17,0.02098226547241211,79
181,47,0.022978782653808594,79
182,40,0.02300572395324707,79
183,83,0.021012306213378906,79
184,13,0.022001981735229492,79
185,100,0.023024559020996094,79
186,44,0.029610157012939453,79
187,69,0.02200603485107422,79
188,28,0.023005962371826172,79
189,13,0.021021127700805664,79
190,34,0.023995637893676758,79
191,55,0.019980192184448242,79
192,100,0.022025108337402344,79
193,17,0.021999835968017578,79
194,41,0.023000240325927734,79
195,16,0.022999286651611328,79
196,56,0.021988630294799805,79
197,24,0.021979570388793945,79
198,55,0.020557165145874023,79
199,49,0.02101612091064453,79
200,36,0.023984193801879883,79
201,63,0.02512955665588379,79
202,30,0.021997928619384766,79
203,51,0.021033287048339844,79
204,17,0.024996042251586914,79
205,32,0.019985675811767578,79
206,76,0.021013259887695312,79
207,24,0.021999359130859375,79
208,36,0.021999120712280273,79
209,30,0.021963119506835938,79
210,23,0.022028446197509766,79
211,62,0.021994352340698242,79
212,48,0.02252507209777832,79
213,52,0.021978139877319336,79
214,31,0.02303791046142578,79
215,36,0.022022724151611328,79
216,14,0.020035982131958008,79
217,26,0.024982452392578125,79
218,100,0.021983861923217773,79
219,14,0.025998353958129883,79
220,39,0.02500152587890625,79
221,40,0.02202749252319336,79
222,25,0.024013757705688477,79
223,33,0.021010160446166992,79
224,73,0.02099609375,79
225,22,0.021024227142333984,79
226,41,0.020999908447265625,79
227,29,0.02198028564453125,79
228,30,0.02302241325378418,79
229,32,0.019000530242919922,79
230,62,0.020021438598632812,79
231,37,0.023006916046142578,79
232,9,0.02299356460571289,79
233,62,0.021007061004638672,79
234,25,0.02399158477783203,79
235,23,0.018999814987182617,79
236,31,0.022005319595336914,79
237,100,0.025980472564697266,79
238,61,0.020996570587158203,79
239,36,0.02200031280517578,79
240,100,0.023020505905151367,79
241,36,0.03703641891479492,79
242,57,0.020989656448364258,79
243,39,0.023009061813354492,79
244,38,0.022003650665283203,79
245,76,0.02501082420349121,79
246,9,0.020998001098632812,79
247,50,0.019986629486083984,79
248,20,0.02301478385925293,79
249,29,0.020984172821044922,79
250,100,0.02114129066467285,79
251,23,0.02562570571899414,79
252,16,0.022015810012817383,79
253,41,0.020988941192626953,79
254,33,0.02299785614013672,79
255,55,0.030004501342773438,79
256,100,0.02599191665649414,79
257,37,0.02900528907775879,79
258,6,0.030996084213256836,79
259,44,0.030998706817626953,79
260,49,0.0279996395111084,79
261,13,0.027003765106201172,79
262,31,0.022999286651611328,79
263,43,0.021999597549438477,79
264,41,0.02297186851501465,79
265,27,0.023014307022094727,79
266,64,0.021999835968017578,79
267,20,0.025966644287109375,79
268,49,0.021999597549438477,79
269,18,0.02099156379699707,79
270,100,0.023584842681884766,79
271,52,0.019962072372436523,79
272,24,0.02101302146911621,79
273,10,0.023005008697509766,79
274,100,0.021986722946166992,79
275,15,0.023020267486572266,79
276,34,0.021012306213378906,79
277,22,0.0230255126953125,79
278,21,0.02610015869140625,79
279,29,0.021000146865844727,79
280,69,0.0220184326171875,79
281,23,0.02196955680847168,79
282,11,0.02602386474609375,79
283,23,0.02198028564453125,79
284,22,0.02299356460571289,79
285,20,0.0230104923248291,79
286,24,0.021992921829223633,79
287,66,0.021999597549438477,79
288,16,0.02454972267150879,79
289,22,0.020991802215576172,79
290,36,0.01999187469482422,79
291,100,0.023991823196411133,79
292,34,0.021982431411743164,79
293,28,0.031009912490844727,79
294,13,0.022001266479492188,79
295,75,0.029001712799072266,79
296,13,0.020444631576538086,79
297,13,0.025001049041748047,79
298,23,0.0200045108795166,79
299,19,0.019999027252197266,79
300,53,0.022020816802978516,79
301,30,0.021996021270751953,79
302,100,0.019983530044555664,79
303,100,0.02700018882751465,79
304,44,0.02200031280517578,79
305,29,0.02505803108215332,79
306,16,0.020955801010131836,79
307,45,0.021024465560913086,79
308,8,0.02299642562866211,79
309,100,0.021997928619384766,79
310,39,0.023979663848876953,79
311,22,0.02303028106689453,79
312,27,0.02196979522705078,79
313,100,0.02101302146911621,79
314,21,0.021012306213378906,79
315,16,0.020009517669677734,79
316,32,0.02298879623413086,79
317,21,0.021008014678955078,79
318,100,0.02099013328552246,79
319,21,0.022997379302978516,79
320,8,0.02199697494506836,79
321,23,0.024024009704589844,79
322,36,0.023573875427246094,79
323,54,0.023993492126464844,79
324,59,0.025980710983276367,79
325,47,0.021000385284423828,79
326,24,0.021020174026489258,79
327,28,0.02398085594177246,79
328,55,0.02099752426147461,79
329,40,0.026000022888183594,79
330,8,0.02199840545654297,79
331,100,0.02304363250732422,79
332,33,0.019998550415039062,79
333,69,0.024012327194213867,79
334,20,0.021993398666381836,79
335,100,0.024004459381103516,79
336,30,0.02097940444946289,79
337,18,0.0245821475982666,79
338,45,0.02101731300354004,79
339,54,0.021962642669677734,79
340,16,0.023978233337402344,79
341,100,0.021015644073486328,79
342,17,0.025980472564697266,79
343,13,0.021004199981689453,79
344,69,0.02003169059753418,79
345,100,0.02502584457397461,79
346,59,0.02097153663635254,79
347,54,0.025073528289794922,79
348,15,0.0200042724609375,79
349,69,0.02099776268005371,79
350,19,0.029995441436767578,79
351,61,0.0320131778717041,79
352,50,0.021014928817749023,79
353,79,0.02402210235595703,79
354,23,0.019988298416137695,79
355,27,0.021986961364746094,79
356,53,0.02299785614013672,79
357,27,0.021999597549438477,79
358,17,0.022002696990966797,79
359,86,0.02299952507019043,79
360,26,0.020009994506835938,79
361,37,0.024977922439575195,79
362,35,0.021004199981689453,79
363,33,0.02200007438659668,79
364,10,0.022998571395874023,79
365,34,0.023000240325927734,79
366,46,0.0220947265625,79
367,26,0.022008180618286133,79
368,87,0.022983074188232422,79
369,69,0.020997047424316406,79
370,40,0.023999929428100586,79
371,21,0.021015167236328125,79
372,31,0.020985126495361328,79
373,52,0.023005247116088867,79
374,19,0.02199077606201172,79
375,61,0.023001909255981445,79
376,23,0.02072310447692871,79
377,44,0.029509305953979492,79
378,24,0.028004884719848633,79
379,61,0.025003910064697266,79
380,16,0.02099132537841797,79
381,13,0.023981571197509766,79
382,95,0.02100849151611328,79
383,11,0.023982524871826172,79
384,16,0.021984577178955078,79
385,45,0.022008657455444336,79
386,22,0.02499699592590332,79
387,11,0.020558834075927734,79
388,33,0.023999691009521484,79
389,49,0.024024009704589844,79
390,47,0.023969173431396484,79
391,8,0.022002696990966797,79
392,64,0.021999359130859375,79
393,47,0.02103877067565918,79
394,51,0.02099776268005371,79
395,26,0.02157425880432129,79
396,24,0.02149200439453125,79
397,18,0.02201986312866211,79
398,67,0.022982358932495117,79
399,30,0.02403402328491211,79
400,38,0.021966218948364258,79
401,77,0.021994829177856445,79
402,100,0.023001670837402344,79
403,25,0.021976470947265625,79
404,20,0.02101922035217285,79
405,41,0.02512502670288086,79
406,15,0.026228904724121094,79
407,32,0.028000831604003906,79
408,36,0.020000934600830078,79
409,22,0.024000167846679688,79
410,28,0.020994901657104492,79
411,100,0.020999908447265625,79
412,23,0.022977590560913086,79
413,41,0.02100205421447754,79
414,25,0.02100849151611328,79
415,74,0.023008108139038086,79
416,29,0.022982120513916016,79
417,40,0.02100682258605957,79
418,21,0.025002241134643555,79
419,26,0.021009445190429688,79
420,29,0.021988391876220703,79
421,11,0.020006418228149414,79
422,64,0.02099132537841797,79
423,74,0.02300548553466797,79
424,100,0.0220184326171875,79
425,69,0.022977113723754883,79
426,42,0.022000551223754883,79
427,38,0.02406454086303711,79
428,50,0.019995927810668945,79
429,100,0.023002147674560547,79
430,14,0.021019935607910156,79
431,100,0.02001786231994629,79
432,20,0.023999691009521484,79
433,35,0.02200460433959961,79
434,51,0.0260164737701416,79
435,25,0.020993709564208984,79
436,33,0.02197408676147461,79
437,44,0.01999831199645996,79
438,39,0.02202320098876953,79
439,11,0.020975351333618164,79
440,100,0.022997617721557617,79
441,22,0.02170252799987793,79
442,18,0.02401113510131836,79
443,38,0.02397608757019043,79
444,51,0.02299642562866211,79
445,27,0.025007009506225586,79
446,18,0.02500462532043457,79
447,17,0.024014711380004883,79
448,65,0.023990869522094727,79
449,41,0.02299785614013672,79
450,100,0.020007848739624023,79
451,35,0.024013519287109375,79
452,65,0.019963502883911133,79
453,11,0.02199411392211914,79
454,35,0.02400803565979004,79
455,10,0.022136449813842773,79
456,85,0.019993066787719727,79
457,24,0.02303004264831543,79
458,43,0.020999908447265625,79
459,25,0.023997783660888672,79
460,28,0.020990848541259766,79
461,49,0.020009517669677734,79
462,92,0.02299022674560547,79
463,41,0.0230100154876709,79
464,66,0.022980690002441406,79
465,14,0.024518489837646484,79
466,41,0.021033287048339844,79
467,100,0.02399587631225586,79
468,16,0.021000146865844727,79
469,36,0.01901531219482422,79
470,44,0.023984432220458984,79
471,44,0.02202463150024414,79
472,29,0.021970272064208984,79
473,30,0.02402639389038086,79
474,30,0.022002458572387695,79
475,51,0.022022008895874023,79
476,13,0.021997451782226562,79
477,14,0.023999929428100586,79
478,22,0.02200174331665039,79
479,34,0.022042036056518555,79
480,100,0.021997690200805664,79
481,20,0.024966955184936523,79
482,16,0.025000572204589844,79
483,16,0.024002790451049805,79
484,19,0.021001577377319336,79
485,50,0.02098703384399414,79
486,20,0.01996445655822754,79
487,55,0.02100062370300293,79
488,97,0.025980472564697266,79
489,21,0.021009206771850586,79
490,36,0.020021915435791016,79
491,71,0.02200174331665039,79
492,24,0.021024465560913086,79
493,97,0.02099299430847168,79
494,13,0.024000167846679688,79
495,39,0.020008325576782227,79
496,51,0.0239715576171875,79
497,21,0.020969390869140625,79
498,51,0.021005868911743164,79
499,22,0.01902031898498535,79
500,98,0.022980451583862305,79
501,29,0.020044565200805664,79
502,50,0.02296733856201172,79
503,31,0.022997379302978516,79
504,66,0.02097773551940918,79
505,61,0.022000789642333984,79
506,72,0.023937702178955078,79
507,38,0.02297067642211914,79
508,85,0.02303457260131836,79
509,20,0.020982742309570312,79
510,53,0.022001028060913086,79
511,41,0.024997711181640625,79
512,16,0.02302837371826172,79
513,26,0.024077177047729492,79
514,43,0.02099776268005371,79
515,53,0.020999908447265625,79
516,36,0.022995948791503906,79
517,20,0.019043922424316406,79
518,30,0.02098703384399414,79
519,52,0.022988557815551758,79
520,100,0.022005558013916016,79
521,43,0.02298903465270996,79
522,42,0.028996944427490234,79
523,15,0.021009206771850586,79
524,53,0.02199101448059082,79
525,24,0.022003889083862305,79
526,28,0.02099013328552246,79
527,74,0.02500295639038086,79
528,34,0.020036697387695312,79
529,17,0.0209653377532959,79
530,33,0.024013042449951172,79
531,14,0.021582841873168945,79
532,100,0.022997617721557617,79
533,29,0.020999670028686523,79
534,98,0.019992589950561523,79
535,72,0.02197718620300293,79
536,85,0.02001643180847168,79
537,27,0.021000385284423828,79
538,37,0.024022579193115234,79
539,82,0.02000141143798828,79
540,18,0.024097204208374023,79
541,7,0.023026466369628906,79
542,49,0.02297234535217285,79
543,100,0.026003122329711914,79
544,19,0.021997690200805664,79
545,34,0.023993253707885742,79
546,23,0.021998882293701172,79
547,28,0.020034313201904297,79
548,30,0.020963430404663086,79
549,69,0.024002552032470703,79
550,10,0.02199721336364746,79
551,16,0.02400064468383789,79
552,49,0.021999597549438477,79
553,20,0.021032094955444336,79
554,21,0.02296924591064453,79
555,10,0.02200794219970703,79
556,19,0.019983291625976562,79
557,63,0.02295994758605957,79
558,60,0.020995140075683594,79
559,35,0.02399754524230957,79
560,39,0.024011850357055664,79
561,28,0.02099013328552246,79
562,51,0.02499985694885254,79
563,87,0.02200007438659668,79
564,23,0.02199578285217285,79
565,14,0.02600383758544922,79
566,36,0.02199721336364746,79
567,20,0.020020723342895508,79
568,27,0.022998571395874023,79
569,26,0.024065732955932617,79
570,60,0.023025035858154297,79
571,100,0.02097630500793457,79
572,42,0.022978782653808594,79
573,23,0.021005868911743164,79
574,17,0.020028114318847656,79
575,33,0.024026870727539062,79
576,49,0.02000713348388672,79
577,57,0.022025108337402344,79
578,12,0.023997068405151367,79
579,25,0.01998615264892578,79
580,100,0.020067691802978516,79
581,24,0.02398085594177246,79
582,45,0.02099752426147461,79
583,39,0.02200007438659668,79
584,27,0.02299785614013672,79
585,75,0.02203226089477539,79
586,14,0.021963119506835938,79
587,38,0.025563955307006836,79
588,20,0.021016359329223633,79
589,20,0.024984359741210938,79
590,25,0.021000146865844727,79
591,17,0.02003335952758789,79
592,53,0.02196526527404785,79
593,22,0.0220029354095459,79
594,44,0.02199840545654297,79
595,33,0.02199697494506836,79
596,65,0.0220029354095459,79
597,100,0.02299976348876953,79
598,12,0.02100682258605957,79
599,52,0.020990610122680664,79
600,28,0.02102971076965332,79
601,100,0.024011611938476562,79
602,21,0.0210113525390625,79
603,100,0.01999974250793457,79
604,34,0.022982358932495117,79
605,18,0.020999670028686523,79
606,30,0.02100372314453125,79
607,22,0.026025056838989258,79
608,31,0.020972251892089844,79
609,16,0.027999401092529297,79
610,96,0.02201366424560547,79
611,20,0.02299046516418457,79
612,13,0.0210115909576416,79
613,90,0.020983457565307617,79
614,41,0.022995948791503906,79
615,24,0.022009849548339844,79
616,41,0.023012161254882812,79
617,65,0.022998332977294922,79
618,93,0.021987438201904297,79
619,42,0.022998332977294922,79
620,19,0.022002458572387695,79
621,34,0.022017955780029297,79
622,50,0.02298426628112793,79
623,30,0.021999359130859375,79
624,49,0.020026445388793945,79
625,39,0.020964860916137695,79
626,23,0.0230257511138916,79
627,18,0.020982980728149414,79
628,51,0.022978782653808594,79
629,100,0.020966529846191406,79
630,17,0.02499675750732422,79
631,100,0.022007226943969727,79
632,32,0.021999120712280273,79
633,24,0.021008729934692383,79
634,20,0.022014141082763672,79
635,34,0.02301192283630371,79
636,35,0.02098822593688965,79
637,43,0.022026777267456055,79
638,19,0.020976781845092773,79
639,64,0.021998167037963867,79
640,56,0.02099776268005371,79
641,32,0.021998167037963867,79
642,11,0.024015426635742188,79
643,31,0.021971940994262695,79
644,14,0.021015167236328125,79
645,45,0.024990558624267578,79
646,24,0.02201223373413086,79
647,13,0.019034385681152344,79
648,21,0.02302265167236328,79
649,67,0.02102065086364746,79
650,65,0.02298283576965332,79
651,24,0.02399587631225586,79
652,63,0.021005630493164062,79
653,44,0.025023698806762695,79
654,25,0.021987438201904297,79
655,58,0.02299809455871582,79
656,24,0.021997928619384766,79
657,18,0.020999908447265625,79
658,37,0.021001577377319336,79
659,33,0.023027658462524414,79
660,54,0.020986318588256836,79
661,9,0.022977590560913086,79
662,57,0.02300739288330078,79
663,72,0.020986318588256836,79
664,16,0.023021221160888672,79
665,43,0.021984338760375977,79
666,20,0.021023273468017578,79
667,64,0.021976232528686523,79
668,20,0.02198004722595215,79
669,42,0.021000146865844727,79
670,18,0.021998167037963867,79
671,14,0.024996042251586914,79
672,53,0.023999691009521484,79
673,92,0.022997140884399414,79
674,76,0.0239715576171875,79
675,14,0.022001981735229492,79
676,23,0.021776676177978516,79
677,95,0.021039485931396484,79
678,67,0.023997068405151367,79
679,56,0.020014047622680664,79
680,23,0.021984338760375977,79
681,95,0.023026466369628906,79
682,43,0.02198052406311035,79
683,10,0.02499842643737793,79
684,9,0.021991252899169922,79
685,27,0.02399611473083496,79
686,43,0.02199864387512207,79
687,59,0.02200460433959961,79
688,47,0.02100372314453125,79
689,83,0.021001815795898438,79
690,100,0.02399897575378418,79
691,8,0.023013830184936523,79
692,17,0.0229799747467041,79
693,50,0.021016836166381836,79
694,47,0.02317976951599121,79
695,48,0.02280902862548828,79
696,17,0.025997638702392578,79
697,73,0.0240023136138916,79
698,64,0.024021625518798828,79
699,21,0.021000146865844727,79
700,39,0.02399587631225586,79
701,27,0.022993803024291992,79
702,41,0.020022869110107422,79
703,19,0.023010730743408203,79
704,23,0.02096700668334961,79
705,43,0.021526813507080078,79
706,34,0.020004987716674805,79
707,60,0.019005775451660156,79
708,45,0.02101278305053711,79
709,23,0.022988319396972656,79
710,37,0.02001810073852539,79
711,43,0.023979902267456055,79
712,55,0.02299785614013672,79
713,42,0.023033857345581055,79
714,16,0.019995927810668945,79
715,14,0.021976470947265625,79
716,33,0.021031856536865234,79
717,26,0.019970417022705078,79
718,20,0.021985530853271484,79
719,86,0.02103590965270996,79
720,80,0.02001500129699707,79
721,36,0.02297377586364746,79
722,17,0.022003173828125,79
723,78,0.021002531051635742,79
724,26,0.02302861213684082,79
725,100,0.021970033645629883,79
726,97,0.021988868713378906,79
727,15,0.023020029067993164,79
728,23,0.02299356460571289,79
729,18,0.02501988410949707,79
730,79,0.022963285446166992,79
731,17,0.023047447204589844,79
732,77,0.021968841552734375,79
733,18,0.021010637283325195,79
734,100,0.02198648452758789,79
735,23,0.02099895477294922,79
736,61,0.02199530601501465,79
737,19,0.024002790451049805,79
738,17,0.0220186710357666,79
739,30,0.022019147872924805,79
740,37,0.02596592903137207,79
741,62,0.025018930435180664,79
742,29,0.02402973175048828,79
743,35,0.022024154663085938,79
744,26,0.02297663688659668,79
745,53,0.01998591423034668,79
746,67,0.02303171157836914,79
747,21,0.020999908447265625,79
748,55,0.02097916603088379,79
749,36,0.022016525268554688,79
750,12,0.02100348472595215,79
751,100,0.024997472763061523,79
752,16,0.020032405853271484,79
753,96,0.0219876766204834,79
754,47,0.021010398864746094,79
755,26,0.020975351333618164,79
756,55,0.024026155471801758,79
757,79,0.022984981536865234,79
758,30,0.024003028869628906,79
759,57,0.021998882293701172,79
760,16,0.021026611328125,79
761,25,0.021984338760375977,79
762,14,0.022014141082763672,79
763,21,0.02197861671447754,79
764,54,0.022000551223754883,79
765,100,0.02203083038330078,79
766,9,0.02200770378112793,79
767,25,0.02096390724182129,79
768,28,0.026004314422607422,79
769,39,0.01902604103088379,79
770,47,0.021997690200805664,79
771,14,0.02200937271118164,79
772,62,0.01999688148498535,79
773,34,0.024990320205688477,79
774,28,0.020003795623779297,79
775,62,0.020000934600830078,79
776,49,0.02200007438659668,79
777,18,0.02107834815979004,79
778,27,0.022977828979492188,79
779,14,0.02098369598388672,79
780,54,0.022029876708984375,79
781,46,0.022007226943969727,79
782,72,0.023023128509521484,79
783,42,0.02099752426147461,79
784,35,0.022019147872924805,79
785,100,0.026981592178344727,79
786,100,0.022979259490966797,79
787,79,0.023017168045043945,79
788,30,0.021999597549438477,79
789,100,0.02298569679260254,79
790,10,0.02200484275817871,79
791,22,0.020021677017211914,79
792,42,0.022006988525390625,79
793,25,0.022532939910888672,79
794,21,0.02303767204284668,79
795,63,0.02196526527404785,79
796,58,0.022029876708984375,79
797,69,0.021991252899169922,79
798,37,0.021991491317749023,79
799,41,0.020966053009033203,79
800,54,0.02102804183959961,79
801,84,0.021971702575683594,79
802,29,0.020999908447265625,79
803,31,0.01901555061340332,79
804,100,0.0209958553314209,79
805,62,0.02299213409423828,79
806,14,0.020978689193725586,79
807,9,0.023987770080566406,79
808,16,0.022004365921020508,79
809,11,0.020999670028686523,79
810,78,0.02001667022705078,79
811,43,0.023996829986572266,79
812,52,0.022029399871826172,79
813,42,0.020966291427612305,79
814,18,0.021999359130859375,79
815,24,0.024096012115478516,79
816,24,0.020010709762573242,79
817,34,0.02500176429748535,79
818,46,0.02101731300354004,79
819,19,0.019033432006835938,79
820,21,0.024964570999145508,79
821,57,0.020005464553833008,79
822,71,0.020987987518310547,79
823,26,0.024007797241210938,79
824,38,0.020995140075683594,79
825,26,0.024857044219970703,79
826,36,0.023004531860351562,79
827,100,0.022000551223754883,79
828,16,0.022002696990966797,79
829,100,0.023998260498046875,79
830,56,0.022982358932495117,79
831,36,0.021994829177856445,79
832,26,0.020008563995361328,79
833,38,0.022001981735229492,79
834,16,0.022997379302978516,79
835,54,0.020030736923217773,79
836,59,0.024969100952148438,79
837,77,0.019008636474609375,79
838,49,0.01960587501525879,79
839,30,0.025002717971801758,79
840,32,0.021070003509521484,79
841,11,0.02094554901123047,79
842,38,0.022991657257080078,79
843,36,0.02299642562866211,79
844,84,0.0240020751953125,79
845,15,0.023014307022094727,79
846,38,0.02199077606201172,79
847,53,0.0230100154876709,79
848,40,0.021999359130859375,79
849,56,0.022993803024291992,79
850,10,0.022021770477294922,79
851,31,0.02098560333251953,79
852,45,0.022992849349975586,79
853,29,0.022999048233032227,79
854,11,0.01900029182434082,79
855,16,0.024992942810058594,79
856,28,0.022995948791503906,79
857,39,0.027008056640625,79
858,51,0.020985126495361328,79
859,18,0.021034955978393555,79
860,11,0.022966623306274414,79
861,51,0.024008750915527344,79
862,35,0.022975921630859375,79
863,82,0.023000717163085938,79
864,19,0.023000240325927734,79
865,13,0.021001100540161133,79
866,54,0.025996923446655273,79
867,9,0.024027347564697266,79
868,79,0.021975994110107422,79
869,53,0.026510953903198242,79
870,32,0.023015975952148438,79
871,52,0.021023273468017578,79
872,48,0.022979021072387695,79
873,55,0.026011228561401367,79
874,50,0.024013042449951172,79
875,18,0.023000240325927734,79
876,100,0.021999835968017578,79
877,19,0.02799701690673828,79
878,47,0.0240023136138916,79
879,19,0.02099752426147461,79
880,55,0.019982099533081055,79
881,39,0.025990724563598633,79
882,48,0.021019935607910156,79
883,82,0.02199840545654297,79
884,100,0.023002147674560547,79
885,51,0.02298426628112793,79
886,39,0.022045612335205078,79
887,66,0.02101898193359375,79
888,35,0.021997451782226562,79
889,23,0.02100062370300293,79
890,31,0.0250093936920166,79
891,11,0.02199530601501465,79
892,15,0.023006677627563477,79
893,69,0.01999068260192871,79
894,45,0.01998424530029297,79
895,29,0.024102210998535156,79
896,24,0.02301025390625,79
897,17,0.020994186401367188,79
898,70,0.021996736526489258,79
899,100,0.022002458572387695,79
900,21,0.020006418228149414,79
901,21,0.02296757698059082,79
902,100,0.024008989334106445,79
903,31,0.02501201629638672,79
904,25,0.02202153205871582,79
905,19,0.023540019989013672,79
906,13,0.021996021270751953,79
907,63,0.022032499313354492,79
908,100,0.022988080978393555,79
909,15,0.021967172622680664,79
910,75,0.0240023136138916,79
911,35,0.024001121520996094,79
912,20,0.021000146865844727,79
913,45,0.023999691009521484,79
914,46,0.02100205421447754,79
915,51,0.02103257179260254,79
916,99,0.026999235153198242,79
917,24,0.021022319793701172,79
918,38,0.02297806739807129,79
919,27,0.023996353149414062,79
920,71,0.024027109146118164,79
921,16,0.023992300033569336,79
922,70,0.021975040435791016,79
923,93,0.023010730743408203,79
924,70,0.02102351188659668,79
925,32,0.022962331771850586,79
926,95,0.02102351188659668,79
927,23,0.022014617919921875,79
928,100,0.02298569679260254,79
929,28,0.024999618530273438,79
930,15,0.02300858497619629,79
931,8,0.023021459579467773,79
932,49,0.020969152450561523,79
933,80,0.024016141891479492,79
934,23,0.021015405654907227,79
935,12,0.020987749099731445,79
936,57,0.021999597549438477,79
937,53,0.023016929626464844,79
938,13,0.02501082420349121,79
939,10,0.02298879623413086,79
940,14,0.02003169059753418,79
941,11,0.024028539657592773,79
942,19,0.01899266242980957,79
943,34,0.02138972282409668,79
944,35,0.023998737335205078,79
945,45,0.02100062370300293,79
946,36,0.023024320602416992,79
947,30,0.023973464965820312,79
948,85,0.024001598358154297,79
949,35,0.021001815795898438,79
950,100,0.02199840545654297,79
951,64,0.020993709564208984,79
952,13,0.01898670196533203,79
953,32,0.022004127502441406,79
954,18,0.02201676368713379,79
955,16,0.02498626708984375,79
956,47,0.02099156379699707,79
957,36,0.02100849151611328,79
958,35,0.023980379104614258,79
959,54,0.02299213409423828,79
960,15,0.024001359939575195,79
961,28,0.02202892303466797,79
962,66,0.020992040634155273,79
963,22,0.022012710571289062,79
964,6,0.022992849349975586,79
965,77,0.021032333374023438,79
966,7,0.019983768463134766,79
967,93,0.022025585174560547,79
968,19,0.02100062370300293,79
969,38,0.02102518081665039,79
970,62,0.023986339569091797,79
971,60,0.019988536834716797,79
972,31,0.019997119903564453,79
973,38,0.024001359939575195,79
974,30,0.020993709564208984,79
975,100,0.02100539207458496,79
976,31,0.02400374412536621,79
977,87,0.022976398468017578,79
978,9,0.0229952335357666,79
979,8,0.020990848541259766,79
980,34,0.023601531982421875,79
981,33,0.02899932861328125,79
982,50,0.02301192283630371,79
983,14,0.021020889282226562,79
984,20,0.021982908248901367,79
985,18,0.020998477935791016,79
986,100,0.024024009704589844,79
987,24,0.019988059997558594,79
988,86,0.022985219955444336,79
989,38,0.04156661033630371,79
990,69,0.023020267486572266,79
991,25,0.021998882293701172,79
992,30,0.02299976348876953,79
993,39,0.022001028060913086,79
994,26,0.020981311798095703,79
995,15,0.024044513702392578,79
996,12,0.021955251693725586,79
997,26,0.02099919319152832,79
998,30,0.02299666404724121,79
999,41,0.023024320602416992,79
