Episode,Steps,Time,Converged at Iterations
0,60,0.02800154685974121,79
1,57,0.025974512100219727,79
2,20,0.02500128746032715,79
3,34,0.022994518280029297,79
4,63,0.02500462532043457,79
5,9,0.029000282287597656,79
6,36,0.025002002716064453,79
7,9,0.02699565887451172,79
8,31,0.024012327194213867,79
9,21,0.021003007888793945,79
10,19,0.021997690200805664,79
11,13,0.04599785804748535,79
12,47,0.023010730743408203,79
13,22,0.021000385284423828,79
14,100,0.022998332977294922,79
15,14,0.025001049041748047,79
16,62,0.020998001098632812,79
17,84,0.02200913429260254,79
18,65,0.022028684616088867,79
19,10,0.022996902465820312,79
20,59,0.02599811553955078,79
21,63,0.020029544830322266,79
22,16,0.019974708557128906,79
23,26,0.024997949600219727,79
24,94,0.021993398666381836,79
25,27,0.035007476806640625,79
26,12,0.03299283981323242,79
27,39,0.04200387001037598,79
28,36,0.03299975395202637,79
29,19,0.03800177574157715,79
30,100,0.026996135711669922,79
31,48,0.02299952507019043,79
32,65,0.023001432418823242,79
33,45,0.02199840545654297,79
34,30,0.022004127502441406,79
35,9,0.024025440216064453,79
36,47,0.020014524459838867,79
37,54,0.021000385284423828,79
38,100,0.025998592376708984,79
39,86,0.027004241943359375,79
40,38,0.026456594467163086,79
41,7,0.022004127502441406,79
42,10,0.023999929428100586,79
43,10,0.024001598358154297,79
44,28,0.021007776260375977,79
45,77,0.021985530853271484,79
46,24,0.01999950408935547,79
47,17,0.0230100154876709,79
48,21,0.025008678436279297,79
49,43,0.024984359741210938,79
50,27,0.024008989334106445,79
51,33,0.020809412002563477,79
52,18,0.020978212356567383,79
53,78,0.021003246307373047,79
54,25,0.022971630096435547,79
55,16,0.02299785614013672,79
56,69,0.020996570587158203,79
57,79,0.02700495719909668,79
58,15,0.019001483917236328,79
59,100,0.02299785614013672,79
60,33,0.023002147674560547,79
61,21,0.021015644073486328,79
62,31,0.019978761672973633,79
63,42,0.020006418228149414,79
64,13,0.021996021270751953,79
65,93,0.021042823791503906,79
66,79,0.01999068260192871,79
67,32,0.02399420738220215,79
68,100,0.022998332977294922,79
69,26,0.02499699592590332,79
70,65,0.020036935806274414,79
71,61,0.021967172622680664,79
72,44,0.02200007438659668,79
73,90,0.0200040340423584,79
74,20,0.020998239517211914,79
75,22,0.025994300842285156,79
76,53,0.022997379302978516,79
77,94,0.021039247512817383,79
78,43,0.022975444793701172,79
79,23,0.01999521255493164,79
80,58,0.02002096176147461,79
81,23,0.023995161056518555,79
82,51,0.023997783660888672,79
83,41,0.022002458572387695,79
84,19,0.019000530242919922,79
85,94,0.024002552032470703,79
86,66,0.025030136108398438,79
87,26,0.02196955680847168,79
88,12,0.019997119903564453,79
89,7,0.026004314422607422,79
90,100,0.02199864387512207,79
91,50,0.02200007438659668,79
92,23,0.024013757705688477,79
93,28,0.022077322006225586,79
94,50,0.02599930763244629,79
95,100,0.026001691818237305,79
96,82,0.024006366729736328,79
97,53,0.029987812042236328,79
98,48,0.019999027252197266,79
99,27,0.027004241943359375,79
100,76,0.024017810821533203,79
101,46,0.022012710571289062,79
102,16,0.020028352737426758,79
103,35,0.021994590759277344,79
104,57,0.02603602409362793,79
105,32,0.02196359634399414,79
106,23,0.020000934600830078,79
107,100,0.02300858497619629,79
108,12,0.02198028564453125,79
109,28,0.02299976348876953,79
110,42,0.020937204360961914,79
111,33,0.0200040340423584,79
112,37,0.020017385482788086,79
113,100,0.023993253707885742,79
114,63,0.021996498107910156,79
115,97,0.026004314422607422,79
116,54,0.021001815795898438,79
117,19,0.022020578384399414,79
118,18,0.021984577178955078,79
119,30,0.020998001098632812,79
120,10,0.02000594139099121,79
121,40,0.020979881286621094,79
122,28,0.024998903274536133,79
123,17,0.0229949951171875,79
124,26,0.02201056480407715,79
125,19,0.022989273071289062,79
126,100,0.02200007438659668,79
127,70,0.021008014678955078,79
128,27,0.02097606658935547,79
129,45,0.02300405502319336,79
130,54,0.02303481101989746,79
131,22,0.021960973739624023,79
132,20,0.02200031280517578,79
133,25,0.022001028060913086,79
134,56,0.019994020462036133,79
135,100,0.0240018367767334,79
136,57,0.023009777069091797,79
137,31,0.0229952335357666,79
138,68,0.02100372314453125,79
139,6,0.022994518280029297,79
140,21,0.022004127502441406,79
141,47,0.02302837371826172,79
142,27,0.02197408676147461,79
143,38,0.025548696517944336,79
144,30,0.02599954605102539,79
145,13,0.022998571395874023,79
146,63,0.021999597549438477,79
147,32,0.02600240707397461,79
148,15,0.0240325927734375,79
149,10,0.021971940994262695,79
150,84,0.02200007438659668,79
151,63,0.023979663848876953,79
152,24,0.026999473571777344,79
153,100,0.02599811553955078,79
154,100,0.023996591567993164,79
155,38,0.03600668907165527,79
156,19,0.021996736526489258,79
157,37,0.020002365112304688,79
158,24,0.021001338958740234,79
159,100,0.025010108947753906,79
160,25,0.020995616912841797,79
161,8,0.025002002716064453,79
162,29,0.023998498916625977,79
163,81,0.0279996395111084,79
164,10,0.023001909255981445,79
165,24,0.023998737335205078,79
166,18,0.020003795623779297,79
167,21,0.027976274490356445,79
168,100,0.037996768951416016,79
169,21,0.027000904083251953,79
170,63,0.029984712600708008,79
171,100,0.022002220153808594,79
172,11,0.024980545043945312,79
173,28,0.022019147872924805,79
174,18,0.020990371704101562,79
175,17,0.022980928421020508,79
176,14,0.024004697799682617,79
177,18,0.02970433235168457,79
178,46,0.022993087768554688,79
179,65,0.022005319595336914,79
180,19,0.02899765968322754,79
181,100,0.023000717163085938,79
182,14,0.02299976348876953,79
183,42,0.025020837783813477,79
184,11,0.021999120712280273,79
185,38,0.02501964569091797,79
186,12,0.02409052848815918,79
187,39,0.020980119705200195,79
188,10,0.025993824005126953,79
189,59,0.020999908447265625,79
190,46,0.023003816604614258,79
191,27,0.022000551223754883,79
192,48,0.024027347564697266,79
193,28,0.027014732360839844,79
194,26,0.023001909255981445,79
195,10,0.02208685874938965,79
196,56,0.02099442481994629,79
197,30,0.02201557159423828,79
198,10,0.02298760414123535,79
199,24,0.02099609375,79
200,100,0.022004365921020508,79
201,46,0.021997690200805664,79
202,36,0.02002406120300293,79
203,26,0.021973609924316406,79
204,57,0.02399921417236328,79
205,36,0.024996280670166016,79
206,25,0.0250091552734375,79
207,40,0.021992206573486328,79
208,55,0.02200031280517578,79
209,27,0.02202153205871582,79
210,38,0.020975112915039062,79
211,9,0.027001380920410156,79
212,15,0.021030664443969727,79
213,19,0.021982669830322266,79
214,28,0.023999691009521484,79
215,29,0.021653413772583008,79
216,74,0.022492170333862305,79
217,40,0.023000240325927734,79
218,49,0.02199697494506836,79
219,9,0.026006221771240234,79
220,40,0.019999265670776367,79
221,73,0.021003007888793945,79
222,100,0.023986101150512695,79
223,36,0.02099919319152832,79
224,73,0.023001432418823242,79
225,43,0.020999670028686523,79
226,31,0.02000141143798828,79
227,20,0.02498912811279297,79
228,45,0.02700209617614746,79
229,38,0.020010948181152344,79
230,21,0.022011518478393555,79
231,42,0.02696990966796875,79
232,44,0.02300119400024414,79
233,67,0.021002531051635742,79
234,16,0.020993471145629883,79
235,22,0.02103137969970703,79
236,74,0.01998734474182129,79
237,99,0.028998136520385742,79
238,38,0.02100348472595215,79
239,13,0.0229947566986084,79
240,100,0.022003173828125,79
241,56,0.02201056480407715,79
242,19,0.023998737335205078,79
243,64,0.02299666404724121,79
244,34,0.02300405502319336,79
245,67,0.024030208587646484,79
246,34,0.02198052406311035,79
247,16,0.025009870529174805,79
248,100,0.02098536491394043,79
249,49,0.02200460433959961,79
250,30,0.024010896682739258,79
251,77,0.025986671447753906,79
252,22,0.02199554443359375,79
253,100,0.021000385284423828,79
254,22,0.02399587631225586,79
255,20,0.02099466323852539,79
256,33,0.028005599975585938,79
257,100,0.03199625015258789,79
258,22,0.02202916145324707,79
259,74,0.026987791061401367,79
260,35,0.02199530601501465,79
261,25,0.020005464553833008,79
262,61,0.027994871139526367,79
263,75,0.023039817810058594,79
264,21,0.02696514129638672,79
265,100,0.019998788833618164,79
266,22,0.025999069213867188,79
267,22,0.021966934204101562,79
268,57,0.026000261306762695,79
269,96,0.01899862289428711,79
270,78,0.022018909454345703,79
271,42,0.022997140884399414,79
272,16,0.021987438201904297,79
273,92,0.02213573455810547,79
274,37,0.02501964569091797,79
275,25,0.02198171615600586,79
276,27,0.022995948791503906,79
277,43,0.02300119400024414,79
278,17,0.025999069213867188,79
279,12,0.022001028060913086,79
280,48,0.021018028259277344,79
281,20,0.023978710174560547,79
282,37,0.022010326385498047,79
283,42,0.023970365524291992,79
284,29,0.021999597549438477,79
285,36,0.024016857147216797,79
286,39,0.0249936580657959,79
287,15,0.022039175033569336,79
288,69,0.025966405868530273,79
289,41,0.02699565887451172,79
290,63,0.02199864387512207,79
291,22,0.02100396156311035,79
292,25,0.027090072631835938,79
293,81,0.020000457763671875,79
294,43,0.022980451583862305,79
295,9,0.02700209617614746,79
296,15,0.024999141693115234,79
297,18,0.023034334182739258,79
298,31,0.019960880279541016,79
299,29,0.021006345748901367,79
300,22,0.023993253707885742,79
301,44,0.022001028060913086,79
302,11,0.022523880004882812,79
303,80,0.020007610321044922,79
304,9,0.02199387550354004,79
305,33,0.024000883102416992,79
306,50,0.022002696990966797,79
307,18,0.02199268341064453,79
308,15,0.022001981735229492,79
309,61,0.02006816864013672,79
310,53,0.021002769470214844,79
311,45,0.02700018882751465,79
312,64,0.021998167037963867,79
313,39,0.022977113723754883,79
314,52,0.0220029354095459,79
315,43,0.022000551223754883,79
316,17,0.024997472763061523,79
317,44,0.023011445999145508,79
318,100,0.02512073516845703,79
319,89,0.02400040626525879,79
320,32,0.024006366729736328,79
321,72,0.02198338508605957,79
322,42,0.025027036666870117,79
323,24,0.022006750106811523,79
324,23,0.024002790451049805,79
325,72,0.02096867561340332,79
326,69,0.020994186401367188,79
327,42,0.019999265670776367,79
328,45,0.024001598358154297,79
329,10,0.0200197696685791,79
330,14,0.02151346206665039,79
331,26,0.026521921157836914,79
332,28,0.023000240325927734,79
333,29,0.026000499725341797,79
334,100,0.021996498107910156,79
335,8,0.023004770278930664,79
336,19,0.021995067596435547,79
337,19,0.0240023136138916,79
338,28,0.021033525466918945,79
339,64,0.020967960357666016,79
340,52,0.02150869369506836,79
341,29,0.025011062622070312,79
342,62,0.026990890502929688,79
343,61,0.02199864387512207,79
344,100,0.0260622501373291,79
345,83,0.022001981735229492,79
346,23,0.022003889083862305,79
347,92,0.021994352340698242,79
348,43,0.020999670028686523,79
349,11,0.021004199981689453,79
350,31,0.02500605583190918,79
351,57,0.022023439407348633,79
352,6,0.01998448371887207,79
353,20,0.02603602409362793,79
354,50,0.027017831802368164,79
355,28,0.022002220153808594,79
356,81,0.02200150489807129,79
357,16,0.0239865779876709,79
358,48,0.022996187210083008,79
359,63,0.021013975143432617,79
360,41,0.024999618530273438,79
361,51,0.022998571395874023,79
362,17,0.02602386474609375,79
363,8,0.02097916603088379,79
364,17,0.02099752426147461,79
365,69,0.020998239517211914,79
366,88,0.022002458572387695,79
367,6,0.0279998779296875,79
368,25,0.031002283096313477,79
369,93,0.024996042251586914,79
370,25,0.025000333786010742,79
371,20,0.021001815795898438,79
372,26,0.021027326583862305,79
373,50,0.022996902465820312,79
374,54,0.021999359130859375,79
375,41,0.022003173828125,79
376,43,0.02499675750732422,79
377,100,0.024035215377807617,79
378,67,0.02200007438659668,79
379,22,0.0200045108795166,79
380,14,0.022982120513916016,79
381,32,0.019998788833618164,79
382,14,0.020005226135253906,79
383,39,0.021025657653808594,79
384,39,0.023000240325927734,79
385,64,0.02099895477294922,79
386,43,0.020003557205200195,79
387,24,0.020993709564208984,79
388,8,0.023010730743408203,79
389,82,0.022020816802978516,79
390,33,0.0250394344329834,79
391,28,0.024996280670166016,79
392,55,0.02703237533569336,79
393,100,0.019995927810668945,79
394,15,0.02601790428161621,79
395,10,0.02001667022705078,79
396,36,0.019969701766967773,79
397,8,0.02500176429748535,79
398,48,0.021995067596435547,79
399,100,0.02600264549255371,79
400,36,0.020540714263916016,79
401,58,0.01800680160522461,79
402,100,0.02699899673461914,79
403,26,0.02199530601501465,79
404,21,0.021004915237426758,79
405,41,0.02100062370300293,79
406,90,0.021000146865844727,79
407,83,0.023524761199951172,79
408,21,0.022997140884399414,79
409,33,0.02200031280517578,79
410,25,0.025008678436279297,79
411,46,0.021993398666381836,79
412,33,0.020000696182250977,79
413,6,0.02399754524230957,79
414,13,0.022000551223754883,79
415,53,0.021999359130859375,79
416,24,0.023514270782470703,79
417,100,0.02103257179260254,79
418,40,0.02202463150024414,79
419,47,0.02101612091064453,79
420,63,0.021979331970214844,79
421,21,0.02400064468383789,79
422,21,0.021027326583862305,79
423,57,0.021023035049438477,79
424,30,0.02298259735107422,79
425,45,0.022997140884399414,79
426,47,0.025997400283813477,79
427,25,0.01900005340576172,79
428,19,0.020085811614990234,79
429,29,0.021938800811767578,79
430,44,0.019982337951660156,79
431,62,0.02002882957458496,79
432,27,0.021975994110107422,79
433,27,0.02297687530517578,79
434,58,0.020987749099731445,79
435,24,0.020015478134155273,79
436,67,0.02397942543029785,79
437,19,0.023003578186035156,79
438,30,0.02400064468383789,79
439,62,0.02100825309753418,79
440,13,0.02100396156311035,79
441,81,0.026965856552124023,79
442,49,0.021035194396972656,79
443,15,0.019963979721069336,79
444,40,0.022039175033569336,79
445,40,0.02296614646911621,79
446,10,0.020994901657104492,79
447,11,0.024997711181640625,79
448,32,0.021065235137939453,79
449,40,0.023935317993164062,79
450,45,0.027033567428588867,79
451,11,0.02300405502319336,79
452,25,0.021030426025390625,79
453,86,0.01999974250793457,79
454,22,0.02098989486694336,79
455,50,0.024003028869628906,79
456,17,0.021998167037963867,79
457,64,0.022020339965820312,79
458,15,0.02098822593688965,79
459,59,0.01999187469482422,79
460,43,0.021512508392333984,79
461,60,0.022035837173461914,79
462,31,0.022992610931396484,79
463,14,0.022005319595336914,79
464,36,0.0240020751953125,79
465,12,0.02199077606201172,79
466,29,0.02502131462097168,79
467,41,0.022000789642333984,79
468,14,0.019984006881713867,79
469,65,0.026014328002929688,79
470,33,0.021984338760375977,79
471,14,0.02399897575378418,79
472,53,0.021994352340698242,79
473,99,0.02299976348876953,79
474,20,0.02102375030517578,79
475,62,0.02097630500793457,79
476,34,0.02100372314453125,79
477,41,0.02302074432373047,79
478,31,0.01997852325439453,79
479,18,0.02198648452758789,79
480,44,0.022003889083862305,79
481,61,0.01999211311340332,79
482,100,0.021999597549438477,79
483,12,0.024001121520996094,79
484,31,0.020998001098632812,79
485,13,0.025002241134643555,79
486,35,0.022003650665283203,79
487,63,0.0199892520904541,79
488,25,0.02100539207458496,79
489,30,0.022015094757080078,79
490,42,0.019976139068603516,79
491,29,0.025000333786010742,79
492,22,0.020992517471313477,79
493,34,0.023000240325927734,79
494,25,0.01999688148498535,79
495,66,0.01999068260192871,79
496,29,0.024016618728637695,79
497,44,0.02298712730407715,79
498,43,0.019973039627075195,79
499,13,0.019980907440185547,79
500,62,0.02200174331665039,79
501,34,0.021999120712280273,79
502,48,0.024005889892578125,79
503,8,0.022998332977294922,79
504,23,0.021001577377319336,79
505,100,0.01999497413635254,79
506,11,0.02300882339477539,79
507,70,0.018990039825439453,79
508,54,0.019977807998657227,79
509,34,0.0229952335357666,79
510,31,0.02201223373413086,79
511,72,0.020986318588256836,79
512,48,0.022009611129760742,79
513,44,0.02599477767944336,79
514,19,0.021998882293701172,79
515,100,0.023018360137939453,79
516,27,0.01900196075439453,79
517,38,0.020994186401367188,79
518,59,0.023003101348876953,79
519,28,0.024013996124267578,79
520,11,0.01998448371887207,79
521,27,0.02200460433959961,79
522,28,0.022011756896972656,79
523,86,0.019993066787719727,79
524,31,0.02396249771118164,79
525,29,0.021004676818847656,79
526,20,0.020999431610107422,79
527,100,0.02300286293029785,79
528,33,0.02300572395324707,79
529,79,0.02601027488708496,79
530,23,0.021993637084960938,79
531,62,0.023018836975097656,79
532,27,0.024024009704589844,79
533,20,0.021018028259277344,79
534,100,0.0230104923248291,79
535,44,0.021984338760375977,79
536,10,0.023041963577270508,79
537,40,0.022961139678955078,79
538,22,0.021993637084960938,79
539,42,0.023999452590942383,79
540,76,0.02200150489807129,79
541,24,0.029001951217651367,79
542,29,0.024999141693115234,79
543,27,0.01999974250793457,79
544,20,0.022003650665283203,79
545,11,0.02099323272705078,79
546,81,0.020004749298095703,79
547,20,0.021004676818847656,79
548,76,0.022988319396972656,79
549,94,0.023169279098510742,79
550,23,0.022007465362548828,79
551,100,0.022993803024291992,79
552,17,0.021001338958740234,79
553,33,0.020010709762573242,79
554,12,0.020996809005737305,79
555,75,0.022995710372924805,79
556,33,0.019023418426513672,79
557,54,0.020024538040161133,79
558,17,0.022977113723754883,79
559,15,0.023996829986572266,79
560,45,0.023017168045043945,79
561,19,0.02001333236694336,79
562,100,0.022967100143432617,79
563,100,0.02399921417236328,79
564,100,0.022002696990966797,79
565,83,0.019977331161499023,79
566,33,0.023006677627563477,79
567,72,0.021981000900268555,79
568,14,0.02300262451171875,79
569,27,0.023017406463623047,79
570,21,0.020976781845092773,79
571,20,0.01899886131286621,79
572,28,0.02500438690185547,79
573,11,0.02700185775756836,79
574,23,0.021010637283325195,79
575,65,0.01999497413635254,79
576,33,0.01900005340576172,79
577,42,0.02900218963623047,79
578,72,0.022997617721557617,79
579,13,0.024577856063842773,79
580,96,0.02367544174194336,79
581,36,0.022028207778930664,79
582,21,0.02399754524230957,79
583,34,0.022999048233032227,79
584,49,0.018980026245117188,79
585,100,0.021021366119384766,79
586,20,0.024999380111694336,79
587,21,0.022995948791503906,79
588,33,0.024016141891479492,79
589,59,0.019989490509033203,79
590,33,0.021525859832763672,79
591,33,0.021994352340698242,79
592,11,0.021993160247802734,79
593,79,0.02199697494506836,79
594,21,0.02554464340209961,79
595,63,0.019999980926513672,79
596,17,0.02201104164123535,79
597,35,0.0249786376953125,79
598,23,0.020992755889892578,79
599,17,0.024007081985473633,79
600,68,0.024018526077270508,79
601,75,0.024978160858154297,79
602,20,0.021968603134155273,79
603,26,0.024001359939575195,79
604,29,0.023035526275634766,79
605,9,0.018979549407958984,79
606,100,0.020973920822143555,79
607,89,0.023023605346679688,79
608,16,0.021032333374023438,79
609,34,0.02396678924560547,79
610,14,0.021996259689331055,79
611,72,0.022049665451049805,79
612,54,0.02310013771057129,79
613,24,0.023018360137939453,79
614,58,0.021974563598632812,79
615,28,0.02100825309753418,79
616,24,0.026975393295288086,79
617,16,0.025021791458129883,79
618,35,0.022978782653808594,79
619,31,0.024016618728637695,79
620,80,0.022030115127563477,79
621,54,0.024973630905151367,79
622,65,0.02200150489807129,79
623,33,0.019994020462036133,79
624,12,0.040998220443725586,79
625,100,0.02702498435974121,79
626,63,0.023012876510620117,79
627,15,0.02198648452758789,79
628,28,0.022004365921020508,79
629,41,0.02398967742919922,79
630,47,0.021009445190429688,79
631,70,0.020009994506835938,79
632,25,0.024003267288208008,79
633,80,0.02196478843688965,79
634,39,0.02499866485595703,79
635,100,0.022001981735229492,79
636,100,0.023003578186035156,79
637,35,0.023000478744506836,79
638,13,0.023024559020996094,79
639,14,0.020977020263671875,79
640,14,0.022993803024291992,79
641,13,0.021005630493164062,79
642,18,0.022000789642333984,79
643,9,0.0230257511138916,79
644,82,0.021967649459838867,79
645,50,0.023015737533569336,79
646,22,0.021001577377319336,79
647,38,0.02098250389099121,79
648,56,0.025004148483276367,79
649,36,0.021998882293701172,79
650,16,0.023000240325927734,79
651,50,0.024997472763061523,79
652,24,0.022002696990966797,79
653,28,0.023021936416625977,79
654,55,0.0200040340423584,79
655,18,0.022994279861450195,79
656,26,0.025000572204589844,79
657,22,0.024002790451049805,79
658,16,0.022032499313354492,79
659,69,0.023964881896972656,79
660,26,0.024996519088745117,79
661,87,0.019015073776245117,79
662,30,0.02299022674560547,79
663,68,0.022995948791503906,79
664,20,0.02201223373413086,79
665,100,0.020986318588256836,79
666,40,0.02200007438659668,79
667,58,0.019998788833618164,79
668,7,0.02500605583190918,79
669,47,0.023998498916625977,79
670,59,0.02501225471496582,79
671,19,0.022995710372924805,79
672,52,0.019039154052734375,79
673,9,0.02396106719970703,79
674,52,0.021013736724853516,79
675,96,0.019976139068603516,79
676,100,0.020987987518310547,79
677,16,0.01999497413635254,79
678,100,0.022001981735229492,79
679,25,0.022997617721557617,79
680,100,0.022003173828125,79
681,31,0.023000717163085938,79
682,100,0.021996021270751953,79
683,42,0.021027088165283203,79
684,22,0.02299809455871582,79
685,83,0.023998737335205078,79
686,39,0.02198004722595215,79
687,12,0.023035287857055664,79
688,16,0.02096080780029297,79
689,34,0.02300262451171875,79
690,14,0.02100348472595215,79
691,15,0.023996829986572266,79
692,24,0.02200150489807129,79
693,43,0.022997140884399414,79
694,67,0.021003007888793945,79
695,72,0.0229952335357666,79
696,11,0.02300238609313965,79
697,67,0.023998260498046875,79
698,38,0.02400064468383789,79
699,12,0.025054454803466797,79
700,15,0.02399897575378418,79
701,17,0.021001100540161133,79
702,27,0.027039289474487305,79
703,32,0.024002552032470703,79
704,15,0.021030426025390625,79
705,96,0.022965192794799805,79
706,43,0.022999286651611328,79
707,23,0.01999974250793457,79
708,100,0.02500009536743164,79
709,60,0.02700185775756836,79
710,62,0.026999235153198242,79
711,19,0.022002458572387695,79
712,28,0.022003173828125,79
713,71,0.021999120712280273,79
714,13,0.02599501609802246,79
715,17,0.019024133682250977,79
716,29,0.01997852325439453,79
717,35,0.024001359939575195,79
718,30,0.024013280868530273,79
719,40,0.01898050308227539,79
720,49,0.02100205421447754,79
721,28,0.01999831199645996,79
722,100,0.0220029354095459,79
723,40,0.022997617721557617,79
724,92,0.021997451782226562,79
725,22,0.020998239517211914,79
726,32,0.027000904083251953,79
727,7,0.026007890701293945,79
728,88,0.021992921829223633,79
729,15,0.027006149291992188,79
730,100,0.024997711181640625,79
731,59,0.02099013328552246,79
732,35,0.02399444580078125,79
733,20,0.021027565002441406,79
734,51,0.02097630500793457,79
735,22,0.022002696990966797,79
736,34,0.020998001098632812,79
737,13,0.024999141693115234,79
738,6,0.0240020751953125,79
739,17,0.025998592376708984,79
740,51,0.023997783660888672,79
741,12,0.023000240325927734,79
742,47,0.02700042724609375,79
743,83,0.022998809814453125,79
744,11,0.0269930362701416,79
745,19,0.025003910064697266,79
746,17,0.021155118942260742,79
747,80,0.021172285079956055,79
748,100,0.02402019500732422,79
749,26,0.02097344398498535,79
750,17,0.020964384078979492,79
751,8,0.022001028060913086,79
752,47,0.020999670028686523,79
753,60,0.022972583770751953,79
754,62,0.023014307022094727,79
755,14,0.023033857345581055,79
756,11,0.02202582359313965,79
757,19,0.022983074188232422,79
758,22,0.024000883102416992,79
759,61,0.018980979919433594,79
760,27,0.019005298614501953,79
761,34,0.021982908248901367,79
762,47,0.021017074584960938,79
763,35,0.021998167037963867,79
764,11,0.02401590347290039,79
765,13,0.021999835968017578,79
766,46,0.021981477737426758,79
767,100,0.023008108139038086,79
768,35,0.02200174331665039,79
769,100,0.023994922637939453,79
770,14,0.02299642562866211,79
771,36,0.020031452178955078,79
772,29,0.02097487449645996,79
773,17,0.021024703979492188,79
774,46,0.02197861671447754,79
775,25,0.021001100540161133,79
776,33,0.023003101348876953,79
777,48,0.02399730682373047,79
778,57,0.022003650665283203,79
779,16,0.023014545440673828,79
780,25,0.01900625228881836,79
781,100,0.025997638702392578,79
782,8,0.021998167037963867,79
783,89,0.027001380920410156,79
784,35,0.02100372314453125,79
785,13,0.02299952507019043,79
786,54,0.02300095558166504,79
787,70,0.02498030662536621,79
788,19,0.02399754524230957,79
789,50,0.02400827407836914,79
790,21,0.02098536491394043,79
791,56,0.02099919319152832,79
792,100,0.024998903274536133,79
793,19,0.0229952335357666,79
794,39,0.02200484275817871,79
795,18,0.020994901657104492,79
796,56,0.022571802139282227,79
797,40,0.019514083862304688,79
798,26,0.02301788330078125,79
799,59,0.019982576370239258,79
800,40,0.02099919319152832,79
801,14,0.0220029354095459,79
802,23,0.025996923446655273,79
803,37,0.02100062370300293,79
804,53,0.022001266479492188,79
805,90,0.021001338958740234,79
806,75,0.020998477935791016,79
807,16,0.0240020751953125,79
808,22,0.021999835968017578,79
809,58,0.02003169059753418,79
810,57,0.021996736526489258,79
811,100,0.02099132537841797,79
812,29,0.023001909255981445,79
813,21,0.02200770378112793,79
814,26,0.02171778678894043,79
815,100,0.022975683212280273,79
816,35,0.02200460433959961,79
817,61,0.02099156379699707,79
818,62,0.025000572204589844,79
819,26,0.02100539207458496,79
820,37,0.023997068405151367,79
821,14,0.02599930763244629,79
822,17,0.025020122528076172,79
823,14,0.021981477737426758,79
824,45,0.02199530601501465,79
825,64,0.021005630493164062,79
826,39,0.023997068405151367,79
827,26,0.022997140884399414,79
828,24,0.022999286651611328,79
829,48,0.02099919319152832,79
830,9,0.021000146865844727,79
831,38,0.024999618530273438,79
832,75,0.022999286651611328,79
833,100,0.023003578186035156,79
834,44,0.019999027252197266,79
835,14,0.021999835968017578,79
836,53,0.02202153205871582,79
837,22,0.02298712730407715,79
838,9,0.020018815994262695,79
839,47,0.022971153259277344,79
840,20,0.021999597549438477,79
841,85,0.021999120712280273,79
842,45,0.02700042724609375,79
843,42,0.022997379302978516,79
844,100,0.024002790451049805,79
845,22,0.023024559020996094,79
846,56,0.026970386505126953,79
847,33,0.0240020751953125,79
848,16,0.035017967224121094,79
849,13,0.02298712730407715,79
850,65,0.023996591567993164,79
851,27,0.021002531051635742,79
852,10,0.02699899673461914,79
853,35,0.021002769470214844,79
854,18,0.02200174331665039,79
855,22,0.021026611328125,79
856,100,0.0219724178314209,79
857,51,0.02188706398010254,79
858,31,0.024996042251586914,79
859,56,0.021992921829223633,79
860,44,0.022011280059814453,79
861,84,0.022992372512817383,79
862,25,0.022998571395874023,79
863,86,0.023118019104003906,79
864,15,0.021001815795898438,79
865,92,0.019997835159301758,79
866,93,0.020999431610107422,79
867,19,0.029003381729125977,79
868,28,0.024001359939575195,79
869,48,0.0209810733795166,79
870,60,0.02000904083251953,79
871,63,0.01995706558227539,79
872,67,0.022005319595336914,79
873,33,0.022015094757080078,79
874,11,0.026003360748291016,79
875,30,0.02101278305053711,79
876,48,0.02101302146911621,79
877,28,0.024003267288208008,79
878,17,0.020996570587158203,79
879,37,0.022001028060913086,79
880,18,0.02400064468383789,79
881,27,0.024999380111694336,79
882,29,0.023005247116088867,79
883,33,0.02102065086364746,79
884,92,0.020961761474609375,79
885,53,0.025008440017700195,79
886,51,0.023012876510620117,79
887,22,0.020984888076782227,79
888,34,0.0240023136138916,79
889,47,0.02100992202758789,79
890,91,0.02199101448059082,79
891,100,0.021003007888793945,79
892,52,0.021007537841796875,79
893,93,0.02499079704284668,79
894,46,0.020987510681152344,79
895,31,0.024001359939575195,79
896,13,0.020999670028686523,79
897,49,0.02301788330078125,79
898,7,0.022971391677856445,79
899,38,0.023000478744506836,79
900,30,0.02497267723083496,79
901,21,0.0240325927734375,79
902,13,0.021971702575683594,79
903,46,0.02199411392211914,79
904,67,0.021002531051635742,79
905,20,0.02199411392211914,79
906,32,0.024001121520996094,79
907,21,0.02002239227294922,79
908,28,0.019974708557128906,79
909,36,0.021001815795898438,79
910,50,0.021994590759277344,79
911,39,0.021998167037963867,79
912,9,0.024003028869628906,79
913,78,0.02001023292541504,79
914,47,0.024001598358154297,79
915,100,0.023996829986572266,79
916,21,0.02100062370300293,79
917,39,0.022998571395874023,79
918,68,0.02501082420349121,79
919,100,0.022989511489868164,79
920,37,0.020993471145629883,79
921,24,0.020999670028686523,79
922,17,0.023999929428100586,79
923,57,0.0195314884185791,79
924,67,0.01999950408935547,79
925,11,0.022000789642333984,79
926,32,0.020999431610107422,79
927,88,0.019999980926513672,79
928,20,0.020999431610107422,79
929,43,0.02200174331665039,79
930,70,0.020998716354370117,79
931,62,0.02003955841064453,79
932,31,0.019980907440185547,79
933,12,0.024538278579711914,79
934,16,0.02300262451171875,79
935,15,0.02499103546142578,79
936,10,0.024007797241210938,79
937,49,0.022997379302978516,79
938,50,0.021002769470214844,79
939,71,0.020018815994262695,79
940,68,0.021991968154907227,79
941,25,0.020999670028686523,79
942,19,0.020999431610107422,79
943,39,0.02500319480895996,79
944,21,0.023988962173461914,79
945,100,0.023001670837402344,79
946,25,0.021548748016357422,79
947,19,0.02397942543029785,79
948,45,0.028004169464111328,79
949,48,0.019999265670776367,79
950,11,0.022971153259277344,79
951,21,0.022007226943969727,79
952,32,0.02098870277404785,79
953,40,0.023976802825927734,79
954,73,0.02200460433959961,79
955,19,0.025001049041748047,79
956,23,0.022015810012817383,79
957,46,0.020969867706298828,79
958,49,0.021008968353271484,79
959,18,0.0200045108795166,79
960,16,0.029971837997436523,79
961,100,0.024997234344482422,79
962,10,0.027997255325317383,79
963,39,0.027005434036254883,79
964,17,0.02599620819091797,79
965,73,0.025029420852661133,79
966,9,0.02399754524230957,79
967,30,0.024996042251586914,79
968,15,0.022003889083862305,79
969,26,0.026000499725341797,79
970,16,0.020995616912841797,79
971,23,0.01999831199645996,79
972,14,0.026035785675048828,79
973,49,0.021970272064208984,79
974,42,0.022025585174560547,79
975,81,0.022002696990966797,79
976,76,0.020982027053833008,79
977,16,0.021005630493164062,79
978,100,0.022992610931396484,79
979,39,0.021002531051635742,79
980,37,0.024002552032470703,79
981,64,0.023562908172607422,79
982,17,0.020539522171020508,79
983,35,0.02199578285217285,79
984,52,0.020998239517211914,79
985,16,0.021996498107910156,79
986,41,0.026999711990356445,79
987,58,0.021025896072387695,79
988,32,0.021963119506835938,79
989,22,0.0220034122467041,79
990,11,0.02100515365600586,79
991,31,0.025031089782714844,79
992,22,0.020958662033081055,79
993,16,0.02700352668762207,79
994,70,0.024028539657592773,79
995,32,0.02099156379699707,79
996,60,0.020995616912841797,79
997,28,0.021036863327026367,79
998,100,0.02399158477783203,79
999,100,0.022018909454345703,79
