Episode,Steps,Time,Converged at Iterations
0,31,0.023031234741210938,79
1,100,0.0230104923248291,79
2,43,0.025040149688720703,79
3,58,0.023002147674560547,79
4,50,0.019994497299194336,79
5,42,0.020023584365844727,79
6,37,0.023971080780029297,79
7,16,0.022000551223754883,79
8,14,0.023019075393676758,79
9,65,0.02100515365600586,79
10,21,0.021966218948364258,79
11,9,0.02300858497619629,79
12,31,0.023002147674560547,79
13,34,0.020008325576782227,79
14,40,0.020990371704101562,79
15,37,0.02100062370300293,79
16,21,0.020999670028686523,79
17,19,0.020999908447265625,79
18,43,0.0410003662109375,79
19,8,0.022998571395874023,79
20,28,0.023998260498046875,79
21,35,0.022003173828125,79
22,43,0.020013809204101562,79
23,32,0.028003692626953125,79
24,25,0.021011829376220703,79
25,29,0.02398395538330078,79
26,47,0.022000789642333984,79
27,18,0.021005868911743164,79
28,31,0.022985458374023438,79
29,23,0.02102041244506836,79
30,91,0.025991201400756836,79
31,43,0.02200794219970703,79
32,37,0.021991252899169922,79
33,36,0.02302408218383789,79
34,20,0.021975278854370117,79
35,33,0.023000478744506836,79
36,48,0.026036739349365234,79
37,79,0.02149677276611328,79
38,7,0.02354574203491211,79
39,54,0.02396249771118164,79
40,28,0.023006200790405273,79
41,93,0.021027565002441406,79
42,27,0.020973682403564453,79
43,61,0.022996902465820312,79
44,45,0.020969867706298828,79
45,94,0.021996736526489258,79
46,19,0.024006128311157227,79
47,12,0.02122783660888672,79
48,50,0.020024776458740234,79
49,75,0.02399730682373047,79
50,60,0.02199721336364746,79
51,42,0.026096820831298828,79
52,37,0.02098560333251953,79
53,40,0.02099895477294922,79
54,30,0.026012420654296875,79
55,18,0.022989511489868164,79
56,7,0.020994901657104492,79
57,12,0.020993471145629883,79
58,22,0.021994829177856445,79
59,18,0.021000385284423828,79
60,80,0.024138450622558594,79
61,34,0.021991491317749023,79
62,18,0.023015737533569336,79
63,95,0.019960403442382812,79
64,22,0.021999835968017578,79
65,52,0.020005464553833008,79
66,22,0.023000001907348633,79
67,58,0.025010108947753906,79
68,52,0.023988962173461914,79
69,24,0.02198195457458496,79
70,100,0.02099609375,79
71,30,0.02200627326965332,79
72,61,0.021025419235229492,79
73,16,0.021975994110107422,79
74,34,0.022999048233032227,79
75,22,0.022998571395874023,79
76,15,0.02100062370300293,79
77,24,0.02302861213684082,79
78,10,0.022969961166381836,79
79,31,0.02100086212158203,79
80,49,0.02400040626525879,79
81,37,0.02202463150024414,79
82,43,0.022999048233032227,79
83,33,0.02100229263305664,79
84,72,0.023998498916625977,79
85,25,0.02500128746032715,79
86,19,0.020999670028686523,79
87,16,0.02300119400024414,79
88,32,0.021023273468017578,79
89,53,0.01997995376586914,79
90,22,0.021999359130859375,79
91,32,0.022007465362548828,79
92,22,0.02201080322265625,79
93,41,0.02198338508605957,79
94,21,0.019013404846191406,79
95,72,0.0210115909576416,79
96,41,0.021023988723754883,79
97,48,0.023038864135742188,79
98,53,0.021016597747802734,79
99,16,0.019988536834716797,79
100,76,0.02599620819091797,79
101,65,0.02051234245300293,79
102,100,0.021043777465820312,79
103,60,0.021979808807373047,79
104,47,0.02002120018005371,79
105,7,0.02299809455871582,79
106,31,0.024001359939575195,79
107,26,0.021008729934692383,79
108,16,0.0200042724609375,79
109,38,0.02398991584777832,79
110,35,0.021586179733276367,79
111,33,0.024995803833007812,79
112,37,0.021993160247802734,79
113,7,0.01899886131286621,79
114,14,0.022029876708984375,79
115,33,0.022991657257080078,79
116,21,0.022011518478393555,79
117,20,0.022014379501342773,79
118,47,0.01998424530029297,79
119,35,0.02199840545654297,79
120,48,0.02201080322265625,79
121,57,0.023001432418823242,79
122,90,0.022005796432495117,79
123,11,0.025007963180541992,79
124,41,0.02100086212158203,79
125,100,0.02199864387512207,79
126,100,0.02200913429260254,79
127,21,0.020967483520507812,79
128,46,0.02198004722595215,79
129,86,0.02198195457458496,79
130,100,0.02000594139099121,79
131,11,0.022006511688232422,79
132,15,0.02099895477294922,79
133,38,0.019989490509033203,79
134,40,0.0240020751953125,79
135,32,0.021994829177856445,79
136,10,0.02200150489807129,79
137,15,0.02401137351989746,79
138,54,0.02099919319152832,79
139,37,0.022011756896972656,79
140,100,0.022989988327026367,79
141,37,0.023000717163085938,79
142,34,0.02300238609313965,79
143,27,0.022998332977294922,79
144,51,0.02099919319152832,79
145,39,0.026552200317382812,79
146,31,0.023513078689575195,79
147,28,0.023005008697509766,79
148,22,0.020982980728149414,79
149,24,0.02300548553466797,79
150,44,0.02300715446472168,79
151,11,0.020999908447265625,79
152,17,0.019983530044555664,79
153,77,0.019005537033081055,79
154,40,0.023995161056518555,79
155,9,0.023419618606567383,79
156,29,0.022002696990966797,79
157,18,0.020011425018310547,79
158,51,0.021985292434692383,79
159,24,0.02297806739807129,79
160,33,0.02100062370300293,79
161,21,0.01897144317626953,79
162,100,0.022989988327026367,79
163,54,0.021001338958740234,79
164,57,0.02200031280517578,79
165,36,0.024009227752685547,79
166,34,0.019025802612304688,79
167,71,0.022002220153808594,79
168,100,0.02210545539855957,79
169,68,0.021994829177856445,79
170,83,0.02197861671447754,79
171,41,0.02199268341064453,79
172,23,0.023006439208984375,79
173,7,0.02499699592590332,79
174,100,0.02300262451171875,79
175,12,0.019977092742919922,79
176,72,0.0250091552734375,79
177,9,0.02060246467590332,79
178,27,0.020978212356567383,79
179,23,0.02201986312866211,79
180,51,0.020984649658203125,79
181,30,0.02299785614013672,79
182,24,0.02552628517150879,79
183,29,0.028998851776123047,79
184,100,0.022016525268554688,79
185,15,0.021012544631958008,79
186,22,0.02302408218383789,79
187,55,0.020989179611206055,79
188,14,0.01998591423034668,79
189,11,0.024006366729736328,79
190,36,0.02099013328552246,79
191,33,0.02898883819580078,79
192,82,0.023001909255981445,79
193,58,0.023998498916625977,79
194,45,0.02301478385925293,79
195,31,0.023981332778930664,79
196,47,0.02200484275817871,79
197,20,0.0210268497467041,79
198,41,0.02197432518005371,79
199,29,0.024004459381103516,79
200,28,0.0250241756439209,79
201,47,0.024362802505493164,79
202,26,0.019969940185546875,79
203,51,0.019006729125976562,79
204,26,0.02301621437072754,79
205,42,0.0189821720123291,79
206,13,0.02003335952758789,79
207,48,0.020960330963134766,79
208,56,0.02300715446472168,79
209,34,0.020993471145629883,79
210,75,0.023028850555419922,79
211,72,0.02199554443359375,79
212,9,0.02101302146911621,79
213,30,0.024011850357055664,79
214,17,0.020973682403564453,79
215,47,0.023998022079467773,79
216,61,0.025012731552124023,79
217,10,0.026005983352661133,79
218,20,0.027006864547729492,79
219,25,0.025012493133544922,79
220,100,0.02099919319152832,79
221,12,0.022016048431396484,79
222,22,0.023000001907348633,79
223,38,0.023023366928100586,79
224,64,0.024007081985473633,79
225,38,0.02098560333251953,79
226,98,0.023015737533569336,79
227,100,0.024002552032470703,79
228,55,0.022021770477294922,79
229,47,0.02397608757019043,79
230,52,0.022031784057617188,79
231,32,0.023983001708984375,79
232,40,0.02302718162536621,79
233,29,0.020009517669677734,79
234,79,0.022996187210083008,79
235,77,0.022001266479492188,79
236,13,0.02200031280517578,79
237,38,0.02399587631225586,79
238,44,0.019994020462036133,79
239,9,0.023022174835205078,79
240,37,0.022986650466918945,79
241,33,0.021092653274536133,79
242,70,0.020032882690429688,79
243,74,0.02797675132751465,79
244,22,0.023029565811157227,79
245,19,0.02196645736694336,79
246,50,0.0200345516204834,79
247,28,0.02099919319152832,79
248,52,0.023998737335205078,79
249,61,0.023003101348876953,79
250,17,0.022002220153808594,79
251,30,0.021008729934692383,79
252,86,0.019988298416137695,79
253,27,0.02199411392211914,79
254,29,0.025000333786010742,79
255,31,0.02299809455871582,79
256,100,0.02200603485107422,79
257,66,0.02199840545654297,79
258,31,0.02399897575378418,79
259,11,0.024001598358154297,79
260,45,0.02300095558166504,79
261,26,0.024001121520996094,79
262,29,0.02300119400024414,79
263,24,0.021027326583862305,79
264,33,0.025988101959228516,79
265,44,0.021997690200805664,79
266,37,0.021996498107910156,79
267,16,0.020508766174316406,79
268,40,0.020000457763671875,79
269,78,0.02599811553955078,79
270,15,0.024010419845581055,79
271,29,0.023011207580566406,79
272,53,0.01897740364074707,79
273,41,0.02100062370300293,79
274,23,0.022017955780029297,79
275,13,0.027004718780517578,79
276,14,0.021012067794799805,79
277,18,0.023966073989868164,79
278,13,0.021000146865844727,79
279,51,0.02199840545654297,79
280,40,0.024006128311157227,79
281,23,0.02201390266418457,79
282,59,0.019972562789916992,79
283,49,0.023000478744506836,79
284,51,0.02200484275817871,79
285,18,0.0229949951171875,79
286,53,0.024992942810058594,79
287,20,0.02402520179748535,79
288,18,0.022975444793701172,79
289,80,0.022001028060913086,79
290,76,0.022000551223754883,79
291,10,0.021001100540161133,79
292,20,0.0220184326171875,79
293,43,0.022977590560913086,79
294,42,0.01999044418334961,79
295,29,0.021008968353271484,79
296,11,0.02562093734741211,79
297,84,0.025020599365234375,79
298,14,0.02200460433959961,79
299,100,0.022008419036865234,79
300,30,0.021999835968017578,79
301,17,0.022990942001342773,79
302,19,0.02398085594177246,79
303,17,0.02099609375,79
304,19,0.02301931381225586,79
305,15,0.02199578285217285,79
306,53,0.02353382110595703,79
307,53,0.020999908447265625,79
308,46,0.021999359130859375,79
309,7,0.023003101348876953,79
310,11,0.021982431411743164,79
311,32,0.02000117301940918,79
312,100,0.02299213409423828,79
313,51,0.020031452178955078,79
314,35,0.025609970092773438,79
315,100,0.02399468421936035,79
316,38,0.023000478744506836,79
317,42,0.024998188018798828,79
318,16,0.02101588249206543,79
319,58,0.02101874351501465,79
320,15,0.022982120513916016,79
321,23,0.022008419036865234,79
322,67,0.02401113510131836,79
323,21,0.021012067794799805,79
324,45,0.021025896072387695,79
325,18,0.023001432418823242,79
326,100,0.021012306213378906,79
327,75,0.021994590759277344,79
328,48,0.022998809814453125,79
329,49,0.021996498107910156,79
330,28,0.02599787712097168,79
331,34,0.020035982131958008,79
332,42,0.021986722946166992,79
333,42,0.02402353286743164,79
334,26,0.022002458572387695,79
335,15,0.021009206771850586,79
336,75,0.021009445190429688,79
337,26,0.021013498306274414,79
338,71,0.022008419036865234,79
339,23,0.02202606201171875,79
340,32,0.020974397659301758,79
341,100,0.021000385284423828,79
342,78,0.023003578186035156,79
343,22,0.020982742309570312,79
344,40,0.018990278244018555,79
345,65,0.024007320404052734,79
346,43,0.0220181941986084,79
347,100,0.023964881896972656,79
348,10,0.020995616912841797,79
349,35,0.02100372314453125,79
350,32,0.02199697494506836,79
351,95,0.022002220153808594,79
352,30,0.02099323272705078,79
353,27,0.024035215377807617,79
354,26,0.02095341682434082,79
355,13,0.021019697189331055,79
356,44,0.023997068405151367,79
357,26,0.021147489547729492,79
358,28,0.020000696182250977,79
359,45,0.02399754524230957,79
360,26,0.022017955780029297,79
361,13,0.021980762481689453,79
362,55,0.02299809455871582,79
363,74,0.021001100540161133,79
364,44,0.022027254104614258,79
365,58,0.019976139068603516,79
366,71,0.022113561630249023,79
367,40,0.019528627395629883,79
368,45,0.02297830581665039,79
369,18,0.021999359130859375,79
370,11,0.020000934600830078,79
371,25,0.021999835968017578,79
372,30,0.021997928619384766,79
373,90,0.023012638092041016,79
374,34,0.025977611541748047,79
375,22,0.023023128509521484,79
376,19,0.020007610321044922,79
377,14,0.022975444793701172,79
378,14,0.022004127502441406,79
379,18,0.02100539207458496,79
380,9,0.02099323272705078,79
381,71,0.021993398666381836,79
382,14,0.0230104923248291,79
383,56,0.024013519287109375,79
384,49,0.01999068260192871,79
385,32,0.020018339157104492,79
386,10,0.022983074188232422,79
387,20,0.02102828025817871,79
388,22,0.02097487449645996,79
389,33,0.021001577377319336,79
390,18,0.02300238609313965,79
391,15,0.02197432518005371,79
392,42,0.02401423454284668,79
393,43,0.021982908248901367,79
394,31,0.02101588249206543,79
395,36,0.022999048233032227,79
396,36,0.018973588943481445,79
397,16,0.02399730682373047,79
398,9,0.02300405502319336,79
399,41,0.02399587631225586,79
400,100,0.0260012149810791,79
401,16,0.021999120712280273,79
402,47,0.02299785614013672,79
403,33,0.020993471145629883,79
404,20,0.022012948989868164,79
405,25,0.019991636276245117,79
406,36,0.022986173629760742,79
407,26,0.01999950408935547,79
408,39,0.022997379302978516,79
409,36,0.023009300231933594,79
410,94,0.020998477935791016,79
411,29,0.02505207061767578,79
412,100,0.02100205421447754,79
413,11,0.020981311798095703,79
414,72,0.024001359939575195,79
415,38,0.022003889083862305,79
416,22,0.01897263526916504,79
417,18,0.026004791259765625,79
418,21,0.02101922035217285,79
419,70,0.025982141494750977,79
420,40,0.026026248931884766,79
421,66,0.020557165145874023,79
422,91,0.02400040626525879,79
423,18,0.022992372512817383,79
424,36,0.02499699592590332,79
425,92,0.020003080368041992,79
426,23,0.023033618927001953,79
427,38,0.021970748901367188,79
428,100,0.02098679542541504,79
429,22,0.023007631301879883,79
430,38,0.02302718162536621,79
431,19,0.019980192184448242,79
432,21,0.026999950408935547,79
433,48,0.02203083038330078,79
434,57,0.02398204803466797,79
435,14,0.025000572204589844,79
436,18,0.022010326385498047,79
437,55,0.021009445190429688,79
438,91,0.020992040634155273,79
439,23,0.024003982543945312,79
440,55,0.023971080780029297,79
441,61,0.022026538848876953,79
442,100,0.022003650665283203,79
443,36,0.024010896682739258,79
444,42,0.021980762481689453,79
445,10,0.023996591567993164,79
446,71,0.02469468116760254,79
447,100,0.02198314666748047,79
448,12,0.022000551223754883,79
449,45,0.023000001907348633,79
450,56,0.021018266677856445,79
451,10,0.02100086212158203,79
452,18,0.02498769760131836,79
453,59,0.021999835968017578,79
454,55,0.02303338050842285,79
455,56,0.02139115333557129,79
456,73,0.020973920822143555,79
457,14,0.02499246597290039,79
458,100,0.021001815795898438,79
459,100,0.02299785614013672,79
460,38,0.023007869720458984,79
461,31,0.02102518081665039,79
462,77,0.026969432830810547,79
463,20,0.02399158477783203,79
464,29,0.024044513702392578,79
465,30,0.021954059600830078,79
466,30,0.021019458770751953,79
467,61,0.02396368980407715,79
468,50,0.022031545639038086,79
469,11,0.019980192184448242,79
470,38,0.021989107131958008,79
471,96,0.023011207580566406,79
472,49,0.02101588249206543,79
473,18,0.02398228645324707,79
474,33,0.020005464553833008,79
475,51,0.02199554443359375,79
476,25,0.02197098731994629,79
477,20,0.021001100540161133,79
478,53,0.024022579193115234,79
479,56,0.022997617721557617,79
480,12,0.019985437393188477,79
481,29,0.02199864387512207,79
482,19,0.024012327194213867,79
483,18,0.02098250389099121,79
484,100,0.022996902465820312,79
485,32,0.02198004722595215,79
486,35,0.02501201629638672,79
487,37,0.02100539207458496,79
488,100,0.023525476455688477,79
489,35,0.022002696990966797,79
490,25,0.02101612091064453,79
491,13,0.02201247215270996,79
492,17,0.020998477935791016,79
493,47,0.021985769271850586,79
494,34,0.019979476928710938,79
495,34,0.02299952507019043,79
496,63,0.02000284194946289,79
497,58,0.021547317504882812,79
498,54,0.01999831199645996,79
499,16,0.022990942001342773,79
500,32,0.021017789840698242,79
501,61,0.02198481559753418,79
502,55,0.021989822387695312,79
503,11,0.02300095558166504,79
504,57,0.024997711181640625,79
505,22,0.02401876449584961,79
506,49,0.026979446411132812,79
507,20,0.021558523178100586,79
508,13,0.023035764694213867,79
509,100,0.02296304702758789,79
510,33,0.02299642562866211,79
511,85,0.023001432418823242,79
512,14,0.019999980926513672,79
513,59,0.02002096176147461,79
514,15,0.02400827407836914,79
515,36,0.019992589950561523,79
516,100,0.021966934204101562,79
517,10,0.023001670837402344,79
518,15,0.022998571395874023,79
519,13,0.021996736526489258,79
520,47,0.021004199981689453,79
521,100,0.02199387550354004,79
522,92,0.021004915237426758,79
523,28,0.023000001907348633,79
524,100,0.022000789642333984,79
525,37,0.020998239517211914,79
526,50,0.0220186710357666,79
527,59,0.021981000900268555,79
528,45,0.02300405502319336,79
529,21,0.02201104164123535,79
530,68,0.02296900749206543,79
531,100,0.02099299430847168,79
532,50,0.023017168045043945,79
533,34,0.022991657257080078,79
534,32,0.0220186710357666,79
535,64,0.02200937271118164,79
536,26,0.021996498107910156,79
537,100,0.021006345748901367,79
538,91,0.02399420738220215,79
539,7,0.022014141082763672,79
540,38,0.020986080169677734,79
541,28,0.023015737533569336,79
542,29,0.02098870277404785,79
543,42,0.02201366424560547,79
544,17,0.02098369598388672,79
545,100,0.0210115909576416,79
546,23,0.022001028060913086,79
547,29,0.021997928619384766,79
548,11,0.021999359130859375,79
549,42,0.02199840545654297,79
550,69,0.028002500534057617,79
551,11,0.020031452178955078,79
552,100,0.02496933937072754,79
553,87,0.0220034122467041,79
554,71,0.0219879150390625,79
555,25,0.022025346755981445,79
556,37,0.02099442481994629,79
557,29,0.022993803024291992,79
558,17,0.022017240524291992,79
559,40,0.020995616912841797,79
560,73,0.017980575561523438,79
561,40,0.023035764694213867,79
562,100,0.021999120712280273,79
563,51,0.023048877716064453,79
564,21,0.01896381378173828,79
565,78,0.0200345516204834,79
566,74,0.021000146865844727,79
567,46,0.023972272872924805,79
568,71,0.021998167037963867,79
569,19,0.021066665649414062,79
570,60,0.023001670837402344,79
571,90,0.02100658416748047,79
572,28,0.023974180221557617,79
573,40,0.020031213760375977,79
574,25,0.020994901657104492,79
575,24,0.022006988525390625,79
576,23,0.02295970916748047,79
577,30,0.02198624610900879,79
578,27,0.023000001907348633,79
579,19,0.022014141082763672,79
580,16,0.02198648452758789,79
581,41,0.025022268295288086,79
582,9,0.022009611129760742,79
583,13,0.024986982345581055,79
584,57,0.023031234741210938,79
585,63,0.021991491317749023,79
586,26,0.020966291427612305,79
587,81,0.021012067794799805,79
588,40,0.02396225929260254,79
589,100,0.02002573013305664,79
590,42,0.021022558212280273,79
591,64,0.024992704391479492,79
592,16,0.021976232528686523,79
593,100,0.02298450469970703,79
594,70,0.024978160858154297,79
595,31,0.018973827362060547,79
596,64,0.022984027862548828,79
597,100,0.021000146865844727,79
598,36,0.021027326583862305,79
599,100,0.021968603134155273,79
600,55,0.02102041244506836,79
601,20,0.022011518478393555,79
602,22,0.02202296257019043,79
603,13,0.02194976806640625,79
604,64,0.019977569580078125,79
605,6,0.02199578285217285,79
606,30,0.023002147674560547,79
607,52,0.022002458572387695,79
608,12,0.02200913429260254,79
609,37,0.02200007438659668,79
610,9,0.02299952507019043,79
611,95,0.02300238609313965,79
612,15,0.0210113525390625,79
613,17,0.023001432418823242,79
614,39,0.022011995315551758,79
615,75,0.02102804183959961,79
616,27,0.02199411392211914,79
617,18,0.020021915435791016,79
618,15,0.020976543426513672,79
619,59,0.021018266677856445,79
620,9,0.02296304702758789,79
621,27,0.02000880241394043,79
622,100,0.02200794219970703,79
623,12,0.022001028060913086,79
624,19,0.023000001907348633,79
625,49,0.023023605346679688,79
626,94,0.021978139877319336,79
627,9,0.02101302146911621,79
628,29,0.022003889083862305,79
629,87,0.02205801010131836,79
630,53,0.020993471145629883,79
631,46,0.021985530853271484,79
632,50,0.021030187606811523,79
633,25,0.021973609924316406,79
634,18,0.022010087966918945,79
635,29,0.02100086212158203,79
636,39,0.02200007438659668,79
637,70,0.023040056228637695,79
638,26,0.02394270896911621,79
639,13,0.025555849075317383,79
640,27,0.02253413200378418,79
641,13,0.022034883499145508,79
642,15,0.022024154663085938,79
643,68,0.02197408676147461,79
644,9,0.02099895477294922,79
645,43,0.021999835968017578,79
646,46,0.0200045108795166,79
647,100,0.021000146865844727,79
648,43,0.022984027862548828,79
649,63,0.02000117301940918,79
650,26,0.022560596466064453,79
651,100,0.020975351333618164,79
652,83,0.02200460433959961,79
653,17,0.021999120712280273,79
654,41,0.02499866485595703,79
655,8,0.02201080322265625,79
656,20,0.019993305206298828,79
657,43,0.024023056030273438,79
658,65,0.0229644775390625,79
659,58,0.03602957725524902,79
660,31,0.02598857879638672,79
661,60,0.0220186710357666,79
662,42,0.02306222915649414,79
663,33,0.019994735717773438,79
664,12,0.022034406661987305,79
665,57,0.022973060607910156,79
666,38,0.023983001708984375,79
667,40,0.026999473571777344,79
668,30,0.02301621437072754,79
669,23,0.0220184326171875,79
670,8,0.02401423454284668,79
671,37,0.02197718620300293,79
672,15,0.025995731353759766,79
673,11,0.020976543426513672,79
674,59,0.019029855728149414,79
675,86,0.02300739288330078,79
676,38,0.020994186401367188,79
677,12,0.02199244499206543,79
678,49,0.022001266479492188,79
679,64,0.02001166343688965,79
680,25,0.024996042251586914,79
681,64,0.021004438400268555,79
682,55,0.02498149871826172,79
683,10,0.020998001098632812,79
684,26,0.024025678634643555,79
685,13,0.02297043800354004,79
686,44,0.022002458572387695,79
687,18,0.018991708755493164,79
688,100,0.023000240325927734,79
689,100,0.024005889892578125,79
690,67,0.020984888076782227,79
691,38,0.023003101348876953,79
692,45,0.020999908447265625,79
693,31,0.020030975341796875,79
694,100,0.020993471145629883,79
695,10,0.020996570587158203,79
696,33,0.022002696990966797,79
697,72,0.026010751724243164,79
698,78,0.022515535354614258,79
699,22,0.023520946502685547,79
700,46,0.021981239318847656,79
701,100,0.02100515365600586,79
702,21,0.0250093936920166,79
703,17,0.02398991584777832,79
704,100,0.024996042251586914,79
705,34,0.024000167846679688,79
706,13,0.023985624313354492,79
707,29,0.022999048233032227,79
708,33,0.023997783660888672,79
709,53,0.024006128311157227,79
710,100,0.02299642562866211,79
711,74,0.02101302146911621,79
712,15,0.02103114128112793,79
713,22,0.02498483657836914,79
714,100,0.020987272262573242,79
715,69,0.02401566505432129,79
716,30,0.021004438400268555,79
717,47,0.02098560333251953,79
718,19,0.022523880004882812,79
719,70,0.021999120712280273,79
720,75,0.02200913429260254,79
721,17,0.021985769271850586,79
722,55,0.02002239227294922,79
723,58,0.021981477737426758,79
724,100,0.024994611740112305,79
725,8,0.025000572204589844,79
726,58,0.023000717163085938,79
727,17,0.02199411392211914,79
728,12,0.02300429344177246,79
729,7,0.024000167846679688,79
730,82,0.020999670028686523,79
731,48,0.02400040626525879,79
732,100,0.024999618530273438,79
733,38,0.02397465705871582,79
734,12,0.02100539207458496,79
735,60,0.021991729736328125,79
736,39,0.0240018367767334,79
737,43,0.021028757095336914,79
738,72,0.021090269088745117,79
739,41,0.022988080978393555,79
740,25,0.03999781608581543,79
741,86,0.037001848220825195,79
742,28,0.050998687744140625,79
743,11,0.043998003005981445,79
744,90,0.0380396842956543,79
745,12,0.03299546241760254,79
746,28,0.03099846839904785,79
747,52,0.029000520706176758,79
748,26,0.03700089454650879,79
749,68,0.024997949600219727,79
750,41,0.026003360748291016,79
751,13,0.02600264549255371,79
752,22,0.029007673263549805,79
753,57,0.024992704391479492,79
754,14,0.028002023696899414,79
755,14,0.029029130935668945,79
756,50,0.02697467803955078,79
757,10,0.025992870330810547,79
758,39,0.02700066566467285,79
759,31,0.02602100372314453,79
760,11,0.03397417068481445,79
761,39,0.02701115608215332,79
762,58,0.026004552841186523,79
763,60,0.02401590347290039,79
764,46,0.025999784469604492,79
765,23,0.026002883911132812,79
766,41,0.028032541275024414,79
767,21,0.03996777534484863,79
768,41,0.02999711036682129,79
769,80,0.038376808166503906,79
770,100,0.03399991989135742,79
771,16,0.03200244903564453,79
772,39,0.024002790451049805,79
773,51,0.024007797241210938,79
774,77,0.01998734474182129,79
775,100,0.021020889282226562,79
776,31,0.0240023136138916,79
777,100,0.021982908248901367,79
778,37,0.023973703384399414,79
779,60,0.023018836975097656,79
780,85,0.02360081672668457,79
781,39,0.021994352340698242,79
782,84,0.02103137969970703,79
783,69,0.02096414566040039,79
784,78,0.020987510681152344,79
785,20,0.02100396156311035,79
786,19,0.0260009765625,79
787,37,0.029015302658081055,79
788,22,0.021999359130859375,79
789,46,0.0210111141204834,79
790,16,0.02297210693359375,79
791,46,0.019025564193725586,79
792,20,0.01898193359375,79
793,43,0.019995927810668945,79
794,100,0.022998332977294922,79
795,50,0.02201533317565918,79
796,29,0.020985841751098633,79
797,23,0.022994041442871094,79
798,100,0.02303147315979004,79
799,18,0.02600693702697754,79
800,10,0.02200627326965332,79
801,66,0.021986961364746094,79
802,66,0.02301764488220215,79
803,94,0.02298736572265625,79
804,55,0.02698659896850586,79
805,22,0.02101874351501465,79
806,37,0.019997358322143555,79
807,22,0.02599358558654785,79
808,10,0.019991636276245117,79
809,100,0.020997285842895508,79
810,86,0.021995067596435547,79
811,99,0.019998550415039062,79
812,21,0.025017976760864258,79
813,12,0.02098846435546875,79
814,47,0.024008750915527344,79
815,37,0.024006366729736328,79
816,36,0.022997379302978516,79
817,29,0.022994041442871094,79
818,62,0.02098703384399414,79
819,22,0.021003246307373047,79
820,11,0.021990299224853516,79
821,25,0.02199697494506836,79
822,92,0.021001100540161133,79
823,52,0.024996519088745117,79
824,16,0.019995450973510742,79
825,68,0.02198314666748047,79
826,100,0.023015260696411133,79
827,19,0.021007299423217773,79
828,36,0.022998332977294922,79
829,10,0.021000146865844727,79
830,19,0.023012399673461914,79
831,100,0.023548126220703125,79
832,20,0.025521039962768555,79
833,16,0.031004667282104492,79
834,16,0.02999734878540039,79
835,53,0.02200460433959961,79
836,28,0.02399730682373047,79
837,84,0.022001028060913086,79
838,69,0.022997379302978516,79
839,90,0.021995067596435547,79
840,9,0.021000385284423828,79
841,39,0.022005319595336914,79
842,27,0.0260159969329834,79
843,27,0.02099323272705078,79
844,12,0.025011777877807617,79
845,75,0.0219881534576416,79
846,41,0.022996902465820312,79
847,53,0.020032644271850586,79
848,31,0.02100372314453125,79
849,13,0.01999974250793457,79
850,21,0.02101731300354004,79
851,26,0.022017478942871094,79
852,9,0.022969961166381836,79
853,86,0.02399611473083496,79
854,27,0.01999378204345703,79
855,28,0.02298450469970703,79
856,74,0.022031784057617188,79
857,100,0.022983551025390625,79
858,9,0.024995803833007812,79
859,11,0.024005889892578125,79
860,25,0.02599477767944336,79
861,33,0.023031234741210938,79
862,100,0.02196788787841797,79
863,68,0.020932435989379883,79
864,13,0.02200794219970703,79
865,45,0.023994922637939453,79
866,34,0.022000551223754883,79
867,14,0.020012617111206055,79
868,59,0.024991989135742188,79
869,51,0.023297786712646484,79
870,63,0.026996135711669922,79
871,27,0.023003339767456055,79
872,56,0.024000167846679688,79
873,42,0.022030353546142578,79
874,6,0.021976947784423828,79
875,38,0.019990921020507812,79
876,69,0.021984577178955078,79
877,23,0.01999807357788086,79
878,27,0.020000934600830078,79
879,36,0.025558948516845703,79
880,31,0.021037578582763672,79
881,53,0.02298569679260254,79
882,35,0.02298140525817871,79
883,15,0.019994020462036133,79
884,59,0.02102828025817871,79
885,100,0.021994829177856445,79
886,59,0.029993295669555664,79
887,34,0.02198004722595215,79
888,11,0.0200045108795166,79
889,82,0.024451255798339844,79
890,100,0.020000457763671875,79
891,34,0.02102494239807129,79
892,30,0.02297520637512207,79
893,56,0.01999974250793457,79
894,94,0.020007610321044922,79
895,47,0.0240018367767334,79
896,13,0.02099919319152832,79
897,100,0.02100062370300293,79
898,61,0.024012088775634766,79
899,43,0.021979570388793945,79
900,100,0.023990392684936523,79
901,58,0.021997928619384766,79
902,100,0.02601313591003418,79
903,57,0.02149176597595215,79
904,21,0.02295827865600586,79
905,14,0.02199840545654297,79
906,21,0.02199721336364746,79
907,12,0.024022817611694336,79
908,90,0.021986961364746094,79
909,49,0.02299046516418457,79
910,43,0.020997285842895508,79
911,39,0.021981477737426758,79
912,39,0.02300715446472168,79
913,30,0.02398824691772461,79
914,57,0.02164292335510254,79
915,100,0.0200045108795166,79
916,74,0.02301192283630371,79
917,7,0.021975040435791016,79
918,53,0.02199864387512207,79
919,26,0.021996259689331055,79
920,26,0.021014928817749023,79
921,79,0.023983478546142578,79
922,34,0.022001266479492188,79
923,60,0.020997047424316406,79
924,57,0.021986722946166992,79
925,47,0.02102351188659668,79
926,54,0.021001577377319336,79
927,33,0.025004863739013672,79
928,33,0.020993709564208984,79
929,35,0.025002479553222656,79
930,12,0.022998809814453125,79
931,51,0.02100515365600586,79
932,23,0.024013996124267578,79
933,15,0.021012544631958008,79
934,36,0.019969701766967773,79
935,30,0.022998332977294922,79
936,23,0.022017478942871094,79
937,50,0.02099752426147461,79
938,29,0.0220034122467041,79
939,100,0.019998788833618164,79
940,88,0.022990703582763672,79
941,35,0.022051572799682617,79
942,49,0.020999431610107422,79
943,32,0.021003246307373047,79
944,50,0.01900172233581543,79
945,52,0.024550914764404297,79
946,39,0.022545814514160156,79
947,19,0.02601480484008789,79
948,22,0.01999044418334961,79
949,27,0.020998477935791016,79
950,85,0.023005247116088867,79
951,83,0.021997690200805664,79
952,22,0.025002717971801758,79
953,24,0.019988059997558594,79
954,62,0.0220334529876709,79
955,21,0.023539304733276367,79
956,48,0.02300262451171875,79
957,15,0.022995710372924805,79
958,97,0.022021770477294922,79
959,10,0.02102184295654297,79
960,34,0.025002002716064453,79
961,55,0.02259087562561035,79
962,16,0.02299022674560547,79
963,8,0.022020339965820312,79
964,100,0.0229799747467041,79
965,93,0.023993730545043945,79
966,47,0.0209808349609375,79
967,67,0.02199554443359375,79
968,42,0.023998022079467773,79
969,72,0.021034955978393555,79
970,19,0.021517276763916016,79
971,100,0.021976709365844727,79
972,56,0.023001432418823242,79
973,28,0.02599954605102539,79
974,33,0.021996498107910156,79
975,18,0.020999908447265625,79
976,19,0.023013830184936523,79
977,38,0.02196192741394043,79
978,26,0.022999048233032227,79
979,37,0.02501821517944336,79
980,20,0.021016836166381836,79
981,23,0.021973371505737305,79
982,50,0.021996021270751953,79
983,74,0.02200484275817871,79
984,14,0.022966861724853516,79
985,25,0.021015167236328125,79
986,13,0.023013830184936523,79
987,18,0.022989988327026367,79
988,100,0.02000737190246582,79
989,50,0.02198624610900879,79
990,21,0.020999670028686523,79
991,60,0.022024154663085938,79
992,100,0.022983312606811523,79
993,25,0.020997285842895508,79
994,24,0.020031213760375977,79
995,56,0.02200603485107422,79
996,8,0.02199840545654297,79
997,20,0.019025325775146484,79
998,100,0.02197575569152832,79
999,47,0.02201366424560547,79
