Episode,Steps,Time,Converged at Iterations
0,14,0.022005319595336914,79
1,25,0.022016525268554688,79
2,31,0.019972562789916992,79
3,13,0.019007444381713867,79
4,34,0.022995710372924805,79
5,15,0.02300429344177246,79
6,14,0.024992942810058594,79
7,100,0.0210263729095459,79
8,7,0.020984411239624023,79
9,38,0.02400827407836914,79
10,36,0.0229952335357666,79
11,100,0.026013612747192383,79
12,89,0.022020578384399414,79
13,100,0.02098703384399414,79
14,33,0.02601766586303711,79
15,46,0.021969079971313477,79
16,28,0.026009321212768555,79
17,34,0.020000457763671875,79
18,24,0.025021076202392578,79
19,46,0.020973920822143555,79
20,19,0.023000717163085938,79
21,32,0.024997711181640625,79
22,16,0.021000385284423828,79
23,78,0.024003982543945312,79
24,26,0.039037466049194336,79
25,84,0.022000789642333984,79
26,50,0.024001598358154297,79
27,17,0.024031877517700195,79
28,35,0.021967411041259766,79
29,25,0.02300119400024414,79
30,49,0.019998550415039062,79
31,16,0.022015810012817383,79
32,50,0.021958589553833008,79
33,65,0.023003816604614258,79
34,19,0.022997617721557617,79
35,92,0.020992040634155273,79
36,40,0.019980907440185547,79
37,33,0.02197551727294922,79
38,12,0.020995616912841797,79
39,25,0.023004531860351562,79
40,31,0.026690244674682617,79
41,50,0.02297353744506836,79
42,23,0.021998167037963867,79
43,43,0.021998882293701172,79
44,100,0.027003765106201172,79
45,41,0.02200174331665039,79
46,19,0.021001100540161133,79
47,100,0.022000551223754883,79
48,32,0.021978378295898438,79
49,32,0.02400040626525879,79
50,42,0.023001909255981445,79
51,54,0.021994590759277344,79
52,29,0.027254104614257812,79
53,54,0.02451491355895996,79
54,7,0.023006200790405273,79
55,38,0.020009994506835938,79
56,41,0.020986318588256836,79
57,32,0.0229952335357666,79
58,48,0.021002769470214844,79
59,35,0.023996353149414062,79
60,100,0.02499842643737793,79
61,52,0.02600383758544922,79
62,100,0.02249455451965332,79
63,22,0.025002717971801758,79
64,18,0.021992206573486328,79
65,23,0.02099919319152832,79
66,45,0.02297067642211914,79
67,50,0.02400946617126465,79
68,50,0.024997711181640625,79
69,34,0.022999286651611328,79
70,30,0.021999835968017578,79
71,23,0.026007652282714844,79
72,32,0.021001815795898438,79
73,27,0.024991273880004883,79
74,40,0.032651662826538086,79
75,26,0.029001951217651367,79
76,9,0.021998882293701172,79
77,29,0.023039817810058594,79
78,43,0.021964550018310547,79
79,40,0.021012306213378906,79
80,16,0.022985219955444336,79
81,28,0.028004169464111328,79
82,12,0.0220029354095459,79
83,41,0.02399611473083496,79
84,17,0.024001359939575195,79
85,100,0.021999120712280273,79
86,11,0.02299952507019043,79
87,9,0.02000141143798828,79
88,100,0.023995637893676758,79
89,17,0.021018028259277344,79
90,12,0.02210068702697754,79
91,14,0.020981311798095703,79
92,17,0.02805304527282715,79
93,98,0.028977394104003906,79
94,34,0.029002904891967773,79
95,23,0.024006366729736328,79
96,24,0.02199268341064453,79
97,28,0.02100849151611328,79
98,53,0.02200007438659668,79
99,23,0.026000022888183594,79
100,27,0.02399468421936035,79
101,47,0.024004459381103516,79
102,20,0.02400374412536621,79
103,11,0.019991636276245117,79
104,25,0.023509979248046875,79
105,42,0.021999120712280273,79
106,46,0.018994808197021484,79
107,63,0.028000354766845703,79
108,29,0.020000457763671875,79
109,40,0.02101731300354004,79
110,16,0.019985675811767578,79
111,39,0.020001649856567383,79
112,30,0.02003312110900879,79
113,28,0.02397894859313965,79
114,34,0.022003650665283203,79
115,10,0.021022796630859375,79
116,51,0.023970365524291992,79
117,14,0.021000146865844727,79
118,42,0.026001453399658203,79
119,44,0.0199739933013916,79
120,30,0.01900339126586914,79
121,13,0.018993377685546875,79
122,50,0.024002552032470703,79
123,17,0.01902937889099121,79
124,39,0.024970293045043945,79
125,73,0.02300739288330078,79
126,49,0.02099013328552246,79
127,18,0.02400684356689453,79
128,54,0.024997949600219727,79
129,51,0.026996374130249023,79
130,33,0.02300405502319336,79
131,95,0.0240018367767334,79
132,83,0.022002696990966797,79
133,22,0.02498769760131836,79
134,22,0.02100372314453125,79
135,12,0.020984172821044922,79
136,96,0.02199864387512207,79
137,30,0.023993492126464844,79
138,100,0.022022008895874023,79
139,45,0.022994518280029297,79
140,33,0.02602076530456543,79
141,31,0.02600264549255371,79
142,10,0.022011518478393555,79
143,47,0.01898789405822754,79
144,41,0.024960041046142578,79
145,32,0.026001453399658203,79
146,6,0.021999359130859375,79
147,15,0.020000457763671875,79
148,55,0.02299666404724121,79
149,28,0.024073362350463867,79
150,14,0.024967670440673828,79
151,11,0.021996736526489258,79
152,100,0.02500462532043457,79
153,46,0.02299976348876953,79
154,14,0.02500009536743164,79
155,23,0.023020505905151367,79
156,31,0.021975040435791016,79
157,60,0.02201533317565918,79
158,53,0.02500605583190918,79
159,21,0.02201533317565918,79
160,81,0.02298116683959961,79
161,16,0.0229947566986084,79
162,14,0.023000717163085938,79
163,30,0.024996042251586914,79
164,38,0.023005008697509766,79
165,44,0.025012493133544922,79
166,31,0.02298712730407715,79
167,11,0.02268815040588379,79
168,30,0.02198338508605957,79
169,100,0.02200174331665039,79
170,30,0.024001359939575195,79
171,23,0.022997617721557617,79
172,16,0.022994041442871094,79
173,35,0.024981021881103516,79
174,43,0.024000883102416992,79
175,21,0.023000240325927734,79
176,50,0.017995119094848633,79
177,30,0.022548913955688477,79
178,6,0.019998788833618164,79
179,6,0.02100515365600586,79
180,14,0.02499699592590332,79
181,55,0.02100682258605957,79
182,64,0.026000261306762695,79
183,73,0.022031784057617188,79
184,9,0.02198028564453125,79
185,24,0.022995710372924805,79
186,35,0.02100396156311035,79
187,30,0.022998332977294922,79
188,100,0.02300238609313965,79
189,48,0.022011280059814453,79
190,70,0.02499103546142578,79
191,36,0.02297210693359375,79
192,17,0.02199530601501465,79
193,68,0.02402353286743164,79
194,8,0.022989511489868164,79
195,10,0.02298569679260254,79
196,19,0.02100062370300293,79
197,100,0.020032167434692383,79
198,22,0.02204442024230957,79
199,22,0.023006439208984375,79
200,40,0.020993947982788086,79
201,75,0.02698802947998047,79
202,33,0.02199554443359375,79
203,32,0.021999120712280273,79
204,52,0.022032976150512695,79
205,100,0.02196788787841797,79
206,32,0.021972179412841797,79
207,95,0.019999980926513672,79
208,100,0.022533893585205078,79
209,17,0.022999286651611328,79
210,25,0.029000043869018555,79
211,13,0.02200007438659668,79
212,6,0.024013757705688477,79
213,15,0.0220029354095459,79
214,24,0.022001028060913086,79
215,14,0.026002168655395508,79
216,19,0.020012378692626953,79
217,26,0.02298450469970703,79
218,10,0.02600407600402832,79
219,52,0.02599787712097168,79
220,11,0.020027637481689453,79
221,10,0.02299976348876953,79
222,30,0.02226567268371582,79
223,15,0.02495431900024414,79
224,47,0.01799750328063965,79
225,66,0.021032094955444336,79
226,38,0.025954484939575195,79
227,96,0.02399444580078125,79
228,56,0.022007465362548828,79
229,38,0.02399754524230957,79
230,43,0.019988059997558594,79
231,20,0.02299332618713379,79
232,43,0.021008014678955078,79
233,79,0.02100968360900879,79
234,72,0.024016857147216797,79
235,27,0.02201056480407715,79
236,43,0.023978710174560547,79
237,22,0.020992517471313477,79
238,61,0.022055864334106445,79
239,60,0.02497386932373047,79
240,11,0.023994922637939453,79
241,77,0.0260012149810791,79
242,10,0.02300238609313965,79
243,16,0.026017189025878906,79
244,30,0.021984100341796875,79
245,43,0.02100372314453125,79
246,28,0.02599644660949707,79
247,32,0.023000240325927734,79
248,30,0.02099442481994629,79
249,46,0.02200484275817871,79
250,39,0.02599930763244629,79
251,44,0.020995140075683594,79
252,12,0.023000001907348633,79
253,68,0.022016525268554688,79
254,81,0.019995450973510742,79
255,69,0.021035194396972656,79
256,10,0.0219728946685791,79
257,50,0.02357196807861328,79
258,61,0.022968292236328125,79
259,60,0.022002458572387695,79
260,29,0.020999908447265625,79
261,80,0.022017717361450195,79
262,49,0.025998592376708984,79
263,34,0.027998924255371094,79
264,22,0.02399897575378418,79
265,22,0.0260159969329834,79
266,50,0.021516084671020508,79
267,23,0.023992300033569336,79
268,48,0.0240018367767334,79
269,10,0.02199697494506836,79
270,14,0.023000240325927734,79
271,68,0.021027088165283203,79
272,92,0.02000713348388672,79
273,10,0.02299952507019043,79
274,100,0.02102804183959961,79
275,21,0.025023937225341797,79
276,15,0.02200174331665039,79
277,40,0.02400970458984375,79
278,23,0.02097010612487793,79
279,16,0.019999980926513672,79
280,100,0.020999670028686523,79
281,26,0.020023584365844727,79
282,19,0.024966716766357422,79
283,15,0.021001577377319336,79
284,49,0.025001049041748047,79
285,24,0.02599787712097168,79
286,19,0.025006771087646484,79
287,21,0.02199578285217285,79
288,81,0.02699756622314453,79
289,51,0.02400374412536621,79
290,30,0.02499866485595703,79
291,71,0.02000880241394043,79
292,8,0.020987510681152344,79
293,50,0.022006511688232422,79
294,31,0.02200174331665039,79
295,51,0.023985624313354492,79
296,9,0.021987438201904297,79
297,37,0.02197122573852539,79
298,17,0.028014421463012695,79
299,53,0.021993398666381836,79
300,27,0.024003267288208008,79
301,34,0.020986318588256836,79
302,15,0.020026445388793945,79
303,40,0.022963762283325195,79
304,26,0.021016836166381836,79
305,50,0.02200484275817871,79
306,25,0.023006916046142578,79
307,83,0.020991802215576172,79
308,37,0.02098679542541504,79
309,13,0.022004127502441406,79
310,22,0.02401900291442871,79
311,15,0.019971609115600586,79
312,14,0.024005889892578125,79
313,36,0.020025253295898438,79
314,19,0.02097177505493164,79
315,18,0.026999235153198242,79
316,16,0.022566795349121094,79
317,100,0.022973060607910156,79
318,38,0.022005558013916016,79
319,23,0.02297186851501465,79
320,25,0.026004552841186523,79
321,36,0.02300119400024414,79
322,22,0.024995088577270508,79
323,35,0.022003650665283203,79
324,30,0.020016193389892578,79
325,100,0.023049592971801758,79
326,100,0.02198648452758789,79
327,64,0.023003339767456055,79
328,38,0.0249936580657959,79
329,12,0.02400350570678711,79
330,39,0.02500009536743164,79
331,100,0.021998167037963867,79
332,24,0.020998477935791016,79
333,28,0.019003868103027344,79
334,24,0.019995450973510742,79
335,44,0.02200460433959961,79
336,60,0.021971940994262695,79
337,27,0.02003931999206543,79
338,51,0.020002126693725586,79
339,61,0.025000810623168945,79
340,32,0.021024465560913086,79
341,86,0.022998809814453125,79
342,29,0.018988847732543945,79
343,38,0.02103137969970703,79
344,50,0.01897120475769043,79
345,53,0.0249483585357666,79
346,40,0.02099895477294922,79
347,21,0.021006345748901367,79
348,19,0.021009445190429688,79
349,47,0.02296900749206543,79
350,18,0.0220029354095459,79
351,100,0.022012710571289062,79
352,100,0.021013736724853516,79
353,21,0.02599954605102539,79
354,48,0.020999670028686523,79
355,19,0.019991636276245117,79
356,13,0.027008056640625,79
357,25,0.021033763885498047,79
358,74,0.022005319595336914,79
359,9,0.022977590560913086,79
360,41,0.021999835968017578,79
361,16,0.026009559631347656,79
362,100,0.020958662033081055,79
363,41,0.025998830795288086,79
364,14,0.023003816604614258,79
365,73,0.0240325927734375,79
366,16,0.020967721939086914,79
367,42,0.021002531051635742,79
368,75,0.020020008087158203,79
369,25,0.022998571395874023,79
370,67,0.02100348472595215,79
371,87,0.024989604949951172,79
372,25,0.022999286651611328,79
373,47,0.021010875701904297,79
374,100,0.021984100341796875,79
375,54,0.024130821228027344,79
376,14,0.021006107330322266,79
377,28,0.021993160247802734,79
378,41,0.023999452590942383,79
379,39,0.024018049240112305,79
380,72,0.021978378295898438,79
381,10,0.0200042724609375,79
382,17,0.023015260696411133,79
383,45,0.023012161254882812,79
384,46,0.021999359130859375,79
385,9,0.021517515182495117,79
386,63,0.022002458572387695,79
387,11,0.02199697494506836,79
388,51,0.024004220962524414,79
389,50,0.019994735717773438,79
390,85,0.022004365921020508,79
391,100,0.022001028060913086,79
392,64,0.021010637283325195,79
393,16,0.024010419845581055,79
394,50,0.021147966384887695,79
395,70,0.025963544845581055,79
396,19,0.020006895065307617,79
397,22,0.0209963321685791,79
398,94,0.025996685028076172,79
399,100,0.02298903465270996,79
400,47,0.022027015686035156,79
401,14,0.02399134635925293,79
402,100,0.023004531860351562,79
403,27,0.022002458572387695,79
404,28,0.02599477767944336,79
405,65,0.021007776260375977,79
406,36,0.02099609375,79
407,37,0.023005247116088867,79
408,18,0.025000572204589844,79
409,24,0.022996902465820312,79
410,56,0.024997711181640625,79
411,40,0.02200174331665039,79
412,39,0.02299952507019043,79
413,13,0.019999980926513672,79
414,32,0.022001981735229492,79
415,10,0.02300119400024414,79
416,49,0.022003889083862305,79
417,21,0.023990869522094727,79
418,22,0.021028995513916016,79
419,61,0.022986888885498047,79
420,100,0.021030426025390625,79
421,100,0.02199411392211914,79
422,83,0.021964311599731445,79
423,55,0.021999835968017578,79
424,16,0.024005413055419922,79
425,97,0.023994922637939453,79
426,38,0.026002168655395508,79
427,13,0.021996736526489258,79
428,12,0.021000146865844727,79
429,61,0.023998737335205078,79
430,42,0.022000789642333984,79
431,48,0.019006013870239258,79
432,46,0.027005672454833984,79
433,25,0.01998281478881836,79
434,39,0.024005413055419922,79
435,24,0.02455902099609375,79
436,16,0.024981021881103516,79
437,36,0.021002531051635742,79
438,10,0.02300262451171875,79
439,26,0.023994922637939453,79
440,18,0.02500128746032715,79
441,69,0.024018526077270508,79
442,12,0.020972013473510742,79
443,100,0.026002168655395508,79
444,100,0.024513959884643555,79
445,50,0.020984888076782227,79
446,46,0.02399897575378418,79
447,12,0.021995067596435547,79
448,40,0.023002147674560547,79
449,33,0.02002239227294922,79
450,41,0.02197575569152832,79
451,40,0.02499866485595703,79
452,100,0.020998477935791016,79
453,54,0.0220339298248291,79
454,30,0.023965120315551758,79
455,58,0.02501058578491211,79
456,15,0.023015737533569336,79
457,36,0.022975683212280273,79
458,20,0.025002002716064453,79
459,16,0.022005796432495117,79
460,50,0.025989532470703125,79
461,51,0.02300286293029785,79
462,22,0.022995710372924805,79
463,54,0.02700638771057129,79
464,38,0.02000117301940918,79
465,80,0.02302098274230957,79
466,15,0.019997358322143555,79
467,7,0.021001100540161133,79
468,23,0.02297210693359375,79
469,56,0.02500176429748535,79
470,32,0.02399921417236328,79
471,45,0.021998167037963867,79
472,18,0.024002790451049805,79
473,46,0.027013540267944336,79
474,89,0.02101898193359375,79
475,47,0.024996519088745117,79
476,65,0.022009849548339844,79
477,26,0.02299666404724121,79
478,86,0.026001930236816406,79
479,100,0.02299666404724121,79
480,65,0.024016380310058594,79
481,47,0.025980472564697266,79
482,36,0.02103257179260254,79
483,13,0.01997518539428711,79
484,22,0.02199721336364746,79
485,100,0.02099466323852539,79
486,13,0.023005008697509766,79
487,34,0.021996498107910156,79
488,26,0.02751636505126953,79
489,43,0.020520687103271484,79
490,37,0.025005817413330078,79
491,24,0.020994901657104492,79
492,13,0.021971702575683594,79
493,45,0.020004749298095703,79
494,7,0.020000696182250977,79
495,29,0.022999048233032227,79
496,66,0.0229949951171875,79
497,25,0.025003910064697266,79
498,45,0.025016069412231445,79
499,17,0.01997995376586914,79
500,11,0.02601003646850586,79
501,30,0.022005558013916016,79
502,46,0.02598738670349121,79
503,45,0.020997285842895508,79
504,100,0.022016525268554688,79
505,33,0.024031639099121094,79
506,25,0.023969173431396484,79
507,15,0.023999691009521484,79
508,68,0.02300882339477539,79
509,100,0.02296757698059082,79
510,47,0.02199268341064453,79
511,21,0.020028114318847656,79
512,41,0.024976253509521484,79
513,40,0.02097940444946289,79
514,44,0.020006895065307617,79
515,41,0.020001649856567383,79
516,44,0.020056962966918945,79
517,11,0.0219419002532959,79
518,22,0.02199840545654297,79
519,12,0.023004531860351562,79
520,14,0.02199578285217285,79
521,56,0.018999576568603516,79
522,14,0.024002552032470703,79
523,10,0.020002126693725586,79
524,66,0.02000880241394043,79
525,10,0.022000551223754883,79
526,27,0.02502274513244629,79
527,100,0.019994735717773438,79
528,18,0.02400064468383789,79
529,9,0.021012067794799805,79
530,25,0.023997068405151367,79
531,54,0.025988340377807617,79
532,12,0.021006107330322266,79
533,27,0.0249936580657959,79
534,20,0.01999974250793457,79
535,27,0.023004531860351562,79
536,30,0.02099776268005371,79
537,29,0.020015478134155273,79
538,40,0.026987314224243164,79
539,68,0.02299952507019043,79
540,18,0.023998498916625977,79
541,67,0.024998903274536133,79
542,35,0.024001598358154297,79
543,83,0.024996280670166016,79
544,55,0.021999359130859375,79
545,33,0.021994352340698242,79
546,16,0.021999597549438477,79
547,39,0.022005796432495117,79
548,20,0.022001028060913086,79
549,32,0.021995067596435547,79
550,75,0.022004365921020508,79
551,67,0.0205230712890625,79
552,55,0.01988387107849121,79
553,53,0.024012088775634766,79
554,52,0.021010398864746094,79
555,66,0.02098703384399414,79
556,88,0.027976274490356445,79
557,83,0.02499675750732422,79
558,15,0.02599191665649414,79
559,100,0.023000240325927734,79
560,43,0.0219879150390625,79
561,100,0.021524667739868164,79
562,9,0.023991823196411133,79
563,100,0.021994352340698242,79
564,50,0.024000883102416992,79
565,8,0.023000478744506836,79
566,100,0.022995948791503906,79
567,16,0.022999048233032227,79
568,30,0.020004987716674805,79
569,58,0.02099466323852539,79
570,37,0.022034645080566406,79
571,100,0.021965742111206055,79
572,27,0.020996809005737305,79
573,100,0.0240020751953125,79
574,25,0.020024538040161133,79
575,18,0.024961233139038086,79
576,44,0.02602863311767578,79
577,55,0.02000141143798828,79
578,53,0.022023439407348633,79
579,14,0.019999980926513672,79
580,27,0.021999835968017578,79
581,68,0.022998809814453125,79
582,26,0.02101731300354004,79
583,29,0.02299332618713379,79
584,38,0.024997711181640625,79
585,100,0.026015043258666992,79
586,53,0.02103114128112793,79
587,52,0.020984888076782227,79
588,13,0.02298283576965332,79
589,8,0.023023128509521484,79
590,38,0.019999027252197266,79
591,66,0.021992921829223633,79
592,79,0.022980928421020508,79
593,42,0.021030664443969727,79
594,86,0.02399897575378418,79
595,13,0.02300119400024414,79
596,50,0.022998571395874023,79
597,14,0.02300095558166504,79
598,18,0.02400040626525879,79
599,32,0.025030136108398438,79
600,16,0.020972013473510742,79
601,20,0.024529695510864258,79
602,100,0.023993730545043945,79
603,35,0.01999974250793457,79
604,38,0.02400040626525879,79
605,60,0.019999027252197266,79
606,44,0.020998716354370117,79
607,9,0.02200174331665039,79
608,100,0.021998167037963867,79
609,62,0.02500295639038086,79
610,22,0.0240786075592041,79
611,12,0.023993253707885742,79
612,43,0.025998592376708984,79
613,100,0.01998758316040039,79
614,17,0.02301025390625,79
615,45,0.023992538452148438,79
616,37,0.02200484275817871,79
617,40,0.02100062370300293,79
618,42,0.020032405853271484,79
619,56,0.01899266242980957,79
620,65,0.023035526275634766,79
621,85,0.021024703979492188,79
622,53,0.02499103546142578,79
623,8,0.019000768661499023,79
624,41,0.023000478744506836,79
625,37,0.024002790451049805,79
626,35,0.0250093936920166,79
627,37,0.019994735717773438,79
628,35,0.023011445999145508,79
629,19,0.023983240127563477,79
630,100,0.02402329444885254,79
631,22,0.021967411041259766,79
632,100,0.023029804229736328,79
633,32,0.02100348472595215,79
634,100,0.02099919319152832,79
635,43,0.02299356460571289,79
636,14,0.02100348472595215,79
637,22,0.022502422332763672,79
638,39,0.02400040626525879,79
639,97,0.02001357078552246,79
640,32,0.01900029182434082,79
641,50,0.025043487548828125,79
642,64,0.023984432220458984,79
643,32,0.02297353744506836,79
644,13,0.033998727798461914,79
645,80,0.030999422073364258,79
646,53,0.03800082206726074,79
647,19,0.03800010681152344,79
648,28,0.027997732162475586,79
649,56,0.0260012149810791,79
650,98,0.02397751808166504,79
651,36,0.027002334594726562,79
652,12,0.023996353149414062,79
653,51,0.019999265670776367,79
654,26,0.023990154266357422,79
655,37,0.02299666404724121,79
656,37,0.025019168853759766,79
657,100,0.020987749099731445,79
658,100,0.019003868103027344,79
659,22,0.02299809455871582,79
660,82,0.02199530601501465,79
661,34,0.020030498504638672,79
662,29,0.023969411849975586,79
663,10,0.01900458335876465,79
664,41,0.021002531051635742,79
665,12,0.025999784469604492,79
666,15,0.026019573211669922,79
667,13,0.02404165267944336,79
668,100,0.020984172821044922,79
669,53,0.020999908447265625,79
670,10,0.02700018882751465,79
671,11,0.01999974250793457,79
672,13,0.023000717163085938,79
673,37,0.020999908447265625,79
674,22,0.02099919319152832,79
675,14,0.026001691818237305,79
676,89,0.021506547927856445,79
677,58,0.021028518676757812,79
678,100,0.021994352340698242,79
679,34,0.024001598358154297,79
680,49,0.021999597549438477,79
681,71,0.027002573013305664,79
682,81,0.027029752731323242,79
683,34,0.023986101150512695,79
684,54,0.02299952507019043,79
685,38,0.021998882293701172,79
686,9,0.02100229263305664,79
687,73,0.024007558822631836,79
688,47,0.021999835968017578,79
689,33,0.023972034454345703,79
690,25,0.02299332618713379,79
691,21,0.022005319595336914,79
692,48,0.02200794219970703,79
693,94,0.02098870277404785,79
694,44,0.02399921417236328,79
695,72,0.023005008697509766,79
696,52,0.02499246597290039,79
697,51,0.022007226943969727,79
698,45,0.022991657257080078,79
699,24,0.023999452590942383,79
700,26,0.02200484275817871,79
701,62,0.022996187210083008,79
702,56,0.025003910064697266,79
703,31,0.02305293083190918,79
704,7,0.023996353149414062,79
705,26,0.022006988525390625,79
706,26,0.035027503967285156,79
707,57,0.020987510681152344,79
708,100,0.022999048233032227,79
709,47,0.023998260498046875,79
710,100,0.022997140884399414,79
711,18,0.023000001907348633,79
712,32,0.02299976348876953,79
713,19,0.02002692222595215,79
714,28,0.024990558624267578,79
715,100,0.024992704391479492,79
716,83,0.02307271957397461,79
717,31,0.023998498916625977,79
718,16,0.024031400680541992,79
719,54,0.019973278045654297,79
720,95,0.022988557815551758,79
721,56,0.025997161865234375,79
722,25,0.02199721336364746,79
723,33,0.02200007438659668,79
724,44,0.023016929626464844,79
725,25,0.023001670837402344,79
726,27,0.022024154663085938,79
727,61,0.021978139877319336,79
728,18,0.022000551223754883,79
729,58,0.020996809005737305,79
730,48,0.022066831588745117,79
731,22,0.01996588706970215,79
732,14,0.020996809005737305,79
733,32,0.020015478134155273,79
734,27,0.020940065383911133,79
735,14,0.026000261306762695,79
736,90,0.02099752426147461,79
737,21,0.0200042724609375,79
738,36,0.019997358322143555,79
739,100,0.02199697494506836,79
740,56,0.02296590805053711,79
741,53,0.02200174331665039,79
742,28,0.020995378494262695,79
743,55,0.022000789642333984,79
744,60,0.022002696990966797,79
745,52,0.022996187210083008,79
746,50,0.02300119400024414,79
747,9,0.022013187408447266,79
748,26,0.020990610122680664,79
749,23,0.023000240325927734,79
750,26,0.022989511489868164,79
751,24,0.020004749298095703,79
752,67,0.021997690200805664,79
753,8,0.02095317840576172,79
754,30,0.023002147674560547,79
755,66,0.02499985694885254,79
756,40,0.021001577377319336,79
757,32,0.019992589950561523,79
758,83,0.02799844741821289,79
759,8,0.025996923446655273,79
760,20,0.023020029067993164,79
761,20,0.024999141693115234,79
762,11,0.02499842643737793,79
763,46,0.02301764488220215,79
764,19,0.022001981735229492,79
765,50,0.022031784057617188,79
766,17,0.025982141494750977,79
767,98,0.020004749298095703,79
768,28,0.026004791259765625,79
769,26,0.021002769470214844,79
770,100,0.02099442481994629,79
771,12,0.02400064468383789,79
772,62,0.02213764190673828,79
773,47,0.02699875831604004,79
774,15,0.02300238609313965,79
775,42,0.02400064468383789,79
776,10,0.02000141143798828,79
777,29,0.02599930763244629,79
778,63,0.022980213165283203,79
779,81,0.0210268497467041,79
780,14,0.02297043800354004,79
781,19,0.021993398666381836,79
782,53,0.02101755142211914,79
783,74,0.025000810623168945,79
784,40,0.021014928817749023,79
785,19,0.01999974250793457,79
786,81,0.024008989334106445,79
787,43,0.02099919319152832,79
788,80,0.02499699592590332,79
789,23,0.02202010154724121,79
790,39,0.020978450775146484,79
791,56,0.02500319480895996,79
792,18,0.02199578285217285,79
793,13,0.025005817413330078,79
794,10,0.023027658462524414,79
795,27,0.0199887752532959,79
796,61,0.023972272872924805,79
797,67,0.022001266479492188,79
798,61,0.02500128746032715,79
799,23,0.02098989486694336,79
800,84,0.024006366729736328,79
801,34,0.021996259689331055,79
802,15,0.020030498504638672,79
803,40,0.022971153259277344,79
804,23,0.0240018367767334,79
805,35,0.027019500732421875,79
806,59,0.02198052406311035,79
807,50,0.0209963321685791,79
808,68,0.02500295639038086,79
809,56,0.024997234344482422,79
810,10,0.02599954605102539,79
811,100,0.019997596740722656,79
812,52,0.021024703979492188,79
813,29,0.024089336395263672,79
814,43,0.021976709365844727,79
815,96,0.021004438400268555,79
816,49,0.02199077606201172,79
817,91,0.020996570587158203,79
818,12,0.026002883911132812,79
819,26,0.022010087966918945,79
820,17,0.021049022674560547,79
821,58,0.022942781448364258,79
822,9,0.026546001434326172,79
823,45,0.024026870727539062,79
824,68,0.02198052406311035,79
825,28,0.024996280670166016,79
826,22,0.02468562126159668,79
827,100,0.027422189712524414,79
828,59,0.024003267288208008,79
829,20,0.02300882339477539,79
830,9,0.022988080978393555,79
831,15,0.02399897575378418,79
832,46,0.02301478385925293,79
833,30,0.0239717960357666,79
834,48,0.024018526077270508,79
835,27,0.02098250389099121,79
836,82,0.022970199584960938,79
837,51,0.02399611473083496,79
838,25,0.021000146865844727,79
839,15,0.023960113525390625,79
840,14,0.026010751724243164,79
841,37,0.02298903465270996,79
842,24,0.02300119400024414,79
843,68,0.0229952335357666,79
844,16,0.02199840545654297,79
845,18,0.023000001907348633,79
846,16,0.0209653377532959,79
847,35,0.025001049041748047,79
848,18,0.021999359130859375,79
849,28,0.022002696990966797,79
850,13,0.023000717163085938,79
851,42,0.024003982543945312,79
852,19,0.0209963321685791,79
853,20,0.024995803833007812,79
854,69,0.022020816802978516,79
855,16,0.023997783660888672,79
856,14,0.02200174331665039,79
857,23,0.022023677825927734,79
858,22,0.02497577667236328,79
859,90,0.0220181941986084,79
860,25,0.026018381118774414,79
861,39,0.024981021881103516,79
862,26,0.0260012149810791,79
863,58,0.02202582359313965,79
864,58,0.023971080780029297,79
865,8,0.020972251892089844,79
866,18,0.019999980926513672,79
867,20,0.027004480361938477,79
868,30,0.02299809455871582,79
869,79,0.0240023136138916,79
870,23,0.023998022079467773,79
871,27,0.022004127502441406,79
872,12,0.024004459381103516,79
873,100,0.019989728927612305,79
874,14,0.021004199981689453,79
875,84,0.02299809455871582,79
876,58,0.01997518539428711,79
877,18,0.025003433227539062,79
878,16,0.02400350570678711,79
879,86,0.024998188018798828,79
880,36,0.022998809814453125,79
881,22,0.02000284194946289,79
882,31,0.022984027862548828,79
883,45,0.02102518081665039,79
884,59,0.02201056480407715,79
885,24,0.023994922637939453,79
886,13,0.022999286651611328,79
887,29,0.024005413055419922,79
888,15,0.02299976348876953,79
889,100,0.021999835968017578,79
890,23,0.02300095558166504,79
891,28,0.022998571395874023,79
892,35,0.024998903274536133,79
893,20,0.02100682258605957,79
894,23,0.022994279861450195,79
895,37,0.026997089385986328,79
896,16,0.01999950408935547,79
897,13,0.02300119400024414,79
898,17,0.022037982940673828,79
899,100,0.020964622497558594,79
900,26,0.023014307022094727,79
901,17,0.020970582962036133,79
902,49,0.026006221771240234,79
903,9,0.020993947982788086,79
904,43,0.021011829376220703,79
905,11,0.020989656448364258,79
906,72,0.022989749908447266,79
907,8,0.023996829986572266,79
908,18,0.024028301239013672,79
909,41,0.021969079971313477,79
910,34,0.026020050048828125,79
911,27,0.02100086212158203,79
912,22,0.02500128746032715,79
913,100,0.020011425018310547,79
914,10,0.023027896881103516,79
915,66,0.02397012710571289,79
916,59,0.02203059196472168,79
917,22,0.020994901657104492,79
918,30,0.02400684356689453,79
919,51,0.02404642105102539,79
920,59,0.026998043060302734,79
921,31,0.02001500129699707,79
922,8,0.02298259735107422,79
923,97,0.02202296257019043,79
924,33,0.021004915237426758,79
925,20,0.0239713191986084,79
926,9,0.02203655242919922,79
927,15,0.020965099334716797,79
928,14,0.022998571395874023,79
929,27,0.021997690200805664,79
930,17,0.02355027198791504,79
931,39,0.0260007381439209,79
932,79,0.024005413055419922,79
933,55,0.022983551025390625,79
934,54,0.022007226943969727,79
935,52,0.02097940444946289,79
936,50,0.02399730682373047,79
937,39,0.028015851974487305,79
938,33,0.022984027862548828,79
939,30,0.019989013671875,79
940,35,0.02758646011352539,79
941,10,0.019961118698120117,79
942,69,0.023037195205688477,79
943,13,0.022980690002441406,79
944,97,0.02097153663635254,79
945,26,0.02100968360900879,79
946,76,0.024986743927001953,79
947,57,0.026002883911132812,79
948,84,0.0220029354095459,79
949,48,0.022991418838500977,79
950,29,0.021996736526489258,79
951,71,0.022000789642333984,79
952,11,0.023021697998046875,79
953,60,0.020981788635253906,79
954,29,0.02598118782043457,79
955,25,0.023000001907348633,79
956,17,0.023000717163085938,79
957,19,0.023018598556518555,79
958,16,0.02197742462158203,79
959,70,0.02003169059753418,79
960,19,0.02101588249206543,79
961,56,0.022958040237426758,79
962,34,0.0220034122467041,79
963,29,0.02199864387512207,79
964,17,0.020003080368041992,79
965,29,0.023995637893676758,79
966,47,0.023003101348876953,79
967,38,0.02100086212158203,79
968,13,0.01797795295715332,79
969,29,0.024003982543945312,79
970,16,0.021996498107910156,79
971,60,0.02501988410949707,79
972,31,0.022995710372924805,79
973,35,0.026000499725341797,79
974,58,0.02600264549255371,79
975,17,0.022995710372924805,79
976,36,0.022000789642333984,79
977,21,0.020000219345092773,79
978,36,0.020000934600830078,79
979,37,0.022017240524291992,79
980,23,0.023000001907348633,79
981,53,0.02700328826904297,79
982,19,0.023996353149414062,79
983,11,0.025001049041748047,79
984,24,0.022034883499145508,79
985,83,0.02296590805053711,79
986,49,0.027024269104003906,79
987,24,0.020987510681152344,79
988,25,0.02298116683959961,79
989,100,0.02201557159423828,79
990,26,0.02197551727294922,79
991,12,0.024007081985473633,79
992,95,0.02101302146911621,79
993,62,0.02196788787841797,79
994,100,0.021992921829223633,79
995,36,0.01999974250793457,79
996,21,0.024002790451049805,79
997,45,0.020000219345092773,79
998,43,0.019032716751098633,79
999,80,0.02000880241394043,79
