Episode,Steps,Time,Converged at Iterations
0,10,0.03851056098937988,79
1,32,0.0260009765625,79
2,30,0.030025005340576172,79
3,100,0.031977176666259766,79
4,14,0.029013872146606445,79
5,15,0.02698683738708496,79
6,56,0.026997089385986328,79
7,15,0.028999805450439453,79
8,58,0.03300142288208008,79
9,17,0.027999162673950195,79
10,14,0.03099846839904785,79
11,40,0.028000831604003906,79
12,55,0.027998924255371094,79
13,60,0.023003816604614258,79
14,13,0.025000333786010742,79
15,10,0.023999691009521484,79
16,100,0.02499985694885254,79
17,12,0.02505970001220703,79
18,12,0.021975994110107422,79
19,20,0.02299952507019043,79
20,83,0.023998737335205078,79
21,62,0.02300262451171875,79
22,26,0.026001930236816406,79
23,38,0.030002593994140625,79
24,22,0.025010347366333008,79
25,37,0.024985551834106445,79
26,9,0.02799224853515625,79
27,39,0.027972936630249023,79
28,100,0.024001598358154297,79
29,100,0.02797102928161621,79
30,100,0.028007984161376953,79
31,17,0.029999971389770508,79
32,100,0.030996084213256836,79
33,87,0.028002262115478516,79
34,46,0.023998022079467773,79
35,29,0.023024797439575195,79
36,32,0.03000020980834961,79
37,46,0.027998924255371094,79
38,33,0.033000946044921875,79
39,25,0.030000686645507812,79
40,16,0.02299809455871582,79
41,19,0.028003454208374023,79
42,25,0.031999826431274414,79
43,100,0.02900075912475586,79
44,48,0.02499842643737793,79
45,35,0.030999183654785156,79
46,24,0.03300213813781738,79
47,11,0.03203129768371582,79
48,10,0.027997255325317383,79
49,60,0.02499842643737793,79
50,93,0.02700066566467285,79
51,100,0.030999422073364258,79
52,27,0.022998332977294922,79
53,37,0.03100109100341797,79
54,7,0.032000064849853516,79
55,92,0.029514789581298828,79
56,30,0.02600407600402832,79
57,19,0.030997514724731445,79
58,15,0.028734207153320312,79
59,20,0.026996135711669922,79
60,57,0.03400135040283203,79
61,77,0.027002811431884766,79
62,16,0.03899860382080078,79
63,100,0.027004003524780273,79
64,100,0.036002159118652344,79
65,27,0.03253436088562012,79
66,13,0.03598141670227051,79
67,10,0.028004884719848633,79
68,57,0.02699732780456543,79
69,9,0.027997970581054688,79
70,100,0.030028343200683594,79
71,20,0.03199028968811035,79
72,34,0.030980348587036133,79
73,44,0.02499985694885254,79
74,66,0.03299736976623535,79
75,56,0.03999614715576172,79
76,26,0.029000282287597656,79
77,26,0.02900099754333496,79
78,77,0.025996923446655273,79
79,9,0.0260009765625,79
80,64,0.030000686645507812,79
81,55,0.02799820899963379,79
82,46,0.03099989891052246,79
83,31,0.03299903869628906,79
84,23,0.03200364112854004,79
85,22,0.03300189971923828,79
86,14,0.027996540069580078,79
87,25,0.025999069213867188,79
88,32,0.028003931045532227,79
89,26,0.027996063232421875,79
90,71,0.03498196601867676,79
91,53,0.027000904083251953,79
92,14,0.02984142303466797,79
93,32,0.027999162673950195,79
94,39,0.028998374938964844,79
95,78,0.02599787712097168,79
96,9,0.026996850967407227,79
97,56,0.02800607681274414,79
98,55,0.029001951217651367,79
99,34,0.032523393630981445,79
100,100,0.028995752334594727,79
101,49,0.03299975395202637,79
102,69,0.026526927947998047,79
103,31,0.02852153778076172,79
104,18,0.03000164031982422,79
105,35,0.03699994087219238,79
106,25,0.03700399398803711,79
107,27,0.026989221572875977,79
108,43,0.037024497985839844,79
109,25,0.027498960494995117,79
110,18,0.02700352668762207,79
111,69,0.030998945236206055,79
112,28,0.03500056266784668,79
113,41,0.026016712188720703,79
114,23,0.02797532081604004,79
115,42,0.031978607177734375,79
116,35,0.02700328826904297,79
117,100,0.03400015830993652,79
118,66,0.03102588653564453,79
119,88,0.026971101760864258,79
120,10,0.028003692626953125,79
121,42,0.03399777412414551,79
122,33,0.03203248977661133,79
123,58,0.03496956825256348,79
124,23,0.03000044822692871,79
125,25,0.0260012149810791,79
126,12,0.03299665451049805,79
127,29,0.034999847412109375,79
128,66,0.02701711654663086,79
129,27,0.028998851776123047,79
130,32,0.03499794006347656,79
131,26,0.031018972396850586,79
132,25,0.02498650550842285,79
133,11,0.027997970581054688,79
134,24,0.026997804641723633,79
135,34,0.026004314422607422,79
136,24,0.027994155883789062,79
137,16,0.02800297737121582,79
138,96,0.024996280670166016,79
139,21,0.032000064849853516,79
140,100,0.03300642967224121,79
141,31,0.027001619338989258,79
142,32,0.03200101852416992,79
143,25,0.03198742866516113,79
144,65,0.032002925872802734,79
145,95,0.03099846839904785,79
146,65,0.030977964401245117,79
147,72,0.026045799255371094,79
148,23,0.030982017517089844,79
149,88,0.0260012149810791,79
150,19,0.02499866485595703,79
151,33,0.03200268745422363,79
152,40,0.03300333023071289,79
153,16,0.031000137329101562,79
154,46,0.03503155708312988,79
155,51,0.033998727798461914,79
156,17,0.03200674057006836,79
157,33,0.026999950408935547,79
158,21,0.026998281478881836,79
159,19,0.028028249740600586,79
160,9,0.03395843505859375,79
161,24,0.03202629089355469,79
162,55,0.031968116760253906,79
163,12,0.0279998779296875,79
164,50,0.03299999237060547,79
165,28,0.031000614166259766,79
166,19,0.031075716018676758,79
167,24,0.03400063514709473,79
168,19,0.03099966049194336,79
169,24,0.02699875831604004,79
170,25,0.03200030326843262,79
171,19,0.030998945236206055,79
172,13,0.03101515769958496,79
173,9,0.029989242553710938,79
174,29,0.03099989891052246,79
175,40,0.028513431549072266,79
176,34,0.028524160385131836,79
177,24,0.03800082206726074,79
178,79,0.030001163482666016,79
179,100,0.03800034523010254,79
180,100,0.029999256134033203,79
181,30,0.026999473571777344,79
182,22,0.031517744064331055,79
183,17,0.031004905700683594,79
184,18,0.028999805450439453,79
185,13,0.025994062423706055,79
186,46,0.0270082950592041,79
187,94,0.03299999237060547,79
188,47,0.026994943618774414,79
189,19,0.03000187873840332,79
190,45,0.02899765968322754,79
191,10,0.026123523712158203,79
192,34,0.029004812240600586,79
193,19,0.034998416900634766,79
194,8,0.02699899673461914,79
195,78,0.02900075912475586,79
196,61,0.028000354766845703,79
197,81,0.03300070762634277,79
198,11,0.031359195709228516,79
199,46,0.036995649337768555,79
200,27,0.0260009765625,79
201,38,0.026999950408935547,79
202,32,0.033997297286987305,79
203,8,0.027020931243896484,79
204,23,0.02697610855102539,79
205,7,0.026999711990356445,79
206,38,0.028998374938964844,79
207,34,0.025998592376708984,79
208,14,0.029014110565185547,79
209,28,0.026985883712768555,79
210,48,0.02600264549255371,79
211,11,0.030001163482666016,79
212,46,0.037000417709350586,79
213,100,0.030013084411621094,79
214,56,0.025977611541748047,79
215,51,0.0330204963684082,79
216,15,0.027994394302368164,79
217,60,0.026005029678344727,79
218,63,0.0319979190826416,79
219,11,0.02501201629638672,79
220,30,0.02598881721496582,79
221,16,0.03199911117553711,79
222,67,0.02900075912475586,79
223,21,0.030999183654785156,79
224,40,0.0260009765625,79
225,49,0.03300166130065918,79
226,88,0.02500319480895996,79
227,44,0.02699422836303711,79
228,33,0.03600168228149414,79
229,19,0.028003931045532227,79
230,100,0.032000064849853516,79
231,32,0.03399944305419922,79
232,14,0.02900099754333496,79
233,22,0.026997089385986328,79
234,20,0.028031110763549805,79
235,71,0.03196573257446289,79
236,63,0.02807140350341797,79
237,31,0.0369875431060791,79
238,44,0.033989906311035156,79
239,23,0.033033132553100586,79
240,38,0.026964902877807617,79
241,23,0.024005889892578125,79
242,21,0.025996685028076172,79
243,17,0.026001930236816406,79
244,55,0.026516437530517578,79
245,31,0.024999141693115234,79
246,26,0.030007600784301758,79
247,28,0.04099249839782715,79
248,30,0.029999494552612305,79
249,29,0.031998634338378906,79
250,100,0.02997279167175293,79
251,72,0.0299985408782959,79
252,87,0.029003143310546875,79
253,100,0.028995513916015625,79
254,85,0.03198719024658203,79
255,10,0.02800154685974121,79
256,33,0.03000164031982422,79
257,58,0.03200268745422363,79
258,58,0.028007984161376953,79
259,48,0.03299975395202637,79
260,33,0.029000520706176758,79
261,100,0.028994321823120117,79
262,20,0.03301525115966797,79
263,70,0.030989885330200195,79
264,35,0.02699756622314453,79
265,26,0.030004024505615234,79
266,70,0.03199934959411621,79
267,29,0.027001142501831055,79
268,20,0.027997493743896484,79
269,21,0.03399801254272461,79
270,66,0.03200125694274902,79
271,42,0.026998043060302734,79
272,35,0.029000520706176758,79
273,51,0.029004573822021484,79
274,48,0.025029420852661133,79
275,50,0.027999401092529297,79
276,52,0.026976346969604492,79
277,57,0.02800154685974121,79
278,59,0.026999950408935547,79
279,20,0.029994964599609375,79
280,100,0.032004594802856445,79
281,40,0.02802896499633789,79
282,84,0.02899909019470215,79
283,35,0.02899932861328125,79
284,25,0.02599477767944336,79
285,37,0.024997949600219727,79
286,20,0.032003164291381836,79
287,37,0.025998592376708984,79
288,75,0.030000686645507812,79
289,39,0.02553391456604004,79
290,16,0.033986806869506836,79
291,34,0.02797985076904297,79
292,13,0.03396940231323242,79
293,32,0.02902364730834961,79
294,25,0.024975061416625977,79
295,36,0.027997732162475586,79
296,82,0.03299856185913086,79
297,21,0.036000728607177734,79
298,20,0.027996063232421875,79
299,22,0.027999162673950195,79
300,37,0.0330042839050293,79
301,65,0.0249783992767334,79
302,40,0.029001235961914062,79
303,22,0.027995824813842773,79
304,44,0.02700352668762207,79
305,32,0.027993440628051758,79
306,35,0.025995492935180664,79
307,57,0.03400087356567383,79
308,83,0.025000333786010742,79
309,14,0.027006864547729492,79
310,31,0.03300881385803223,79
311,11,0.026976585388183594,79
312,54,0.02798008918762207,79
313,52,0.030020952224731445,79
314,21,0.031003713607788086,79
315,8,0.03199434280395508,79
316,40,0.03299975395202637,79
317,11,0.039000749588012695,79
318,29,0.026998519897460938,79
319,100,0.03101348876953125,79
320,9,0.029000282287597656,79
321,8,0.03799867630004883,79
322,34,0.02899765968322754,79
323,49,0.03300189971923828,79
324,38,0.028998136520385742,79
325,21,0.028002023696899414,79
326,19,0.025998592376708984,79
327,53,0.03255510330200195,79
328,23,0.03300142288208008,79
329,59,0.035994529724121094,79
330,40,0.032029151916503906,79
331,28,0.03200793266296387,79
332,55,0.032016754150390625,79
333,28,0.03751206398010254,79
334,17,0.026021957397460938,79
335,60,0.028979778289794922,79
336,17,0.028005361557006836,79
337,18,0.024994373321533203,79
338,17,0.026004552841186523,79
339,56,0.035996437072753906,79
340,100,0.027011394500732422,79
341,25,0.028037071228027344,79
342,24,0.03301262855529785,79
343,11,0.03499627113342285,79
344,15,0.026998281478881836,79
345,20,0.028002023696899414,79
346,26,0.031000852584838867,79
347,69,0.026999711990356445,79
348,28,0.028038501739501953,79
349,51,0.0339963436126709,79
350,23,0.032000064849853516,79
351,20,0.03399968147277832,79
352,18,0.031019926071166992,79
353,22,0.034996986389160156,79
354,18,0.033971548080444336,79
355,18,0.02899909019470215,79
356,17,0.028005123138427734,79
357,45,0.02599477767944336,79
358,29,0.030020713806152344,79
359,10,0.024979829788208008,79
360,9,0.03800511360168457,79
361,21,0.03601670265197754,79
362,62,0.03298163414001465,79
363,19,0.02700066566467285,79
364,56,0.0230100154876709,79
365,83,0.023996591567993164,79
366,26,0.024997711181640625,79
367,31,0.027997970581054688,79
368,22,0.03199911117553711,79
369,39,0.027005910873413086,79
370,51,0.03400301933288574,79
371,38,0.028024911880493164,79
372,32,0.03399801254272461,79
373,72,0.03799629211425781,79
374,32,0.032999277114868164,79
375,40,0.024997949600219727,79
376,30,0.032998085021972656,79
377,9,0.0355679988861084,79
378,50,0.02699732780456543,79
379,49,0.03299975395202637,79
380,10,0.025003910064697266,79
381,14,0.02899789810180664,79
382,36,0.03000617027282715,79
383,24,0.030013322830200195,79
384,32,0.025981664657592773,79
385,28,0.03200244903564453,79
386,100,0.026996612548828125,79
387,35,0.032030582427978516,79
388,46,0.03397321701049805,79
389,26,0.032000064849853516,79
390,17,0.03199934959411621,79
391,25,0.03399777412414551,79
392,43,0.03600358963012695,79
393,35,0.027001142501831055,79
394,47,0.032994747161865234,79
395,9,0.031004667282104492,79
396,100,0.029999732971191406,79
397,60,0.02899932861328125,79
398,59,0.03602933883666992,79
399,29,0.02497100830078125,79
400,12,0.03099846839904785,79
401,31,0.027005672454833984,79
402,89,0.026000261306762695,79
403,20,0.02899646759033203,79
404,45,0.027001619338989258,79
405,20,0.03000950813293457,79
406,14,0.031987667083740234,79
407,38,0.03200507164001465,79
408,21,0.02700519561767578,79
409,18,0.028998851776123047,79
410,100,0.029997825622558594,79
411,12,0.03400015830993652,79
412,26,0.026003360748291016,79
413,100,0.024994373321533203,79
414,9,0.03200173377990723,79
415,8,0.029027700424194336,79
416,12,0.02499866485595703,79
417,26,0.02599930763244629,79
418,24,0.026002168655395508,79
419,86,0.02899932861328125,79
420,58,0.02899909019470215,79
421,22,0.025995731353759766,79
422,10,0.034000396728515625,79
423,28,0.030045270919799805,79
424,44,0.03099679946899414,79
425,100,0.03299975395202637,79
426,11,0.030002117156982422,79
427,98,0.03499960899353027,79
428,42,0.02900862693786621,79
429,25,0.03399181365966797,79
430,22,0.02699899673461914,79
431,28,0.0370020866394043,79
432,25,0.03300023078918457,79
433,7,0.029980182647705078,79
434,57,0.035001277923583984,79
435,52,0.030999422073364258,79
436,81,0.03200197219848633,79
437,100,0.030001163482666016,79
438,42,0.03199481964111328,79
439,15,0.03201913833618164,79
440,78,0.03998422622680664,79
441,42,0.02799820899963379,79
442,26,0.029001235961914062,79
443,100,0.030000925064086914,79
444,44,0.027004003524780273,79
445,36,0.026998281478881836,79
446,52,0.029001235961914062,79
447,67,0.031002521514892578,79
448,42,0.02701282501220703,79
449,27,0.024987220764160156,79
450,19,0.028995752334594727,79
451,51,0.029003143310546875,79
452,39,0.027000904083251953,79
453,30,0.03699970245361328,79
454,30,0.03200078010559082,79
455,46,0.024997234344482422,79
456,43,0.025999069213867188,79
457,17,0.026004314422607422,79
458,26,0.0339968204498291,79
459,31,0.02704596519470215,79
460,40,0.03000164031982422,79
461,92,0.032996416091918945,79
462,41,0.0350189208984375,79
463,43,0.028998374938964844,79
464,100,0.033002376556396484,79
465,34,0.02899622917175293,79
466,11,0.02952742576599121,79
467,16,0.026000022888183594,79
468,9,0.033006906509399414,79
469,21,0.027999162673950195,79
470,15,0.02800130844116211,79
471,35,0.03099679946899414,79
472,100,0.026001691818237305,79
473,17,0.02651691436767578,79
474,50,0.02652430534362793,79
475,100,0.03100872039794922,79
476,25,0.030031204223632812,79
477,41,0.029965877532958984,79
478,20,0.031000852584838867,79
479,32,0.025996685028076172,79
480,60,0.029003143310546875,79
481,29,0.025995254516601562,79
482,19,0.031000614166259766,79
483,76,0.03200244903564453,79
484,41,0.04001760482788086,79
485,53,0.04202151298522949,79
486,8,0.035003662109375,79
487,12,0.03499722480773926,79
488,75,0.028010129928588867,79
489,40,0.027999401092529297,79
490,100,0.029998302459716797,79
491,15,0.029001474380493164,79
492,14,0.033052921295166016,79
493,20,0.028004884719848633,79
494,55,0.029999256134033203,79
495,8,0.02800154685974121,79
496,51,0.027997732162475586,79
497,96,0.026000022888183594,79
498,15,0.027999162673950195,79
499,55,0.03400063514709473,79
500,57,0.02499866485595703,79
501,37,0.030001401901245117,79
502,40,0.028999805450439453,79
503,47,0.02499985694885254,79
504,55,0.026035785675048828,79
505,36,0.025998353958129883,79
506,16,0.03699994087219238,79
507,44,0.025998592376708984,79
508,56,0.03200125694274902,79
509,16,0.030002593994140625,79
510,89,0.03199648857116699,79
511,10,0.0325169563293457,79
512,11,0.031004905700683594,79
513,26,0.03099989891052246,79
514,26,0.029995441436767578,79
515,20,0.0260012149810791,79
516,40,0.031999826431274414,79
517,9,0.02900075912475586,79
518,8,0.029998779296875,79
519,44,0.030004501342773438,79
520,56,0.02599787712097168,79
521,50,0.028002262115478516,79
522,15,0.028002023696899414,79
523,32,0.028023481369018555,79
524,100,0.03100275993347168,79
525,69,0.03399991989135742,79
526,16,0.02799844741821289,79
527,59,0.03000664710998535,79
528,13,0.027987003326416016,79
529,72,0.024988651275634766,79
530,58,0.03099799156188965,79
531,14,0.029999494552612305,79
532,15,0.03300118446350098,79
533,50,0.0299990177154541,79
534,17,0.028999805450439453,79
535,20,0.025000333786010742,79
536,16,0.02499842643737793,79
537,9,0.0229947566986084,79
538,21,0.028009891510009766,79
539,44,0.029989957809448242,79
540,61,0.03399944305419922,79
541,44,0.027570247650146484,79
542,49,0.03347325325012207,79
543,61,0.0299985408782959,79
544,83,0.029003381729125977,79
545,100,0.028995990753173828,79
546,40,0.02500009536743164,79
547,19,0.026003360748291016,79
548,100,0.023996591567993164,79
549,54,0.03603339195251465,79
550,48,0.0319979190826416,79
551,67,0.027001380920410156,79
552,30,0.03099799156188965,79
553,84,0.030000686645507812,79
554,24,0.026001930236816406,79
555,34,0.024998903274536133,79
556,58,0.028001070022583008,79
557,29,0.03350949287414551,79
558,23,0.0279996395111084,79
559,24,0.02699875831604004,79
560,44,0.02800440788269043,79
561,38,0.032994985580444336,79
562,11,0.031003236770629883,79
563,44,0.028005361557006836,79
564,12,0.026999235153198242,79
565,11,0.02800273895263672,79
566,70,0.025997400283813477,79
567,99,0.02499842643737793,79
568,92,0.030030250549316406,79
569,22,0.029985666275024414,79
570,10,0.02499842643737793,79
571,25,0.038004398345947266,79
572,17,0.03498649597167969,79
573,29,0.030014514923095703,79
574,16,0.03296327590942383,79
575,100,0.027001380920410156,79
576,13,0.028098344802856445,79
577,63,0.03600049018859863,79
578,100,0.04799985885620117,79
579,57,0.04099893569946289,79
580,83,0.03699851036071777,79
581,14,0.029999732971191406,79
582,66,0.031005144119262695,79
583,44,0.027544498443603516,79
584,55,0.027996540069580078,79
585,11,0.025998592376708984,79
586,15,0.026001691818237305,79
587,40,0.0299985408782959,79
588,32,0.04303884506225586,79
589,35,0.03999924659729004,79
590,49,0.027999401092529297,79
591,32,0.031002521514892578,79
592,51,0.03199601173400879,79
593,29,0.03301811218261719,79
594,38,0.02698659896850586,79
595,54,0.02599167823791504,79
596,7,0.026978254318237305,79
597,23,0.026000261306762695,79
598,28,0.02500176429748535,79
599,9,0.03401803970336914,79
600,19,0.027982234954833984,79
601,39,0.02900385856628418,79
602,15,0.03800797462463379,79
603,93,0.029996633529663086,79
604,44,0.026999950408935547,79
605,100,0.03300070762634277,79
606,64,0.02498483657836914,79
607,57,0.031995534896850586,79
608,21,0.02500462532043457,79
609,23,0.025033235549926758,79
610,13,0.030966520309448242,79
611,66,0.026995182037353516,79
612,52,0.027005672454833984,79
613,18,0.0280001163482666,79
614,67,0.0229799747467041,79
615,6,0.02499985694885254,79
616,19,0.02396368980407715,79
617,41,0.026003360748291016,79
618,27,0.023998498916625977,79
619,28,0.0240023136138916,79
620,29,0.022995710372924805,79
621,23,0.0290069580078125,79
622,55,0.03299450874328613,79
623,23,0.024002552032470703,79
624,24,0.03696846961975098,79
625,41,0.02299642562866211,79
626,39,0.03101062774658203,79
627,9,0.03299522399902344,79
628,29,0.032016754150390625,79
629,25,0.031972646713256836,79
630,42,0.023005962371826172,79
631,41,0.02297234535217285,79
632,25,0.02399730682373047,79
633,62,0.02702164649963379,79
634,44,0.027977943420410156,79
635,14,0.031992435455322266,79
636,27,0.02999591827392578,79
637,28,0.029018640518188477,79
638,60,0.033992767333984375,79
639,40,0.03099656105041504,79
640,7,0.02300572395324707,79
641,33,0.02599620819091797,79
642,48,0.03800249099731445,79
643,100,0.03900003433227539,79
644,53,0.027998924255371094,79
645,20,0.02700066566467285,79
646,17,0.029994487762451172,79
647,38,0.02700066566467285,79
648,81,0.03200364112854004,79
649,56,0.03200244903564453,79
650,18,0.030011653900146484,79
651,27,0.030986785888671875,79
652,16,0.024997949600219727,79
653,22,0.031003713607788086,79
654,42,0.02803349494934082,79
655,48,0.02399897575378418,79
656,86,0.026999711990356445,79
657,100,0.031003713607788086,79
658,36,0.032001495361328125,79
659,31,0.02901744842529297,79
660,46,0.03299069404602051,79
661,100,0.029996633529663086,79
662,28,0.02800297737121582,79
663,61,0.03100419044494629,79
664,23,0.028998136520385742,79
665,10,0.027998685836791992,79
666,90,0.03800153732299805,79
667,32,0.029112577438354492,79
668,52,0.032004356384277344,79
669,49,0.0339970588684082,79
670,78,0.0359799861907959,79
671,19,0.03000187873840332,79
672,17,0.030994176864624023,79
673,41,0.028003454208374023,79
674,11,0.02999567985534668,79
675,66,0.02500128746032715,79
676,43,0.03399944305419922,79
677,33,0.02600383758544922,79
678,52,0.02700948715209961,79
679,43,0.02797532081604004,79
680,16,0.025999069213867188,79
681,19,0.02800154685974121,79
682,27,0.030025005340576172,79
683,78,0.0349879264831543,79
684,96,0.029004335403442383,79
685,67,0.028026103973388672,79
686,24,0.027998685836791992,79
687,32,0.03400468826293945,79
688,36,0.03499555587768555,79
689,26,0.037001848220825195,79
690,88,0.037999868392944336,79
691,26,0.035512447357177734,79
692,23,0.03300213813781738,79
693,16,0.03399801254272461,79
694,91,0.031004905700683594,79
695,100,0.029995203018188477,79
696,37,0.02800273895263672,79
697,22,0.02699732780456543,79
698,14,0.027001142501831055,79
699,28,0.02899765968322754,79
700,21,0.028537750244140625,79
701,32,0.028993606567382812,79
702,56,0.030005931854248047,79
703,25,0.029000282287597656,79
704,73,0.03499770164489746,79
705,7,0.02900242805480957,79
706,34,0.02599811553955078,79
707,21,0.026999473571777344,79
708,41,0.02504277229309082,79
709,16,0.027001619338989258,79
710,98,0.03500008583068848,79
711,6,0.03300070762634277,79
712,49,0.030002355575561523,79
713,61,0.02902364730834961,79
714,41,0.028531551361083984,79
715,23,0.025999784469604492,79
716,55,0.032004356384277344,79
717,64,0.025007247924804688,79
718,24,0.02496647834777832,79
719,38,0.03800487518310547,79
720,11,0.03999638557434082,79
721,42,0.033998966217041016,79
722,26,0.03700113296508789,79
723,37,0.03399777412414551,79
724,100,0.03600025177001953,79
725,45,0.0340123176574707,79
726,82,0.029983997344970703,79
727,16,0.030948877334594727,79
728,33,0.02700328826904297,79
729,100,0.029008865356445312,79
730,55,0.02999281883239746,79
731,26,0.03000020980834961,79
732,10,0.026999711990356445,79
733,51,0.029996633529663086,79
734,95,0.029000043869018555,79
735,69,0.02996993064880371,79
736,57,0.023998737335205078,79
737,68,0.0280001163482666,79
738,32,0.03000164031982422,79
739,62,0.02402019500732422,79
740,97,0.026995420455932617,79
741,85,0.024996280670166016,79
742,94,0.032965660095214844,79
743,30,0.025026559829711914,79
744,63,0.026973724365234375,79
745,68,0.030004501342773438,79
746,21,0.03199458122253418,79
747,43,0.03000807762145996,79
748,23,0.027997493743896484,79
749,68,0.027998924255371094,79
750,55,0.024003028869628906,79
751,36,0.023980140686035156,79
752,16,0.02700209617614746,79
753,35,0.02800130844116211,79
754,65,0.02899622917175293,79
755,27,0.03100132942199707,79
756,41,0.025995969772338867,79
757,100,0.026000499725341797,79
758,10,0.031998395919799805,79
759,61,0.029002904891967773,79
760,17,0.02799844741821289,79
761,33,0.02499699592590332,79
762,35,0.02600383758544922,79
763,15,0.02599644660949707,79
764,54,0.035002708435058594,79
765,9,0.03203701972961426,79
766,18,0.02699756622314453,79
767,63,0.031002044677734375,79
768,72,0.0339970588684082,79
769,22,0.02700352668762207,79
770,83,0.029001951217651367,79
771,84,0.02701878547668457,79
772,59,0.030976295471191406,79
773,100,0.03400230407714844,79
774,25,0.036042213439941406,79
775,28,0.03899574279785156,79
776,100,0.031998634338378906,79
777,32,0.030002593994140625,79
778,52,0.03299689292907715,79
779,69,0.027002811431884766,79
780,26,0.02799510955810547,79
781,20,0.028528451919555664,79
782,44,0.02600383758544922,79
783,87,0.03300023078918457,79
784,29,0.0289919376373291,79
785,28,0.03000617027282715,79
786,30,0.03299546241760254,79
787,19,0.034020423889160156,79
788,37,0.03498268127441406,79
789,13,0.029018163681030273,79
790,30,0.029961347579956055,79
791,47,0.03499960899353027,79
792,13,0.028000831604003906,79
793,15,0.026012897491455078,79
794,21,0.030988693237304688,79
795,28,0.0319972038269043,79
796,81,0.035004615783691406,79
797,56,0.03099989891052246,79
798,44,0.03400278091430664,79
799,36,0.03399538993835449,79
800,42,0.032004356384277344,79
801,73,0.03099536895751953,79
802,61,0.02800583839416504,79
803,43,0.033979177474975586,79
804,69,0.02899932861328125,79
805,64,0.035001516342163086,79
806,19,0.025982141494750977,79
807,35,0.029996395111083984,79
808,11,0.0319981575012207,79
809,30,0.02999591827392578,79
810,27,0.03399801254272461,79
811,35,0.03301072120666504,79
812,31,0.03401064872741699,79
813,10,0.02900099754333496,79
814,15,0.034999847412109375,79
815,72,0.03099989891052246,79
816,25,0.02903127670288086,79
817,16,0.030086755752563477,79
818,17,0.029001712799072266,79
819,21,0.031000852584838867,79
820,16,0.029041528701782227,79
821,23,0.031960487365722656,79
822,82,0.026997089385986328,79
823,30,0.027034282684326172,79
824,32,0.031537771224975586,79
825,100,0.03296971321105957,79
826,22,0.04100298881530762,79
827,53,0.03499603271484375,79
828,38,0.03200411796569824,79
829,12,0.029994487762451172,79
830,100,0.03200125694274902,79
831,11,0.028002023696899414,79
832,79,0.030999422073364258,79
833,42,0.02602410316467285,79
834,100,0.026001453399658203,79
835,61,0.031000614166259766,79
836,97,0.024997472763061523,79
837,12,0.03300142288208008,79
838,55,0.027001619338989258,79
839,100,0.025996685028076172,79
840,82,0.027065277099609375,79
841,17,0.02708888053894043,79
842,100,0.03398323059082031,79
843,27,0.03399944305419922,79
844,33,0.026001453399658203,79
845,78,0.026985645294189453,79
846,17,0.026991844177246094,79
847,17,0.029991626739501953,79
848,25,0.02501702308654785,79
849,23,0.03201150894165039,79
850,48,0.025968551635742188,79
851,66,0.025003910064697266,79
852,48,0.03199601173400879,79
853,25,0.02700352668762207,79
854,35,0.024998903274536133,79
855,100,0.03499889373779297,79
856,12,0.028993844985961914,79
857,100,0.026000499725341797,79
858,33,0.024004220962524414,79
859,35,0.027995586395263672,79
860,19,0.02700185775756836,79
861,18,0.026999473571777344,79
862,20,0.02799844741821289,79
863,64,0.029001712799072266,79
864,67,0.02799844741821289,79
865,9,0.02899932861328125,79
866,100,0.0280001163482666,79
867,55,0.033998966217041016,79
868,39,0.02900242805480957,79
869,76,0.029999971389770508,79
870,29,0.034001827239990234,79
871,11,0.02399921417236328,79
872,58,0.03300356864929199,79
873,28,0.026001453399658203,79
874,62,0.02499532699584961,79
875,95,0.032000064849853516,79
876,14,0.031041383743286133,79
877,35,0.03197503089904785,79
878,84,0.029001235961914062,79
879,58,0.02799677848815918,79
880,45,0.032000064849853516,79
881,14,0.025002479553222656,79
882,50,0.033000946044921875,79
883,37,0.024979591369628906,79
884,85,0.028999805450439453,79
885,36,0.031042098999023438,79
886,66,0.028995513916015625,79
887,88,0.028000354766845703,79
888,32,0.027997970581054688,79
889,15,0.03699851036071777,79
890,17,0.030004501342773438,79
891,14,0.026999473571777344,79
892,20,0.025518178939819336,79
893,25,0.030022621154785156,79
894,51,0.0319819450378418,79
895,54,0.02499556541442871,79
896,44,0.025003910064697266,79
897,79,0.030004262924194336,79
898,40,0.028982162475585938,79
899,67,0.029027700424194336,79
900,13,0.03399968147277832,79
901,24,0.028019428253173828,79
902,14,0.03296637535095215,79
903,21,0.027023792266845703,79
904,50,0.02397608757019043,79
905,23,0.02500128746032715,79
906,37,0.0260012149810791,79
907,74,0.029023408889770508,79
908,59,0.024976491928100586,79
909,83,0.025995731353759766,79
910,34,0.035001277923583984,79
911,6,0.03699779510498047,79
912,27,0.03099966049194336,79
913,31,0.027002811431884766,79
914,16,0.0319974422454834,79
915,100,0.031995534896850586,79
916,42,0.03300356864929199,79
917,65,0.027995824813842773,79
918,26,0.03946518898010254,79
919,100,0.03199315071105957,79
920,41,0.037998199462890625,79
921,30,0.031998634338378906,79
922,48,0.03699970245361328,79
923,44,0.04152250289916992,79
924,10,0.02899932861328125,79
925,41,0.02703118324279785,79
926,53,0.03050088882446289,79
927,28,0.024975061416625977,79
928,78,0.031000137329101562,79
929,19,0.03000020980834961,79
930,20,0.032996177673339844,79
931,60,0.031999826431274414,79
932,26,0.028000831604003906,79
933,15,0.032557010650634766,79
934,41,0.027987241744995117,79
935,29,0.030030012130737305,79
936,13,0.031972408294677734,79
937,37,0.034009695053100586,79
938,100,0.02898573875427246,79
939,16,0.02700066566467285,79
940,30,0.025997638702392578,79
941,100,0.02800154685974121,79
942,100,0.02700066566467285,79
943,18,0.037988901138305664,79
944,22,0.03902935981750488,79
945,55,0.03600478172302246,79
946,54,0.03000044822692871,79
947,100,0.028992652893066406,79
948,35,0.03199958801269531,79
949,55,0.03400230407714844,79
950,86,0.03799748420715332,79
951,12,0.03603219985961914,79
952,19,0.03399991989135742,79
953,18,0.030001163482666016,79
954,25,0.037030935287475586,79
955,100,0.029973983764648438,79
956,20,0.0279998779296875,79
957,28,0.03606271743774414,79
958,44,0.047000885009765625,79
959,17,0.0339968204498291,79
960,24,0.03299880027770996,79
961,18,0.03200197219848633,79
962,14,0.03600001335144043,79
963,43,0.03300356864929199,79
964,21,0.035941123962402344,79
965,35,0.03300356864929199,79
966,40,0.03999519348144531,79
967,60,0.033000946044921875,79
968,99,0.03500080108642578,79
969,28,0.03401494026184082,79
970,17,0.028995037078857422,79
971,40,0.030000686645507812,79
972,51,0.0260009765625,79
973,17,0.030991792678833008,79
974,100,0.038002729415893555,79
975,25,0.03200054168701172,79
976,28,0.029705524444580078,79
977,86,0.03600001335144043,79
978,10,0.032012939453125,79
979,39,0.030992984771728516,79
980,35,0.03699660301208496,79
981,21,0.03400921821594238,79
982,11,0.030534982681274414,79
983,43,0.03400015830993652,79
984,29,0.034569501876831055,79
985,13,0.0319972038269043,79
986,36,0.033006906509399414,79
987,34,0.03397393226623535,79
988,49,0.025994539260864258,79
989,9,0.026024341583251953,79
990,15,0.028984546661376953,79
991,20,0.028592348098754883,79
992,38,0.028527259826660156,79
993,84,0.026997804641723633,79
994,11,0.031002521514892578,79
995,19,0.03601503372192383,79
996,20,0.028984785079956055,79
997,27,0.03399825096130371,79
998,42,0.05800175666809082,79
999,32,0.04059743881225586,79
