Episode,Steps,Time,Converged at Iterations
0,13,0.021994590759277344,79
1,17,0.021989822387695312,79
2,33,0.023995399475097656,79
3,21,0.02200031280517578,79
4,27,0.02200150489807129,79
5,22,0.02399444580078125,79
6,75,0.02400374412536621,79
7,22,0.02398514747619629,79
8,25,0.020003795623779297,79
9,18,0.023000240325927734,79
10,24,0.022003889083862305,79
11,53,0.021998882293701172,79
12,100,0.02398514747619629,79
13,28,0.02299952507019043,79
14,23,0.02399921417236328,79
15,39,0.020066261291503906,79
16,14,0.024969100952148438,79
17,44,0.023024797439575195,79
18,38,0.02014327049255371,79
19,21,0.021996021270751953,79
20,41,0.0220034122467041,79
21,22,0.020026683807373047,79
22,71,0.02197551727294922,79
23,23,0.021983861923217773,79
24,32,0.026986360549926758,79
25,44,0.0220186710357666,79
26,44,0.021002531051635742,79
27,45,0.02751016616821289,79
28,99,0.022000551223754883,79
29,67,0.028001785278320312,79
30,73,0.024001598358154297,79
31,88,0.02102375030517578,79
32,13,0.024017333984375,79
33,26,0.022962570190429688,79
34,15,0.021999359130859375,79
35,66,0.022995471954345703,79
36,65,0.02306818962097168,79
37,45,0.020998716354370117,79
38,6,0.020008087158203125,79
39,67,0.026990890502929688,79
40,23,0.020001888275146484,79
41,28,0.023022890090942383,79
42,66,0.01997828483581543,79
43,65,0.020998477935791016,79
44,9,0.022003889083862305,79
45,42,0.02300119400024414,79
46,29,0.022995471954345703,79
47,15,0.024989843368530273,79
48,22,0.021068811416625977,79
49,79,0.020012855529785156,79
50,100,0.023988723754882812,79
51,8,0.022006988525390625,79
52,49,0.020996570587158203,79
53,18,0.022995471954345703,79
54,20,0.0220181941986084,79
55,10,0.025983810424804688,79
56,15,0.025001049041748047,79
57,32,0.027067184448242188,79
58,42,0.022986173629760742,79
59,19,0.02300286293029785,79
60,36,0.026999711990356445,79
61,49,0.0240018367767334,79
62,60,0.024998903274536133,79
63,20,0.026019573211669922,79
64,34,0.02198028564453125,79
65,100,0.02400064468383789,79
66,14,0.0190126895904541,79
67,73,0.02099442481994629,79
68,80,0.021771669387817383,79
69,23,0.02199244499206543,79
70,100,0.023004770278930664,79
71,11,0.022998332977294922,79
72,100,0.026000261306762695,79
73,29,0.023001909255981445,79
74,18,0.023023605346679688,79
75,21,0.026975154876708984,79
76,21,0.023995637893676758,79
77,30,0.020519495010375977,79
78,20,0.023003339767456055,79
79,20,0.022002220153808594,79
80,47,0.023000001907348633,79
81,83,0.02199411392211914,79
82,18,0.020032167434692383,79
83,73,0.01996612548828125,79
84,25,0.02200174331665039,79
85,30,0.02001023292541504,79
86,100,0.020984888076782227,79
87,84,0.02102184295654297,79
88,28,0.021999835968017578,79
89,69,0.019971847534179688,79
90,46,0.021056175231933594,79
91,19,0.023998498916625977,79
92,86,0.022998332977294922,79
93,14,0.02096247673034668,79
94,32,0.019004344940185547,79
95,10,0.025002717971801758,79
96,67,0.02299356460571289,79
97,16,0.021999835968017578,79
98,25,0.022000551223754883,79
99,11,0.020999431610107422,79
100,26,0.020003795623779297,79
101,29,0.023027420043945312,79
102,100,0.021966218948364258,79
103,59,0.023013830184936523,79
104,37,0.022992610931396484,79
105,100,0.021996498107910156,79
106,51,0.021024465560913086,79
107,24,0.023497343063354492,79
108,25,0.022542715072631836,79
109,41,0.024988412857055664,79
110,53,0.022988557815551758,79
111,73,0.02099752426147461,79
112,85,0.020961523056030273,79
113,31,0.024033546447753906,79
114,36,0.023981332778930664,79
115,34,0.024002790451049805,79
116,35,0.025996685028076172,79
117,30,0.02300286293029785,79
118,28,0.01999521255493164,79
119,36,0.02600407600402832,79
120,17,0.020999431610107422,79
121,27,0.02102971076965332,79
122,29,0.022999048233032227,79
123,22,0.022970199584960938,79
124,16,0.02203369140625,79
125,16,0.01999831199645996,79
126,23,0.022014856338500977,79
127,33,0.019982099533081055,79
128,63,0.025003433227539062,79
129,96,0.02500009536743164,79
130,8,0.025015830993652344,79
131,65,0.02198052406311035,79
132,99,0.022003173828125,79
133,39,0.020003795623779297,79
134,11,0.022024154663085938,79
135,86,0.024977445602416992,79
136,20,0.02499985694885254,79
137,59,0.022006511688232422,79
138,99,0.023988723754882812,79
139,24,0.022002696990966797,79
140,12,0.02299785614013672,79
141,43,0.02200937271118164,79
142,24,0.021989822387695312,79
143,52,0.024026870727539062,79
144,43,0.02100062370300293,79
145,11,0.022001266479492188,79
146,8,0.021001100540161133,79
147,16,0.023999929428100586,79
148,20,0.021002769470214844,79
149,10,0.023998260498046875,79
150,16,0.021997928619384766,79
151,28,0.025017976760864258,79
152,53,0.022973299026489258,79
153,100,0.025997400283813477,79
154,15,0.01999831199645996,79
155,51,0.019998550415039062,79
156,37,0.025994300842285156,79
157,45,0.02203822135925293,79
158,88,0.022002458572387695,79
159,100,0.019979476928710938,79
160,11,0.0260009765625,79
161,49,0.022029638290405273,79
162,82,0.020971298217773438,79
163,18,0.022998332977294922,79
164,33,0.023008346557617188,79
165,78,0.02097320556640625,79
166,34,0.02299809455871582,79
167,86,0.021002531051635742,79
168,22,0.018993854522705078,79
169,58,0.02000594139099121,79
170,21,0.021988630294799805,79
171,39,0.020992279052734375,79
172,84,0.019965171813964844,79
173,42,0.02300286293029785,79
174,68,0.021002531051635742,79
175,79,0.020994901657104492,79
176,21,0.023019075393676758,79
177,8,0.02199697494506836,79
178,19,0.02200031280517578,79
179,45,0.020005226135253906,79
180,7,0.02002882957458496,79
181,45,0.021966218948364258,79
182,6,0.0279998779296875,79
183,80,0.021016359329223633,79
184,100,0.02000260353088379,79
185,99,0.02199840545654297,79
186,22,0.026012897491455078,79
187,24,0.023998498916625977,79
188,22,0.023015499114990234,79
189,11,0.0220029354095459,79
190,16,0.021981477737426758,79
191,24,0.02200603485107422,79
192,51,0.02400040626525879,79
193,22,0.021010398864746094,79
194,58,0.02205491065979004,79
195,48,0.021969318389892578,79
196,61,0.020999431610107422,79
197,15,0.027026653289794922,79
198,28,0.02053093910217285,79
199,41,0.02300262451171875,79
200,26,0.022014141082763672,79
201,33,0.025985002517700195,79
202,65,0.02300119400024414,79
203,22,0.023037433624267578,79
204,13,0.024960994720458984,79
205,100,0.021018028259277344,79
206,16,0.026984214782714844,79
207,17,0.020632028579711914,79
208,55,0.02303290367126465,79
209,20,0.02498340606689453,79
210,38,0.020987510681152344,79
211,30,0.019996166229248047,79
212,58,0.023006677627563477,79
213,27,0.019007205963134766,79
214,100,0.02298903465270996,79
215,22,0.02499699592590332,79
216,31,0.021000385284423828,79
217,29,0.020003318786621094,79
218,21,0.0219571590423584,79
219,22,0.02399921417236328,79
220,31,0.024000883102416992,79
221,30,0.021999120712280273,79
222,12,0.021001815795898438,79
223,45,0.02400064468383789,79
224,15,0.022019147872924805,79
225,38,0.021974802017211914,79
226,12,0.02500009536743164,79
227,61,0.021030902862548828,79
228,16,0.021964311599731445,79
229,52,0.0220186710357666,79
230,20,0.021974563598632812,79
231,80,0.0230252742767334,79
232,22,0.020968198776245117,79
233,14,0.02200007438659668,79
234,28,0.026003360748291016,79
235,13,0.03601241111755371,79
236,75,0.025986194610595703,79
237,100,0.02900099754333496,79
238,18,0.022463560104370117,79
239,23,0.019997358322143555,79
240,96,0.021000146865844727,79
241,42,0.02300405502319336,79
242,88,0.023997783660888672,79
243,40,0.027014732360839844,79
244,34,0.02198338508605957,79
245,18,0.023002147674560547,79
246,37,0.023080110549926758,79
247,54,0.021469831466674805,79
248,32,0.0220184326171875,79
249,32,0.024982452392578125,79
250,51,0.023000717163085938,79
251,37,0.022997379302978516,79
252,7,0.02610468864440918,79
253,88,0.02289271354675293,79
254,19,0.02004218101501465,79
255,67,0.020961284637451172,79
256,23,0.022001981735229492,79
257,18,0.022999286651611328,79
258,32,0.022029399871826172,79
259,64,0.0220034122467041,79
260,46,0.025008678436279297,79
261,45,0.020978689193725586,79
262,17,0.022026777267456055,79
263,56,0.02298116683959961,79
264,22,0.02200007438659668,79
265,11,0.021997451782226562,79
266,23,0.025005817413330078,79
267,7,0.021958351135253906,79
268,24,0.024023771286010742,79
269,100,0.025021076202392578,79
270,12,0.02297830581665039,79
271,49,0.02198028564453125,79
272,95,0.02099466323852539,79
273,21,0.02104043960571289,79
274,65,0.02297806739807129,79
275,87,0.02001047134399414,79
276,73,0.020999908447265625,79
277,100,0.023003578186035156,79
278,8,0.024000167846679688,79
279,26,0.026996135711669922,79
280,21,0.019993066787719727,79
281,20,0.023979902267456055,79
282,44,0.02200150489807129,79
283,18,0.021999597549438477,79
284,76,0.02499985694885254,79
285,100,0.02501368522644043,79
286,76,0.028021812438964844,79
287,18,0.020003557205200195,79
288,31,0.023992300033569336,79
289,17,0.022020578384399414,79
290,13,0.02498459815979004,79
291,24,0.0229949951171875,79
292,19,0.023003339767456055,79
293,11,0.021012544631958008,79
294,53,0.022525310516357422,79
295,67,0.02097797393798828,79
296,70,0.02298426628112793,79
297,82,0.021010875701904297,79
298,20,0.02197885513305664,79
299,20,0.022001028060913086,79
300,66,0.0220334529876709,79
301,100,0.02297067642211914,79
302,20,0.02097010612487793,79
303,16,0.021004676818847656,79
304,19,0.02199721336364746,79
305,70,0.020984172821044922,79
306,33,0.02200460433959961,79
307,20,0.022999286651611328,79
308,17,0.022027015686035156,79
309,29,0.0209958553314209,79
310,61,0.02501702308654785,79
311,51,0.021003007888793945,79
312,100,0.023993730545043945,79
313,42,0.023012161254882812,79
314,100,0.025986909866333008,79
315,26,0.023015975952148438,79
316,97,0.03198099136352539,79
317,20,0.030045032501220703,79
318,13,0.023000001907348633,79
319,23,0.02500295639038086,79
320,87,0.023011207580566406,79
321,24,0.025981664657592773,79
322,65,0.02200794219970703,79
323,94,0.022032976150512695,79
324,66,0.023013830184936523,79
325,96,0.022985458374023438,79
326,15,0.02199268341064453,79
327,53,0.02102375030517578,79
328,27,0.02697896957397461,79
329,26,0.021021604537963867,79
330,72,0.021997928619384766,79
331,13,0.022997617721557617,79
332,23,0.022004365921020508,79
333,15,0.02499842643737793,79
334,50,0.02300572395324707,79
335,75,0.02199864387512207,79
336,44,0.023017406463623047,79
337,48,0.021029949188232422,79
338,73,0.01896381378173828,79
339,44,0.021999597549438477,79
340,68,0.021016359329223633,79
341,22,0.021008014678955078,79
342,70,0.02403712272644043,79
343,36,0.023982763290405273,79
344,25,0.023015975952148438,79
345,20,0.021993398666381836,79
346,15,0.021004438400268555,79
347,62,0.023998022079467773,79
348,62,0.021001100540161133,79
349,16,0.02003192901611328,79
350,21,0.0229642391204834,79
351,36,0.02202296257019043,79
352,15,0.01997518539428711,79
353,34,0.0280001163482666,79
354,16,0.022006511688232422,79
355,28,0.02599358558654785,79
356,100,0.026004314422607422,79
357,62,0.02099323272705078,79
358,15,0.02299666404724121,79
359,25,0.022003650665283203,79
360,25,0.022003650665283203,79
361,50,0.020000934600830078,79
362,37,0.02399754524230957,79
363,39,0.026000499725341797,79
364,21,0.02201676368713379,79
365,16,0.022000789642333984,79
366,25,0.022006750106811523,79
367,30,0.021000146865844727,79
368,61,0.024989843368530273,79
369,19,0.024002790451049805,79
370,18,0.021001815795898438,79
371,33,0.023998260498046875,79
372,24,0.027048826217651367,79
373,16,0.021950244903564453,79
374,100,0.021019935607910156,79
375,39,0.023960351943969727,79
376,100,0.022015810012817383,79
377,38,0.01895737648010254,79
378,9,0.023006916046142578,79
379,74,0.019993305206298828,79
380,15,0.024004220962524414,79
381,46,0.025000810623168945,79
382,24,0.020015239715576172,79
383,100,0.019033432006835938,79
384,21,0.022995710372924805,79
385,90,0.02300286293029785,79
386,61,0.02302694320678711,79
387,100,0.021997690200805664,79
388,64,0.020999431610107422,79
389,54,0.021997690200805664,79
390,54,0.022999048233032227,79
391,47,0.022014141082763672,79
392,16,0.02399897575378418,79
393,24,0.024025678634643555,79
394,45,0.021984577178955078,79
395,23,0.02298879623413086,79
396,16,0.019996166229248047,79
397,19,0.023005962371826172,79
398,18,0.022999048233032227,79
399,100,0.01899123191833496,79
400,24,0.026000499725341797,79
401,53,0.02106332778930664,79
402,25,0.020972251892089844,79
403,64,0.027994394302368164,79
404,48,0.02103281021118164,79
405,93,0.024999141693115234,79
406,56,0.021023988723754883,79
407,48,0.020977258682250977,79
408,69,0.022996902465820312,79
409,77,0.021020174026489258,79
410,15,0.019008159637451172,79
411,65,0.027369022369384766,79
412,18,0.024999141693115234,79
413,7,0.02199578285217285,79
414,22,0.020016908645629883,79
415,21,0.029001474380493164,79
416,64,0.023977041244506836,79
417,46,0.02399921417236328,79
418,38,0.02302408218383789,79
419,31,0.023987770080566406,79
420,17,0.01997518539428711,79
421,28,0.021549701690673828,79
422,23,0.022522926330566406,79
423,54,0.021994829177856445,79
424,8,0.02100062370300293,79
425,100,0.023021697998046875,79
426,10,0.02098226547241211,79
427,16,0.02301788330078125,79
428,8,0.02094292640686035,79
429,56,0.0200042724609375,79
430,27,0.020998716354370117,79
431,20,0.0201418399810791,79
432,26,0.022001266479492188,79
433,14,0.02099609375,79
434,31,0.025000572204589844,79
435,60,0.023001670837402344,79
436,15,0.022003889083862305,79
437,64,0.023000240325927734,79
438,100,0.020997047424316406,79
439,14,0.026017189025878906,79
440,21,0.022010087966918945,79
441,15,0.019994735717773438,79
442,63,0.02201533317565918,79
443,34,0.019993066787719727,79
444,43,0.022998571395874023,79
445,16,0.023007869720458984,79
446,24,0.021009206771850586,79
447,88,0.02200174331665039,79
448,10,0.023001670837402344,79
449,21,0.023998498916625977,79
450,100,0.023019790649414062,79
451,37,0.020983457565307617,79
452,33,0.02100229263305664,79
453,14,0.027019500732421875,79
454,61,0.02198004722595215,79
455,55,0.023999691009521484,79
456,70,0.022995471954345703,79
457,84,0.025000333786010742,79
458,33,0.02300405502319336,79
459,16,0.028005123138427734,79
460,8,0.0249941349029541,79
461,55,0.02200031280517578,79
462,92,0.020995378494262695,79
463,20,0.024011611938476562,79
464,25,0.02198171615600586,79
465,9,0.02800273895263672,79
466,65,0.022028446197509766,79
467,90,0.022982120513916016,79
468,37,0.0240023136138916,79
469,12,0.02200150489807129,79
470,42,0.019994735717773438,79
471,14,0.024002552032470703,79
472,32,0.019997596740722656,79
473,37,0.0200197696685791,79
474,55,0.020982980728149414,79
475,23,0.02400040626525879,79
476,45,0.022998571395874023,79
477,14,0.024001359939575195,79
478,29,0.021996259689331055,79
479,100,0.021038532257080078,79
480,23,0.02298569679260254,79
481,50,0.02398085594177246,79
482,20,0.023985624313354492,79
483,24,0.02601909637451172,79
484,63,0.024982929229736328,79
485,59,0.017998218536376953,79
486,15,0.01900768280029297,79
487,12,0.0240023136138916,79
488,42,0.02099752426147461,79
489,20,0.02196955680847168,79
490,43,0.025002002716064453,79
491,35,0.022994041442871094,79
492,78,0.02300238609313965,79
493,59,0.02299809455871582,79
494,38,0.019036054611206055,79
495,19,0.02199864387512207,79
496,25,0.023000478744506836,79
497,7,0.027004480361938477,79
498,17,0.023999929428100586,79
499,22,0.020030498504638672,79
500,9,0.023966312408447266,79
501,9,0.02479696273803711,79
502,15,0.027000904083251953,79
503,26,0.020006418228149414,79
504,44,0.0239865779876709,79
505,52,0.020030975341796875,79
506,44,0.020998477935791016,79
507,12,0.01897740364074707,79
508,47,0.02199578285217285,79
509,19,0.025000810623168945,79
510,25,0.02300119400024414,79
511,100,0.021486759185791016,79
512,12,0.022000789642333984,79
513,15,0.0209963321685791,79
514,69,0.023998260498046875,79
515,38,0.020999431610107422,79
516,100,0.023005008697509766,79
517,36,0.01999664306640625,79
518,100,0.018996477127075195,79
519,100,0.02800154685974121,79
520,35,0.028002262115478516,79
521,43,0.023001909255981445,79
522,11,0.025005817413330078,79
523,29,0.021012306213378906,79
524,40,0.022049903869628906,79
525,20,0.020939350128173828,79
526,14,0.02301812171936035,79
527,97,0.02298259735107422,79
528,100,0.02199697494506836,79
529,10,0.023023605346679688,79
530,39,0.02099752426147461,79
531,14,0.0240018367767334,79
532,86,0.02399730682373047,79
533,80,0.025001049041748047,79
534,44,0.02002120018005371,79
535,68,0.020996570587158203,79
536,16,0.023013591766357422,79
537,41,0.02300405502319336,79
538,59,0.025981426239013672,79
539,20,0.0190126895904541,79
540,70,0.02300572395324707,79
541,16,0.021004915237426758,79
542,48,0.022995471954345703,79
543,18,0.021001100540161133,79
544,47,0.020005464553833008,79
545,74,0.025998592376708984,79
546,53,0.021018505096435547,79
547,18,0.024013042449951172,79
548,100,0.021987438201904297,79
549,64,0.02299976348876953,79
550,31,0.021991252899169922,79
551,82,0.02200174331665039,79
552,42,0.02201533317565918,79
553,41,0.021993637084960938,79
554,21,0.02099895477294922,79
555,50,0.023003578186035156,79
556,100,0.019995927810668945,79
557,52,0.02200460433959961,79
558,33,0.02399921417236328,79
559,31,0.024995803833007812,79
560,23,0.022000789642333984,79
561,52,0.02000117301940918,79
562,49,0.024000883102416992,79
563,27,0.020998001098632812,79
564,48,0.02300119400024414,79
565,17,0.024001121520996094,79
566,82,0.02199697494506836,79
567,94,0.01999974250793457,79
568,14,0.02099895477294922,79
569,31,0.02400064468383789,79
570,28,0.02100825309753418,79
571,11,0.0210111141204834,79
572,15,0.021986007690429688,79
573,20,0.022022247314453125,79
574,11,0.020976781845092773,79
575,43,0.020998716354370117,79
576,68,0.020995616912841797,79
577,100,0.021003246307373047,79
578,74,0.023999452590942383,79
579,17,0.020992755889892578,79
580,50,0.02002859115600586,79
581,29,0.022977590560913086,79
582,54,0.02399420738220215,79
583,10,0.021027088165283203,79
584,99,0.023979663848876953,79
585,6,0.02101588249206543,79
586,66,0.024976015090942383,79
587,100,0.02100372314453125,79
588,65,0.020993709564208984,79
589,16,0.02600836753845215,79
590,61,0.021010637283325195,79
591,64,0.020997285842895508,79
592,24,0.02199697494506836,79
593,12,0.02101612091064453,79
594,40,0.020010709762573242,79
595,34,0.02797675132751465,79
596,51,0.025002002716064453,79
597,40,0.02601766586303711,79
598,98,0.023997068405151367,79
599,37,0.022539615631103516,79
600,24,0.021999597549438477,79
601,12,0.023020029067993164,79
602,22,0.02000737190246582,79
603,100,0.01998591423034668,79
604,16,0.02395939826965332,79
605,47,0.022004365921020508,79
606,34,0.021023988723754883,79
607,20,0.022001266479492188,79
608,48,0.02201056480407715,79
609,18,0.020013093948364258,79
610,23,0.02199697494506836,79
611,23,0.021996259689331055,79
612,94,0.020999908447265625,79
613,27,0.028028488159179688,79
614,46,0.019970417022705078,79
615,95,0.025004148483276367,79
616,22,0.021996498107910156,79
617,7,0.029001951217651367,79
618,76,0.022999286651611328,79
619,100,0.0240020751953125,79
620,61,0.02199697494506836,79
621,100,0.02303481101989746,79
622,80,0.02101278305053711,79
623,40,0.021017789840698242,79
624,49,0.021985530853271484,79
625,23,0.02502155303955078,79
626,23,0.02001023292541504,79
627,8,0.02298712730407715,79
628,91,0.02301812171936035,79
629,59,0.02199554443359375,79
630,68,0.023000717163085938,79
631,47,0.020002126693725586,79
632,42,0.02496933937072754,79
633,7,0.021007061004638672,79
634,57,0.023992538452148438,79
635,11,0.024021148681640625,79
636,25,0.022002220153808594,79
637,42,0.020999670028686523,79
638,31,0.02201390266418457,79
639,16,0.021979808807373047,79
640,27,0.021999597549438477,79
641,29,0.026034832000732422,79
642,89,0.020994901657104492,79
643,42,0.023000240325927734,79
644,31,0.0240023136138916,79
645,32,0.02499842643737793,79
646,26,0.0220034122467041,79
647,26,0.021001338958740234,79
648,45,0.023013830184936523,79
649,51,0.06597375869750977,79
650,27,0.03500223159790039,79
651,44,0.023984193801879883,79
652,26,0.024025917053222656,79
653,29,0.021984577178955078,79
654,28,0.02101278305053711,79
655,96,0.024997472763061523,79
656,52,0.02800130844116211,79
657,38,0.02301621437072754,79
658,84,0.01999831199645996,79
659,45,0.02399134635925293,79
660,52,0.022034645080566406,79
661,12,0.02097010612487793,79
662,22,0.02299976348876953,79
663,100,0.02302408218383789,79
664,30,0.022984027862548828,79
665,29,0.023999452590942383,79
666,39,0.024017810821533203,79
667,53,0.021993398666381836,79
668,68,0.022035837173461914,79
669,27,0.022965192794799805,79
670,64,0.021001577377319336,79
671,19,0.02499842643737793,79
672,31,0.022997140884399414,79
673,23,0.025017738342285156,79
674,16,0.02098822593688965,79
675,100,0.021004438400268555,79
676,17,0.021005868911743164,79
677,11,0.022980213165283203,79
678,91,0.02100372314453125,79
679,16,0.022029876708984375,79
680,40,0.02098846435546875,79
681,9,0.022981643676757812,79
682,29,0.021004438400268555,79
683,100,0.022997379302978516,79
684,42,0.019995689392089844,79
685,21,0.02300286293029785,79
686,87,0.026999950408935547,79
687,76,0.024001121520996094,79
688,20,0.024021387100219727,79
689,14,0.022974252700805664,79
690,85,0.02199721336364746,79
691,16,0.019002914428710938,79
692,35,0.02100229263305664,79
693,49,0.022000789642333984,79
694,13,0.022014856338500977,79
695,26,0.02097606658935547,79
696,34,0.021994590759277344,79
697,58,0.0220034122467041,79
698,17,0.021999835968017578,79
699,37,0.023000717163085938,79
700,79,0.024029254913330078,79
701,26,0.01996445655822754,79
702,11,0.021996498107910156,79
703,71,0.020004987716674805,79
704,70,0.021001100540161133,79
705,27,0.02100086212158203,79
706,39,0.021010160446166992,79
707,23,0.018995285034179688,79
708,77,0.026996850967407227,79
709,21,0.020998477935791016,79
710,18,0.02098870277404785,79
711,47,0.022989749908447266,79
712,39,0.02300429344177246,79
713,30,0.02700018882751465,79
714,13,0.02099752426147461,79
715,17,0.019997596740722656,79
716,22,0.02300286293029785,79
717,100,0.028061628341674805,79
718,18,0.023113250732421875,79
719,24,0.022586345672607422,79
720,20,0.02300262451171875,79
721,40,0.02199840545654297,79
722,13,0.02201676368713379,79
723,51,0.0209805965423584,79
724,59,0.02097630500793457,79
725,70,0.024000167846679688,79
726,29,0.024994850158691406,79
727,13,0.02500438690185547,79
728,37,0.02258133888244629,79
729,20,0.023976564407348633,79
730,50,0.022973299026489258,79
731,18,0.021008729934692383,79
732,87,0.021965742111206055,79
733,8,0.021003246307373047,79
734,68,0.021997690200805664,79
735,24,0.023018360137939453,79
736,27,0.02498173713684082,79
737,39,0.018971681594848633,79
738,45,0.020004749298095703,79
739,59,0.021998882293701172,79
740,21,0.022022724151611328,79
741,7,0.019992589950561523,79
742,31,0.023982763290405273,79
743,33,0.02000141143798828,79
744,78,0.023007869720458984,79
745,9,0.025999069213867188,79
746,84,0.023014068603515625,79
747,25,0.023001670837402344,79
748,64,0.019995450973510742,79
749,53,0.02102208137512207,79
750,14,0.020981311798095703,79
751,14,0.02102065086364746,79
752,16,0.025997400283813477,79
753,16,0.022995948791503906,79
754,42,0.021016597747802734,79
755,31,0.026530981063842773,79
756,22,0.02558135986328125,79
757,16,0.022985458374023438,79
758,29,0.021015644073486328,79
759,31,0.018980026245117188,79
760,21,0.025004863739013672,79
761,24,0.022011756896972656,79
762,54,0.023975849151611328,79
763,78,0.022001266479492188,79
764,10,0.02296924591064453,79
765,46,0.0215756893157959,79
766,69,0.020964384078979492,79
767,16,0.021004199981689453,79
768,17,0.021996736526489258,79
769,81,0.025000572204589844,79
770,35,0.023006677627563477,79
771,100,0.02599358558654785,79
772,69,0.023000478744506836,79
773,53,0.02400064468383789,79
774,22,0.019995927810668945,79
775,10,0.024004697799682617,79
776,16,0.02400374412536621,79
777,37,0.02199530601501465,79
778,74,0.02400517463684082,79
779,48,0.021996736526489258,79
780,37,0.01999974250793457,79
781,100,0.01800394058227539,79
782,86,0.021978139877319336,79
783,26,0.023001909255981445,79
784,19,0.02602410316467285,79
785,71,0.023973464965820312,79
786,40,0.021003246307373047,79
787,85,0.02500009536743164,79
788,9,0.02500009536743164,79
789,10,0.019995689392089844,79
790,59,0.021001815795898438,79
791,35,0.02600264549255371,79
792,12,0.026998281478881836,79
793,25,0.023001670837402344,79
794,15,0.021021604537963867,79
795,80,0.023975133895874023,79
796,18,0.02199554443359375,79
797,18,0.02099609375,79
798,55,0.02399587631225586,79
799,87,0.02000284194946289,79
800,12,0.019995450973510742,79
801,25,0.024113178253173828,79
802,38,0.022033214569091797,79
803,63,0.021999597549438477,79
804,51,0.02501225471496582,79
805,76,0.02097916603088379,79
806,61,0.024021387100219727,79
807,49,0.02102041244506836,79
808,48,0.023000717163085938,79
809,97,0.02100205421447754,79
810,26,0.02300095558166504,79
811,8,0.022615909576416016,79
812,20,0.025038957595825195,79
813,35,0.019003868103027344,79
814,49,0.022992849349975586,79
815,12,0.024028778076171875,79
816,36,0.02297234535217285,79
817,68,0.022013187408447266,79
818,17,0.021014690399169922,79
819,37,0.01998758316040039,79
820,27,0.018995046615600586,79
821,100,0.025005102157592773,79
822,60,0.021983623504638672,79
823,8,0.026019811630249023,79
824,27,0.021976470947265625,79
825,20,0.023006200790405273,79
826,19,0.02101302146911621,79
827,14,0.02098560333251953,79
828,14,0.022020339965820312,79
829,100,0.023975610733032227,79
830,18,0.025014400482177734,79
831,18,0.018988609313964844,79
832,31,0.02599644660949707,79
833,29,0.021025657653808594,79
834,100,0.023975133895874023,79
835,35,0.018001317977905273,79
836,22,0.020996809005737305,79
837,51,0.024003267288208008,79
838,17,0.021028757095336914,79
839,61,0.024972915649414062,79
840,33,0.025996685028076172,79
841,14,0.02199554443359375,79
842,40,0.022001981735229492,79
843,10,0.023022174835205078,79
844,100,0.019006967544555664,79
845,41,0.025014877319335938,79
846,38,0.02197408676147461,79
847,48,0.021999359130859375,79
848,47,0.026999711990356445,79
849,16,0.026997089385986328,79
850,100,0.021004438400268555,79
851,64,0.024997711181640625,79
852,25,0.020027875900268555,79
853,63,0.01998138427734375,79
854,7,0.02102494239807129,79
855,74,0.023975372314453125,79
856,14,0.022995471954345703,79
857,7,0.02100539207458496,79
858,22,0.025998592376708984,79
859,21,0.02200150489807129,79
860,16,0.02599787712097168,79
861,68,0.01901388168334961,79
862,50,0.023990154266357422,79
863,32,0.024999141693115234,79
864,83,0.02300405502319336,79
865,42,0.02300286293029785,79
866,66,0.024996519088745117,79
867,41,0.023998260498046875,79
868,27,0.02299976348876953,79
869,15,0.019999265670776367,79
870,57,0.021002531051635742,79
871,80,0.02200031280517578,79
872,33,0.023002147674560547,79
873,34,0.021973609924316406,79
874,32,0.02300262451171875,79
875,18,0.02201676368713379,79
876,60,0.02298116683959961,79
877,14,0.026999235153198242,79
878,48,0.021002769470214844,79
879,13,0.02400040626525879,79
880,13,0.020999908447265625,79
881,64,0.020998716354370117,79
882,7,0.026997089385986328,79
883,91,0.021988868713378906,79
884,48,0.02199840545654297,79
885,45,0.021994829177856445,79
886,33,0.023014307022094727,79
887,34,0.0210111141204834,79
888,8,0.0229952335357666,79
889,7,0.020023345947265625,79
890,32,0.020975112915039062,79
891,21,0.02599334716796875,79
892,8,0.021018505096435547,79
893,37,0.022965192794799805,79
894,14,0.022029638290405273,79
895,24,0.023970365524291992,79
896,70,0.0230104923248291,79
897,20,0.01999831199645996,79
898,7,0.022543907165527344,79
899,8,0.024045944213867188,79
900,49,0.021000146865844727,79
901,60,0.022995471954345703,79
902,58,0.01999950408935547,79
903,30,0.023002147674560547,79
904,27,0.024025440216064453,79
905,74,0.02097177505493164,79
906,8,0.024009227752685547,79
907,87,0.025992155075073242,79
908,19,0.02500128746032715,79
909,34,0.025003671646118164,79
910,39,0.023000717163085938,79
911,22,0.02102208137512207,79
912,46,0.021976709365844727,79
913,25,0.022980690002441406,79
914,100,0.022003173828125,79
915,28,0.0229947566986084,79
916,17,0.0260007381439209,79
917,55,0.021003007888793945,79
918,27,0.020000219345092773,79
919,65,0.02299976348876953,79
920,32,0.02200007438659668,79
921,62,0.023000001907348633,79
922,43,0.020000934600830078,79
923,10,0.019998788833618164,79
924,100,0.0220034122467041,79
925,68,0.02299976348876953,79
926,39,0.026019573211669922,79
927,100,0.0209963321685791,79
928,61,0.01900005340576172,79
929,30,0.02299976348876953,79
930,61,0.024994850158691406,79
931,22,0.026999473571777344,79
932,86,0.019999980926513672,79
933,33,0.022998809814453125,79
934,100,0.029001951217651367,79
935,22,0.022012710571289062,79
936,7,0.02400374412536621,79
937,83,0.022192001342773438,79
938,100,0.023619651794433594,79
939,59,0.020007610321044922,79
940,62,0.032994985580444336,79
941,15,0.03500056266784668,79
942,12,0.02900099754333496,79
943,20,0.029001235961914062,79
944,63,0.031999826431274414,79
945,73,0.025008201599121094,79
946,48,0.023000717163085938,79
947,32,0.022995948791503906,79
948,31,0.025001049041748047,79
949,11,0.021991968154907227,79
950,78,0.022993803024291992,79
951,45,0.0240018367767334,79
952,31,0.021023988723754883,79
953,11,0.022518634796142578,79
954,11,0.024001121520996094,79
955,81,0.021027326583862305,79
956,20,0.022971630096435547,79
957,31,0.026546955108642578,79
958,11,0.02050161361694336,79
959,35,0.02499866485595703,79
960,18,0.019994497299194336,79
961,13,0.023000478744506836,79
962,22,0.02299952507019043,79
963,100,0.020999908447265625,79
964,15,0.023002147674560547,79
965,16,0.02099323272705078,79
966,32,0.0220034122467041,79
967,35,0.022997617721557617,79
968,8,0.022003650665283203,79
969,18,0.019999027252197266,79
970,37,0.023997068405151367,79
971,15,0.021024227142333984,79
972,21,0.022011518478393555,79
973,34,0.024990081787109375,79
974,60,0.02301168441772461,79
975,81,0.02799701690673828,79
976,35,0.022992372512817383,79
977,99,0.023005962371826172,79
978,20,0.022025585174560547,79
979,12,0.02497100830078125,79
980,25,0.020998477935791016,79
981,33,0.022007226943969727,79
982,59,0.01799750328063965,79
983,26,0.02596592903137207,79
984,7,0.024027109146118164,79
985,28,0.02197265625,79
986,41,0.020999908447265625,79
987,53,0.02200150489807129,79
988,32,0.022002220153808594,79
989,26,0.021973848342895508,79
990,46,0.021019935607910156,79
991,13,0.019979000091552734,79
992,26,0.023025035858154297,79
993,26,0.018971681594848633,79
994,19,0.0220034122467041,79
995,41,0.021001338958740234,79
996,52,0.019999980926513672,79
997,26,0.02299809455871582,79
998,19,0.024001121520996094,79
999,46,0.02199578285217285,79
