Episode,Steps,Time,Converged at Iterations
0,7,0.020992755889892578,79
1,14,0.023012876510620117,79
2,8,0.01998114585876465,79
3,37,0.021022558212280273,79
4,87,0.025981664657592773,79
5,24,0.01901555061340332,79
6,19,0.02399277687072754,79
7,17,0.02099156379699707,79
8,76,0.0279998779296875,79
9,22,0.020035982131958008,79
10,17,0.020966291427612305,79
11,19,0.021019697189331055,79
12,55,0.02601337432861328,79
13,17,0.021504640579223633,79
14,55,0.022507190704345703,79
15,11,0.022030353546142578,79
16,53,0.019965171813964844,79
17,46,0.023006200790405273,79
18,60,0.023024559020996094,79
19,60,0.02597641944885254,79
20,82,0.021032333374023438,79
21,10,0.023006200790405273,79
22,90,0.020984888076782227,79
23,42,0.024077415466308594,79
24,54,0.026000499725341797,79
25,55,0.02100205421447754,79
26,10,0.020996809005737305,79
27,63,0.02299356460571289,79
28,14,0.021999835968017578,79
29,24,0.019002914428710938,79
30,33,0.021996021270751953,79
31,18,0.022003650665283203,79
32,100,0.020998001098632812,79
33,31,0.02500176429748535,79
34,18,0.020980358123779297,79
35,35,0.022032499313354492,79
36,19,0.02296733856201172,79
37,31,0.024001359939575195,79
38,100,0.02199721336364746,79
39,18,0.02199697494506836,79
40,25,0.0240023136138916,79
41,100,0.025150060653686523,79
42,24,0.01899862289428711,79
43,40,0.023998737335205078,79
44,61,0.025997638702392578,79
45,39,0.020004749298095703,79
46,35,0.02399420738220215,79
47,87,0.02300286293029785,79
48,98,0.02498483657836914,79
49,34,0.021004676818847656,79
50,40,0.021998167037963867,79
51,18,0.024548768997192383,79
52,95,0.021989107131958008,79
53,6,0.027001619338989258,79
54,31,0.029021501541137695,79
55,29,0.02397918701171875,79
56,59,0.023999691009521484,79
57,12,0.022984743118286133,79
58,46,0.020968914031982422,79
59,15,0.0220034122467041,79
60,37,0.02400040626525879,79
61,28,0.025000572204589844,79
62,30,0.021997451782226562,79
63,67,0.020003557205200195,79
64,20,0.02399897575378418,79
65,25,0.022022247314453125,79
66,89,0.022011518478393555,79
67,18,0.026984214782714844,79
68,30,0.023012399673461914,79
69,49,0.021989822387695312,79
70,38,0.0240018367767334,79
71,54,0.026998043060302734,79
72,40,0.0240023136138916,79
73,16,0.02599477767944336,79
74,47,0.020999431610107422,79
75,45,0.021007537841796875,79
76,24,0.021997928619384766,79
77,38,0.022966623306274414,79
78,65,0.023023366928100586,79
79,40,0.019974231719970703,79
80,53,0.0229949951171875,79
81,12,0.023001909255981445,79
82,27,0.022020816802978516,79
83,69,0.02000141143798828,79
84,16,0.021999120712280273,79
85,55,0.02099776268005371,79
86,100,0.025000810623168945,79
87,100,0.022997379302978516,79
88,17,0.020998239517211914,79
89,91,0.019006967544555664,79
90,12,0.025999069213867188,79
91,18,0.02102828025817871,79
92,84,0.028987646102905273,79
93,27,0.02200007438659668,79
94,100,0.024999618530273438,79
95,11,0.024001598358154297,79
96,25,0.02600383758544922,79
97,19,0.021991252899169922,79
98,62,0.0220029354095459,79
99,67,0.02398085594177246,79
100,51,0.0260009765625,79
101,59,0.022995948791503906,79
102,100,0.021001815795898438,79
103,40,0.02400040626525879,79
104,34,0.02600240707397461,79
105,16,0.023994922637939453,79
106,19,0.023000478744506836,79
107,19,0.020999908447265625,79
108,51,0.026004552841186523,79
109,45,0.02099919319152832,79
110,56,0.021999359130859375,79
111,86,0.021971702575683594,79
112,69,0.0220029354095459,79
113,100,0.02700042724609375,79
114,59,0.021001815795898438,79
115,100,0.024994373321533203,79
116,40,0.02102065086364746,79
117,24,0.02002692222595215,79
118,33,0.02097320556640625,79
119,9,0.022994041442871094,79
120,58,0.024003028869628906,79
121,100,0.023002147674560547,79
122,67,0.023972272872924805,79
123,38,0.021997451782226562,79
124,27,0.02399444580078125,79
125,9,0.025020360946655273,79
126,16,0.021981477737426758,79
127,24,0.02614450454711914,79
128,30,0.02599954605102539,79
129,37,0.025999784469604492,79
130,13,0.021001338958740234,79
131,69,0.02300405502319336,79
132,20,0.024006128311157227,79
133,43,0.020999431610107422,79
134,74,0.02199411392211914,79
135,38,0.02002739906311035,79
136,45,0.022571325302124023,79
137,29,0.021989107131958008,79
138,13,0.02202582359313965,79
139,47,0.024991512298583984,79
140,49,0.023006200790405273,79
141,59,0.022984981536865234,79
142,28,0.02102375030517578,79
143,38,0.01997542381286621,79
144,57,0.02001786231994629,79
145,46,0.022002696990966797,79
146,46,0.01899409294128418,79
147,100,0.024004459381103516,79
148,100,0.02500128746032715,79
149,24,0.021999597549438477,79
150,34,0.021998882293701172,79
151,52,0.021007061004638672,79
152,100,0.0219728946685791,79
153,14,0.024994611740112305,79
154,47,0.022029876708984375,79
155,13,0.021971464157104492,79
156,26,0.02403402328491211,79
157,81,0.02204728126525879,79
158,15,0.022975921630859375,79
159,40,0.020999670028686523,79
160,21,0.021988868713378906,79
161,58,0.025003433227539062,79
162,26,0.022022247314453125,79
163,27,0.021975994110107422,79
164,28,0.022993803024291992,79
165,36,0.02202582359313965,79
166,62,0.019972801208496094,79
167,33,0.02200007438659668,79
168,26,0.0260007381439209,79
169,59,0.026004552841186523,79
170,7,0.020036935806274414,79
171,26,0.024960041046142578,79
172,14,0.019976139068603516,79
173,24,0.0279998779296875,79
174,18,0.0220029354095459,79
175,41,0.02798008918762207,79
176,100,0.020982742309570312,79
177,35,0.019968509674072266,79
178,57,0.021004676818847656,79
179,22,0.025998592376708984,79
180,63,0.023020029067993164,79
181,23,0.019977092742919922,79
182,24,0.022022008895874023,79
183,85,0.022980928421020508,79
184,26,0.022022724151611328,79
185,69,0.019969701766967773,79
186,39,0.024004459381103516,79
187,35,0.02199840545654297,79
188,76,0.024000167846679688,79
189,82,0.021987438201904297,79
190,23,0.02202153205871582,79
191,59,0.02401423454284668,79
192,100,0.022964000701904297,79
193,25,0.019997119903564453,79
194,25,0.028002023696899414,79
195,27,0.025012731552124023,79
196,29,0.0210115909576416,79
197,13,0.021988630294799805,79
198,100,0.022000551223754883,79
199,23,0.02099776268005371,79
200,88,0.02200603485107422,79
201,48,0.02194809913635254,79
202,63,0.021001577377319336,79
203,15,0.02402043342590332,79
204,46,0.021981000900268555,79
205,22,0.02355217933654785,79
206,48,0.021009445190429688,79
207,74,0.02196669578552246,79
208,29,0.02196502685546875,79
209,27,0.02399420738220215,79
210,37,0.0250093936920166,79
211,63,0.02099132537841797,79
212,42,0.022999286651611328,79
213,27,0.020022869110107422,79
214,14,0.02198171615600586,79
215,100,0.022998332977294922,79
216,16,0.021039485931396484,79
217,56,0.022960424423217773,79
218,24,0.0240023136138916,79
219,53,0.0240023136138916,79
220,35,0.02897810935974121,79
221,34,0.020012617111206055,79
222,14,0.02599501609802246,79
223,25,0.022016525268554688,79
224,43,0.023983478546142578,79
225,26,0.021017074584960938,79
226,60,0.021007776260375977,79
227,71,0.021060943603515625,79
228,100,0.022011518478393555,79
229,31,0.024018287658691406,79
230,17,0.021001100540161133,79
231,29,0.02599930763244629,79
232,18,0.02100372314453125,79
233,68,0.02400040626525879,79
234,85,0.020000457763671875,79
235,54,0.01898193359375,79
236,57,0.023006439208984375,79
237,31,0.02098989486694336,79
238,16,0.022002458572387695,79
239,84,0.023523807525634766,79
240,13,0.020000219345092773,79
241,47,0.022998332977294922,79
242,39,0.023967742919921875,79
243,14,0.020995378494262695,79
244,99,0.025004863739013672,79
245,32,0.02500176429748535,79
246,7,0.02301168441772461,79
247,13,0.018985271453857422,79
248,21,0.019004344940185547,79
249,31,0.0230100154876709,79
250,8,0.023002147674560547,79
251,8,0.021994352340698242,79
252,36,0.020026683807373047,79
253,60,0.020990848541259766,79
254,81,0.021985530853271484,79
255,91,0.02097320556640625,79
256,31,0.0260009765625,79
257,20,0.019005775451660156,79
258,33,0.02599644660949707,79
259,11,0.020996809005737305,79
260,66,0.02102184295654297,79
261,13,0.022977113723754883,79
262,62,0.02201080322265625,79
263,14,0.028895854949951172,79
264,100,0.020020723342895508,79
265,39,0.022966861724853516,79
266,42,0.022998571395874023,79
267,11,0.02200031280517578,79
268,27,0.02499866485595703,79
269,100,0.022001981735229492,79
270,15,0.019995689392089844,79
271,29,0.023020505905151367,79
272,84,0.021008014678955078,79
273,23,0.021013975143432617,79
274,22,0.025008678436279297,79
275,49,0.01999211311340332,79
276,75,0.022965192794799805,79
277,100,0.023003816604614258,79
278,100,0.022001266479492188,79
279,100,0.023005008697509766,79
280,42,0.020984411239624023,79
281,26,0.02200794219970703,79
282,22,0.024991750717163086,79
283,30,0.022016048431396484,79
284,35,0.024988651275634766,79
285,100,0.023024797439575195,79
286,73,0.023978233337402344,79
287,51,0.022009611129760742,79
288,33,0.021981477737426758,79
289,25,0.022986173629760742,79
290,39,0.020995140075683594,79
291,49,0.023005962371826172,79
292,12,0.023999452590942383,79
293,15,0.02202010154724121,79
294,24,0.02197718620300293,79
295,20,0.020995378494262695,79
296,30,0.023000717163085938,79
297,44,0.023000717163085938,79
298,95,0.02403116226196289,79
299,100,0.023967504501342773,79
300,28,0.023997783660888672,79
301,8,0.0260012149810791,79
302,12,0.02202463150024414,79
303,26,0.02597832679748535,79
304,56,0.019989013671875,79
305,28,0.026997089385986328,79
306,8,0.022999048233032227,79
307,47,0.024005413055419922,79
308,96,0.022997140884399414,79
309,49,0.023001670837402344,79
310,100,0.023998022079467773,79
311,27,0.019041061401367188,79
312,96,0.023993253707885742,79
313,45,0.025000810623168945,79
314,13,0.019997596740722656,79
315,86,0.025031089782714844,79
316,45,0.019968032836914062,79
317,25,0.02500128746032715,79
318,69,0.022001266479492188,79
319,51,0.022002696990966797,79
320,21,0.02400970458984375,79
321,17,0.02100682258605957,79
322,71,0.02198195457458496,79
323,100,0.024003267288208008,79
324,22,0.02297687530517578,79
325,41,0.023983478546142578,79
326,37,0.023013830184936523,79
327,17,0.022010326385498047,79
328,29,0.022037506103515625,79
329,74,0.02195572853088379,79
330,46,0.02400040626525879,79
331,100,0.026995420455932617,79
332,100,0.027001142501831055,79
333,37,0.021024703979492188,79
334,11,0.025995492935180664,79
335,61,0.0350041389465332,79
336,83,0.030997276306152344,79
337,35,0.025000572204589844,79
338,37,0.0260162353515625,79
339,20,0.020987510681152344,79
340,44,0.0249936580657959,79
341,37,0.0220029354095459,79
342,31,0.024998188018798828,79
343,23,0.02004528045654297,79
344,25,0.021969318389892578,79
345,6,0.026998043060302734,79
346,29,0.019986391067504883,79
347,25,0.02703571319580078,79
348,23,0.03996682167053223,79
349,27,0.02499699592590332,79
350,80,0.024997711181640625,79
351,72,0.022002220153808594,79
352,18,0.0220184326171875,79
353,10,0.020979642868041992,79
354,72,0.0240020751953125,79
355,20,0.01999664306640625,79
356,54,0.02046036720275879,79
357,31,0.023354768753051758,79
358,63,0.02299332618713379,79
359,38,0.02701735496520996,79
360,68,0.022005796432495117,79
361,60,0.020995378494262695,79
362,23,0.022026777267456055,79
363,28,0.021967411041259766,79
364,69,0.02300286293029785,79
365,44,0.022002696990966797,79
366,91,0.021997451782226562,79
367,72,0.02203202247619629,79
368,44,0.02200174331665039,79
369,25,0.023001670837402344,79
370,20,0.022996902465820312,79
371,57,0.02300238609313965,79
372,16,0.02399611473083496,79
373,34,0.02099895477294922,79
374,10,0.021000385284423828,79
375,43,0.021003007888793945,79
376,24,0.024005413055419922,79
377,13,0.02097797393798828,79
378,69,0.02501654624938965,79
379,36,0.022000789642333984,79
380,15,0.022000789642333984,79
381,54,0.022014856338500977,79
382,55,0.022981643676757812,79
383,66,0.022004365921020508,79
384,64,0.025008201599121094,79
385,39,0.01999807357788086,79
386,45,0.02200460433959961,79
387,49,0.024997949600219727,79
388,28,0.026000022888183594,79
389,25,0.02299809455871582,79
390,87,0.02298140525817871,79
391,53,0.020999908447265625,79
392,11,0.022995710372924805,79
393,54,0.02400493621826172,79
394,60,0.021996021270751953,79
395,15,0.020021677017211914,79
396,100,0.020981550216674805,79
397,29,0.026010513305664062,79
398,17,0.020986557006835938,79
399,100,0.02099752426147461,79
400,64,0.019001007080078125,79
401,21,0.024004459381103516,79
402,63,0.022997617721557617,79
403,35,0.021001815795898438,79
404,63,0.023024559020996094,79
405,22,0.021985530853271484,79
406,17,0.020972728729248047,79
407,15,0.026033878326416016,79
408,31,0.020966053009033203,79
409,69,0.0200347900390625,79
410,45,0.022992372512817383,79
411,10,0.022006750106811523,79
412,100,0.024997234344482422,79
413,20,0.020017385482788086,79
414,75,0.020976543426513672,79
415,99,0.02000570297241211,79
416,15,0.024021387100219727,79
417,62,0.025978565216064453,79
418,84,0.023028850555419922,79
419,62,0.021965742111206055,79
420,17,0.023002147674560547,79
421,31,0.020035505294799805,79
422,22,0.019978046417236328,79
423,31,0.020983457565307617,79
424,34,0.02301812171936035,79
425,67,0.022002458572387695,79
426,53,0.022974729537963867,79
427,58,0.020997285842895508,79
428,28,0.02099919319152832,79
429,21,0.02402639389038086,79
430,43,0.021001577377319336,79
431,61,0.021013736724853516,79
432,43,0.023000001907348633,79
433,17,0.025769472122192383,79
434,20,0.023624658584594727,79
435,39,0.028519630432128906,79
436,15,0.023997068405151367,79
437,90,0.021999120712280273,79
438,100,0.018999576568603516,79
439,11,0.022005319595336914,79
440,73,0.019994497299194336,79
441,23,0.02300238609313965,79
442,10,0.022032499313354492,79
443,100,0.021969318389892578,79
444,12,0.026002883911132812,79
445,40,0.023996353149414062,79
446,68,0.025013446807861328,79
447,21,0.023001909255981445,79
448,33,0.021996259689331055,79
449,38,0.021005868911743164,79
450,88,0.022996902465820312,79
451,40,0.022991418838500977,79
452,13,0.025001049041748047,79
453,44,0.02001500129699707,79
454,18,0.02598261833190918,79
455,45,0.020997047424316406,79
456,54,0.021005868911743164,79
457,31,0.02397298812866211,79
458,8,0.02101874351501465,79
459,13,0.020978212356567383,79
460,20,0.024560928344726562,79
461,20,0.020997047424316406,79
462,27,0.02100229263305664,79
463,21,0.02199697494506836,79
464,30,0.02099752426147461,79
465,78,0.021000146865844727,79
466,35,0.024001598358154297,79
467,8,0.024997711181640625,79
468,21,0.022001981735229492,79
469,30,0.023023128509521484,79
470,19,0.02099919319152832,79
471,10,0.024001121520996094,79
472,16,0.02399897575378418,79
473,40,0.026029348373413086,79
474,9,0.021001815795898438,79
475,44,0.02100229263305664,79
476,80,0.025004148483276367,79
477,99,0.01999974250793457,79
478,12,0.023001432418823242,79
479,16,0.02201700210571289,79
480,33,0.02398085594177246,79
481,28,0.024033069610595703,79
482,88,0.023001909255981445,79
483,37,0.021996498107910156,79
484,17,0.023003101348876953,79
485,14,0.01900792121887207,79
486,67,0.019995927810668945,79
487,44,0.022011280059814453,79
488,32,0.01997518539428711,79
489,23,0.020029544830322266,79
490,30,0.01999521255493164,79
491,21,0.024997711181640625,79
492,50,0.0240020751953125,79
493,47,0.02099323272705078,79
494,13,0.021002769470214844,79
495,80,0.01999664306640625,79
496,76,0.022000789642333984,79
497,14,0.019004344940185547,79
498,29,0.02100062370300293,79
499,27,0.02001214027404785,79
500,17,0.022980451583862305,79
501,33,0.021001100540161133,79
502,40,0.022009849548339844,79
503,42,0.023990631103515625,79
504,39,0.022993803024291992,79
505,20,0.025997638702392578,79
506,52,0.022024154663085938,79
507,26,0.022013187408447266,79
508,52,0.02197885513305664,79
509,76,0.02300405502319336,79
510,20,0.023030519485473633,79
511,100,0.023050785064697266,79
512,38,0.02300572395324707,79
513,69,0.026993751525878906,79
514,12,0.03699493408203125,79
515,35,0.02500295639038086,79
516,27,0.02199411392211914,79
517,47,0.024004697799682617,79
518,85,0.021999597549438477,79
519,100,0.02599644660949707,79
520,42,0.02600407600402832,79
521,24,0.020964622497558594,79
522,28,0.02102351188659668,79
523,53,0.022005319595336914,79
524,44,0.024025678634643555,79
525,20,0.021973609924316406,79
526,38,0.02300286293029785,79
527,72,0.02197861671447754,79
528,53,0.024006366729736328,79
529,88,0.025011539459228516,79
530,100,0.018993616104125977,79
531,17,0.02403092384338379,79
532,51,0.021996498107910156,79
533,23,0.02500176429748535,79
534,10,0.02101922035217285,79
535,91,0.02098703384399414,79
536,35,0.025996923446655273,79
537,29,0.021996259689331055,79
538,9,0.022997140884399414,79
539,73,0.02101755142211914,79
540,100,0.019971847534179688,79
541,13,0.022979259490966797,79
542,71,0.02100062370300293,79
543,36,0.02500009536743164,79
544,29,0.021998167037963867,79
545,30,0.023996591567993164,79
546,71,0.025000810623168945,79
547,58,0.02501964569091797,79
548,27,0.023977994918823242,79
549,12,0.019989490509033203,79
550,15,0.020999431610107422,79
551,60,0.023000478744506836,79
552,44,0.01899576187133789,79
553,14,0.02102494239807129,79
554,41,0.025979280471801758,79
555,14,0.02400064468383789,79
556,26,0.025007963180541992,79
557,17,0.027997255325317383,79
558,27,0.021999597549438477,79
559,42,0.024020910263061523,79
560,10,0.026979684829711914,79
561,30,0.02299952507019043,79
562,44,0.026995420455932617,79
563,17,0.02000141143798828,79
564,34,0.021002769470214844,79
565,22,0.022967100143432617,79
566,38,0.022517919540405273,79
567,23,0.023526668548583984,79
568,35,0.021511316299438477,79
569,100,0.020000457763671875,79
570,89,0.023001670837402344,79
571,47,0.0220029354095459,79
572,76,0.023999691009521484,79
573,61,0.020996570587158203,79
574,13,0.021000146865844727,79
575,63,0.02300119400024414,79
576,76,0.02299976348876953,79
577,43,0.024528026580810547,79
578,57,0.02499866485595703,79
579,20,0.021068334579467773,79
580,36,0.023936748504638672,79
581,26,0.024998188018798828,79
582,13,0.023999452590942383,79
583,74,0.023006916046142578,79
584,22,0.023998737335205078,79
585,93,0.02100086212158203,79
586,13,0.022001266479492188,79
587,11,0.023999929428100586,79
588,17,0.020998716354370117,79
589,19,0.023003339767456055,79
590,11,0.022034883499145508,79
591,95,0.021959304809570312,79
592,95,0.023003339767456055,79
593,13,0.02400970458984375,79
594,100,0.022985219955444336,79
595,34,0.022999286651611328,79
596,25,0.022999048233032227,79
597,100,0.0189974308013916,79
598,11,0.021044254302978516,79
599,25,0.021953344345092773,79
600,26,0.021021604537963867,79
601,12,0.022978782653808594,79
602,14,0.021019697189331055,79
603,23,0.02198004722595215,79
604,59,0.023028850555419922,79
605,24,0.019989013671875,79
606,61,0.025999784469604492,79
607,58,0.021997690200805664,79
608,14,0.02200031280517578,79
609,16,0.025995969772338867,79
610,41,0.021002531051635742,79
611,18,0.02103567123413086,79
612,8,0.02399754524230957,79
613,33,0.020999431610107422,79
614,57,0.019011974334716797,79
615,37,0.01999044418334961,79
616,100,0.02200627326965332,79
617,15,0.020992040634155273,79
618,100,0.025995731353759766,79
619,83,0.020017623901367188,79
620,25,0.0219879150390625,79
621,26,0.02001333236694336,79
622,77,0.02298450469970703,79
623,11,0.02100062370300293,79
624,13,0.02199697494506836,79
625,97,0.02300238609313965,79
626,58,0.0209958553314209,79
627,43,0.023999929428100586,79
628,57,0.021504878997802734,79
629,21,0.023953914642333984,79
630,48,0.022004127502441406,79
631,8,0.02001500129699707,79
632,84,0.0240170955657959,79
633,29,0.020966291427612305,79
634,39,0.02199697494506836,79
635,75,0.022001028060913086,79
636,41,0.020990371704101562,79
637,100,0.0205690860748291,79
638,55,0.023000240325927734,79
639,9,0.021989107131958008,79
640,8,0.02500152587890625,79
641,27,0.024028778076171875,79
642,17,0.019993305206298828,79
643,32,0.019989013671875,79
644,100,0.022993087768554688,79
645,84,0.01999950408935547,79
646,60,0.021997690200805664,79
647,29,0.02101302146911621,79
648,54,0.020987749099731445,79
649,19,0.02199101448059082,79
650,100,0.02601456642150879,79
651,48,0.02201986312866211,79
652,9,0.021979093551635742,79
653,100,0.020996570587158203,79
654,55,0.020003080368041992,79
655,35,0.020003557205200195,79
656,21,0.02599191665649414,79
657,100,0.018999576568603516,79
658,14,0.02602529525756836,79
659,45,0.020975589752197266,79
660,75,0.0210111141204834,79
661,26,0.024521350860595703,79
662,23,0.0235135555267334,79
663,27,0.026996135711669922,79
664,18,0.021001815795898438,79
665,62,0.02102971076965332,79
666,40,0.02797079086303711,79
667,16,0.02199411392211914,79
668,100,0.02300715446472168,79
669,40,0.022003889083862305,79
670,19,0.01997065544128418,79
671,100,0.024006366729736328,79
672,29,0.021007299423217773,79
673,23,0.01999497413635254,79
674,100,0.02602982521057129,79
675,49,0.023997068405151367,79
676,65,0.022001266479492188,79
677,37,0.019991159439086914,79
678,85,0.020009756088256836,79
679,49,0.02299785614013672,79
680,30,0.02200007438659668,79
681,99,0.021010398864746094,79
682,21,0.02296161651611328,79
683,27,0.019005298614501953,79
684,36,0.021979808807373047,79
685,54,0.023005008697509766,79
686,19,0.02199578285217285,79
687,98,0.01999974250793457,79
688,28,0.026028871536254883,79
689,32,0.02199578285217285,79
690,30,0.024003982543945312,79
691,37,0.02299785614013672,79
692,21,0.018999576568603516,79
693,62,0.025002241134643555,79
694,20,0.020998001098632812,79
695,14,0.020999908447265625,79
696,26,0.023996591567993164,79
697,58,0.020999431610107422,79
698,31,0.022086143493652344,79
699,11,0.021942615509033203,79
700,85,0.023000240325927734,79
701,67,0.02301192283630371,79
702,42,0.020999908447265625,79
703,16,0.02199840545654297,79
704,55,0.02800154685974121,79
705,100,0.019998550415039062,79
706,40,0.023001909255981445,79
707,23,0.018998146057128906,79
708,30,0.024004459381103516,79
709,16,0.022005081176757812,79
710,100,0.020018339157104492,79
711,44,0.021999359130859375,79
712,83,0.02300262451171875,79
713,26,0.025997161865234375,79
714,62,0.021997928619384766,79
715,59,0.022007226943969727,79
716,12,0.023995161056518555,79
717,31,0.026028156280517578,79
718,41,0.0219728946685791,79
719,21,0.020996809005737305,79
720,19,0.021017074584960938,79
721,93,0.0209810733795166,79
722,14,0.026000499725341797,79
723,100,0.020999431610107422,79
724,15,0.023003578186035156,79
725,13,0.02198195457458496,79
726,58,0.023001432418823242,79
727,9,0.02500176429748535,79
728,21,0.02001786231994629,79
729,60,0.024987220764160156,79
730,32,0.026001453399658203,79
731,46,0.019995450973510742,79
732,57,0.021998167037963867,79
733,31,0.020998001098632812,79
734,100,0.021006345748901367,79
735,26,0.020000934600830078,79
736,100,0.0240018367767334,79
737,82,0.02298760414123535,79
738,82,0.02398848533630371,79
739,19,0.020985126495361328,79
740,36,0.023001670837402344,79
741,31,0.020987272262573242,79
742,22,0.02200174331665039,79
743,46,0.021002531051635742,79
744,52,0.023003339767456055,79
745,18,0.020028114318847656,79
746,21,0.021000146865844727,79
747,19,0.024109840393066406,79
748,48,0.02399730682373047,79
749,100,0.023004770278930664,79
750,13,0.021023273468017578,79
751,34,0.022979736328125,79
752,34,0.023003339767456055,79
753,16,0.020996570587158203,79
754,61,0.020994186401367188,79
755,43,0.02398514747619629,79
756,72,0.02306342124938965,79
757,63,0.024978160858154297,79
758,30,0.024000167846679688,79
759,26,0.025005578994750977,79
760,22,0.02099466323852539,79
761,20,0.0229794979095459,79
762,52,0.02299976348876953,79
763,15,0.02401566505432129,79
764,34,0.020982742309570312,79
765,32,0.01901388168334961,79
766,14,0.019983530044555664,79
767,20,0.019023656845092773,79
768,100,0.021979331970214844,79
769,13,0.020997047424316406,79
770,9,0.019999265670776367,79
771,100,0.02300429344177246,79
772,21,0.02200460433959961,79
773,30,0.020998716354370117,79
774,16,0.023998737335205078,79
775,100,0.023001432418823242,79
776,26,0.024997711181640625,79
777,59,0.021030426025390625,79
778,71,0.0239717960357666,79
779,11,0.026002168655395508,79
780,67,0.020994901657104492,79
781,100,0.02500438690185547,79
782,100,0.023980140686035156,79
783,27,0.027001619338989258,79
784,51,0.021028995513916016,79
785,84,0.02097797393798828,79
786,78,0.02100658416748047,79
787,73,0.023001670837402344,79
788,30,0.021004915237426758,79
789,95,0.023021697998046875,79
790,21,0.019994020462036133,79
791,50,0.021006345748901367,79
792,44,0.022025585174560547,79
793,52,0.022972583770751953,79
794,21,0.0209958553314209,79
795,31,0.021997928619384766,79
796,10,0.02099442481994629,79
797,42,0.021030902862548828,79
798,25,0.021980762481689453,79
799,100,0.023990154266357422,79
800,22,0.02799701690673828,79
801,42,0.020003795623779297,79
802,59,0.024982213973999023,79
803,14,0.021005630493164062,79
804,58,0.025995731353759766,79
805,17,0.02000141143798828,79
806,11,0.025525808334350586,79
807,84,0.02401900291442871,79
808,9,0.02199578285217285,79
809,9,0.026029586791992188,79
810,34,0.021969318389892578,79
811,32,0.028002500534057617,79
812,50,0.0210268497467041,79
813,79,0.019994735717773438,79
814,96,0.02399921417236328,79
815,26,0.019995927810668945,79
816,6,0.02353954315185547,79
817,39,0.019989728927612305,79
818,48,0.021984338760375977,79
819,53,0.022034883499145508,79
820,21,0.019953489303588867,79
821,76,0.02402210235595703,79
822,35,0.02197742462158203,79
823,21,0.022980928421020508,79
824,9,0.02699732780456543,79
825,46,0.021002769470214844,79
826,37,0.02399730682373047,79
827,100,0.02500176429748535,79
828,38,0.021026134490966797,79
829,9,0.022975683212280273,79
830,60,0.022997140884399414,79
831,19,0.023019075393676758,79
832,15,0.021975994110107422,79
833,26,0.02099752426147461,79
834,17,0.022025346755981445,79
835,12,0.023974895477294922,79
836,29,0.025000810623168945,79
837,52,0.021988868713378906,79
838,72,0.025018930435180664,79
839,17,0.023988008499145508,79
840,45,0.024001121520996094,79
841,23,0.01999521255493164,79
842,58,0.024003982543945312,79
843,100,0.02196526527404785,79
844,65,0.022002220153808594,79
845,21,0.022017717361450195,79
846,46,0.01999807357788086,79
847,32,0.025979995727539062,79
848,44,0.01997852325439453,79
849,30,0.02399897575378418,79
850,12,0.022002696990966797,79
851,100,0.022995471954345703,79
852,40,0.020007848739624023,79
853,16,0.025001049041748047,79
854,34,0.021013259887695312,79
855,100,0.0229799747467041,79
856,61,0.021004438400268555,79
857,27,0.020999670028686523,79
858,55,0.023016691207885742,79
859,22,0.021012067794799805,79
860,27,0.022004365921020508,79
861,86,0.023987293243408203,79
862,16,0.022997140884399414,79
863,16,0.02300238609313965,79
864,63,0.022997617721557617,79
865,26,0.02500009536743164,79
866,16,0.02300119400024414,79
867,55,0.027002334594726562,79
868,68,0.024996042251586914,79
869,35,0.023026466369628906,79
870,13,0.021973371505737305,79
871,23,0.024019718170166016,79
872,16,0.023987293243408203,79
873,17,0.02199721336364746,79
874,100,0.020987749099731445,79
875,17,0.021032094955444336,79
876,22,0.019971847534179688,79
877,77,0.020992755889892578,79
878,15,0.022036314010620117,79
879,18,0.02147817611694336,79
880,27,0.027001142501831055,79
881,20,0.020993709564208984,79
882,49,0.022006511688232422,79
883,30,0.02199268341064453,79
884,32,0.02402186393737793,79
885,10,0.020976543426513672,79
886,29,0.023021697998046875,79
887,47,0.02000117301940918,79
888,8,0.019999027252197266,79
889,48,0.024999380111694336,79
890,33,0.022005319595336914,79
891,7,0.01999521255493164,79
892,24,0.023002147674560547,79
893,72,0.02155470848083496,79
894,40,0.02301025390625,79
895,52,0.024970531463623047,79
896,32,0.021000385284423828,79
897,55,0.020003557205200195,79
898,30,0.022992849349975586,79
899,30,0.021032094955444336,79
900,62,0.019989490509033203,79
901,15,0.023029804229736328,79
902,38,0.020014286041259766,79
903,26,0.019969940185546875,79
904,70,0.023004770278930664,79
905,33,0.020995378494262695,79
906,51,0.02599930763244629,79
907,55,0.02202296257019043,79
908,11,0.020000219345092773,79
909,27,0.02206873893737793,79
910,23,0.019997119903564453,79
911,28,0.020995140075683594,79
912,38,0.025001049041748047,79
913,13,0.023000240325927734,79
914,36,0.021023273468017578,79
915,17,0.022000789642333984,79
916,61,0.022998809814453125,79
917,100,0.02100086212158203,79
918,29,0.023995637893676758,79
919,13,0.01901531219482422,79
920,89,0.021004915237426758,79
921,17,0.021000146865844727,79
922,51,0.02300095558166504,79
923,54,0.020995378494262695,79
924,24,0.020013809204101562,79
925,46,0.024006366729736328,79
926,26,0.019995689392089844,79
927,9,0.021001577377319336,79
928,25,0.022029399871826172,79
929,16,0.020985126495361328,79
930,17,0.02100658416748047,79
931,13,0.020975351333618164,79
932,15,0.020998001098632812,79
933,100,0.020022869110107422,79
934,100,0.01997232437133789,79
935,25,0.029004335403442383,79
936,20,0.023010969161987305,79
937,42,0.022985219955444336,79
938,16,0.021017074584960938,79
939,23,0.02097320556640625,79
940,32,0.021004676818847656,79
941,36,0.020975351333618164,79
942,28,0.020000457763671875,79
943,39,0.02300286293029785,79
944,48,0.024997711181640625,79
945,64,0.02700209617614746,79
946,21,0.022030353546142578,79
947,49,0.02197122573852539,79
948,17,0.021996498107910156,79
949,34,0.022994279861450195,79
950,17,0.020005464553833008,79
951,52,0.0209963321685791,79
952,22,0.02499842643737793,79
953,28,0.023999691009521484,79
954,100,0.022996902465820312,79
955,64,0.020031213760375977,79
956,27,0.029999494552612305,79
957,67,0.023996829986572266,79
958,24,0.020999908447265625,79
959,34,0.021004199981689453,79
960,75,0.02299952507019043,79
961,47,0.024033069610595703,79
962,12,0.019994497299194336,79
963,51,0.023995637893676758,79
964,31,0.019999265670776367,79
965,74,0.01900315284729004,79
966,19,0.02497696876525879,79
967,83,0.02100539207458496,79
968,11,0.020003080368041992,79
969,19,0.024973154067993164,79
970,100,0.02200603485107422,79
971,83,0.026000499725341797,79
972,20,0.01899552345275879,79
973,39,0.027979612350463867,79
974,23,0.022029638290405273,79
975,19,0.021047353744506836,79
976,28,0.023941516876220703,79
977,98,0.02100062370300293,79
978,32,0.020006895065307617,79
979,49,0.022976398468017578,79
980,57,0.022999048233032227,79
981,82,0.022035837173461914,79
982,30,0.02619147300720215,79
983,21,0.020908832550048828,79
984,28,0.02399611473083496,79
985,100,0.019001483917236328,79
986,35,0.02306199073791504,79
987,34,0.023939132690429688,79
988,20,0.023000240325927734,79
989,53,0.020017385482788086,79
990,36,0.022982358932495117,79
991,7,0.021035194396972656,79
992,28,0.021991968154907227,79
993,41,0.023969411849975586,79
994,11,0.0200042724609375,79
995,9,0.020995140075683594,79
996,99,0.020992755889892578,79
997,52,0.02298283576965332,79
998,24,0.02200007438659668,79
999,53,0.023996353149414062,79
